0 0.677337 0.592923 0.0295931 0.124901 1
0 0.642811 0.510523 0.0291644 0.112886 2
0 0.264256 0.593279 0.0452473 0.138797 3
0 0.337744 0.621588 0.0387402 0.134882 4
0 0.143174 0.721869 0.0444688 0.155235 5
0 0.165401 0.622861 0.0468012 0.0844611 6
0 0.479093 0.473356 0.0214127 0.113192 7
0 0.51893 0.441975 0.0257696 0.108141 8
0 0.557756 0.523727 0.0236545 0.1104 9
0 0.41523 0.922616 0.0553445 0.153566 10
0 0.0147056 0.42545 0.0289421 0.106764 11
0 0.454782 0.508899 0.0254056 0.120263 12
0 0.191894 0.453023 0.028527 0.0825289 13
0 0.230944 0.59553 0.0295787 0.130457 14
0 0.304995 0.361324 0.0224551 0.0886397 15
0 0.290245 0.806024 0.0515582 0.130701 16
0 0.530949 0.476776 0.0254741 0.106876 17
0 0.142609 0.246604 0.0130728 0.0526232 18
0 0.131253 0.164922 0.0124436 0.0593872 19
0 0.343833 0.360561 0.0260708 0.0831966 20
0 0.0827652 0.177739 0.0149189 0.0541879 21
0 0.587387 0.305762 0.0152008 0.08394 22
0 0.0513322 0.486353 0.0360765 0.0848048 23
2 0.227938 0.709988 0.0687208 0.124856 24
0 0.351699 0.268241 0.0128284 0.0661438 25
0 0.110812 0.518675 0.0394982 0.0663264 26
0 0.294403 0.301581 0.0153894 0.053091 27
0 0.334843 0.809447 0.0441001 0.114234 28
1 0.222561 0.442688 0.0272518 0.0618738 29
0 0.0538 0.169948 0.0129728 0.0526944 30
0 0.103978 0.112347 0.0142679 0.0607468 31
0 0.313435 0.361794 0.0227166 0.0887557 32
2 0.0395422 0.613023 0.0639623 0.0937751 33
0 0.224439 0.442679 0.0248063 0.0621433 34
1 0.196345 0.453932 0.0320939 0.0760954 35
0 0.488026 0.365557 0.0227089 0.0646496 36
