0 0.571034 0.513934 0.0331637 0.109484 1
0 0.344806 0.699038 0.0390517 0.142981 2
0 0.182623 0.698061 0.0386762 0.15153 3
0 0.0588054 0.555826 0.0249173 0.0941645 4
0 0.0235103 0.449674 0.0250637 0.0740851 5
0 0.204456 0.825308 0.0536275 0.142915 6
0 0.232465 0.680029 0.0415717 0.145723 7
0 0.405776 0.532359 0.0330465 0.140905 8
0 0.446593 0.515965 0.0283163 0.110003 9
0 0.379197 0.901165 0.0598962 0.114428 10
0 0.475729 0.539082 0.025287 0.121447 11
0 0.532008 0.897503 0.050256 0.166817 12
0 0.170471 0.420326 0.0315787 0.10118 13
0 0.520896 0.510017 0.0265245 0.109907 14
0 0.321294 0.90899 0.0483614 0.124013 15
0 0.104219 0.75785 0.055596 0.108393 16
0 0.366253 0.389725 0.019337 0.066284 17
0 0.381376 0.382558 0.0194381 0.0692596 18
0 0.241058 0.331963 0.0159621 0.0517817 19
0 0.0979679 0.526696 0.0320333 0.0722764 20
0 0.181623 0.304765 0.0149458 0.0678708 21
0 0.504792 0.956331 0.0534442 0.0854516 22
0 0.463443 0.463852 0.0239152 0.101815 23
0 0.450737 0.299206 0.0117491 0.0529583 24
0 0.572122 0.241617 0.0121433 0.0373138 25
0 0.210641 0.393963 0.0294955 0.0630559 26
0 0.206276 0.419856 0.0225888 0.089249 27
0 0.187717 0.30774 0.0202882 0.0632508 28
0 0.268419 0.285201 0.0135293 0.0574857 29
0 0.524654 0.436358 0.0275171 0.106694 30
0 0.180646 0.416906 0.0294957 0.100127 31
0 0.556906 0.960861 0.0308971 0.0782783 32
