0 0.583316 0.592171 0.0427255 0.126737 1
0 0.234403 0.628387 0.0397348 0.138601 2
0 0.118931 0.684186 0.0535937 0.0897535 3
0 0.531133 0.535676 0.0265816 0.119333 4
0 0.188743 0.638778 0.0376573 0.134052 5
0 0.139784 0.918649 0.0536042 0.161089 6
0 0.404901 0.501989 0.026372 0.117234 7
0 0.305041 0.629729 0.0471104 0.144651 8
0 0.453395 0.929433 0.0484261 0.139559 9
0 0.459346 0.652694 0.0452381 0.14445 10
0 0.505208 0.441206 0.0310657 0.108673 11
0 0.47444 0.592008 0.0391872 0.114718 12
0 0.294786 0.843497 0.0569792 0.135875 13
0 0.325075 0.728313 0.0474994 0.127775 14
0 0.0987751 0.500425 0.0234577 0.0995521 15
0 0.0088689 0.30302 0.0174344 0.0567938 16
0 0.246331 0.425785 0.0144621 0.0582755 17
0 0.376842 0.496575 0.0242306 0.109657 18
0 0.199002 0.739168 0.0472161 0.103392 19
0 0.493325 0.294997 0.0151289 0.068271 20
0 0.260715 0.367272 0.0164544 0.0599939 21
0 0.214934 0.38819 0.020978 0.0923963 22
0 0.326951 0.842699 0.0875072 0.143903 23
0 0.569003 0.375244 0.0191582 0.0519028 24
0 0.0295748 0.577121 0.0385178 0.0728395 25
0 0.420173 0.364756 0.0234433 0.0682292 26
1 0.138961 0.48108 0.0269526 0.0632198 27
0 0.138635 0.479498 0.0276155 0.0603335 28
0 0.0110294 0.586854 0.0220588 0.0578817 29
0 0.243329 0.282282 0.0130467 0.0627422 30
0 0.100635 0.470882 0.0232187 0.0962585 31
