0 0.700639 0.629205 0.038162 0.129713 1
0 0.519401 0.452997 0.0290934 0.111639 2
0 0.337867 0.614006 0.0370765 0.133146 3
0 0.020751 0.723055 0.0415021 0.126283 4
0 0.465177 0.528028 0.0352131 0.195196 5
0 0.30283 0.370205 0.0187411 0.085729 6
0 0.0384298 0.417554 0.0281515 0.101531 7
0 0.707497 0.491951 0.0236192 0.0993424 8
0 0.550702 0.556231 0.0249929 0.118408 9
0 0.358273 0.919522 0.0518986 0.156727 10
0 0.254162 0.590811 0.038798 0.140579 11
0 0.161793 0.613611 0.0411719 0.0848038 12
0 0.5598 0.44128 0.024899 0.112477 13
0 0.221318 0.595749 0.0345063 0.138666 14
0 0.197397 0.44302 0.0238335 0.0782196 15
0 0.569323 0.457844 0.0463112 0.144036 16
0 0.00897827 0.441486 0.0178773 0.08865 17
0 0.592296 0.473022 0.0274763 0.117333 18
0 0.127443 0.17554 0.0132374 0.0507919 19
0 0.656849 0.398955 0.0230227 0.0549812 20
0 0.504329 0.365994 0.0232191 0.0781181 21
0 0.0717451 0.472432 0.0273557 0.0748683 22
0 0.562751 0.3414 0.0188966 0.0491036 23
0 0.0700715 0.495196 0.0410002 0.120292 24
0 0.126167 0.510035 0.0258914 0.0687487 25
0 0.299287 0.799699 0.045928 0.0998098 26
0 0.149669 0.166177 0.0124954 0.0582 27
0 0.17936 0.170523 0.0121847 0.0464988 28
1 0.263731 0.789093 0.0503342 0.11108 29
0 0.461091 0.481044 0.0267463 0.104161 30
2 0.212953 0.701509 0.0711761 0.119413 31
0 0.481557 0.334856 0.0170724 0.0600331 32
1 0.355674 0.343953 0.0337211 0.113781 33
0 0.354399 0.342767 0.037457 0.103738 34
0 0.145671 0.116596 0.0113901 0.0508702 35
1 0.234904 0.441651 0.0239515 0.0618896 36
0 0.336604 0.342795 0.0191791 0.0649095 37
0 0.603736 0.295146 0.0123686 0.0454428 38
0 0.241425 0.263295 0.0129781 0.0413888 39
0 0.0511415 0.595036 0.0463226 0.0871029 40
0 0.484732 0.358707 0.0186955 0.0913558 41
