0 0.68529 0.672053 0.0320816 0.133898 1
0 0.288173 0.600323 0.0364173 0.131317 2
0 0.328401 0.364988 0.0170865 0.080471 3
0 0.630846 0.489269 0.0258099 0.107281 4
0 0.568745 0.566662 0.0260259 0.110468 5
0 0.317014 0.938887 0.0354064 0.117933 6
0 0.734122 0.513298 0.0245546 0.116214 7
0 0.505106 0.480294 0.0302399 0.106704 8
0 0.47739 0.558409 0.0264591 0.105175 9
0 0.529342 0.376548 0.0194908 0.068437 10
0 0.0402636 0.339373 0.0202781 0.0691133 11
0 0.0794178 0.393501 0.0239866 0.0895119 12
0 0.184184 0.670159 0.0637997 0.112208 13
0 0.235146 0.57081 0.027609 0.127559 14
0 0.207139 0.561282 0.0264278 0.103901 15
0 0.152586 0.58382 0.0440615 0.080694 16
0 0.0686621 0.177367 0.0139934 0.0526487 17
0 0.0632853 0.230011 0.0181615 0.0606572 18
0 0.474294 0.46995 0.0210857 0.0967804 19
0 0.473098 0.642915 0.0335331 0.128595 20
0 0.213119 0.767443 0.0498198 0.116225 21
0 0.205322 0.385477 0.0204769 0.0664669 22
0 0.051665 0.409635 0.0221654 0.0652737 23
0 0.211497 0.190322 0.0139956 0.0733844 24
0 0.507496 0.37881 0.0176306 0.0630542 25
0 0.773795 0.288485 0.0145265 0.0464513 26
0 0.641905 0.313886 0.0142639 0.0627488 27
0 0.278271 0.24718 0.0124615 0.053254 28
1 0.211322 0.768261 0.0479873 0.114633 29
0 0.143624 0.484944 0.0223768 0.0583103 30
0 0.268177 0.164392 0.0129492 0.045997 31
1 0.188391 0.666426 0.0547714 0.112519 32
0 0.293205 0.13839 0.0112408 0.0374087 33
0 0.0928613 0.478391 0.0261247 0.0811403 34
0 0.307403 0.463383 0.0195614 0.0517135 35
0 0.567992 0.315682 0.0131531 0.0618639 36
0 0.417648 0.271283 0.0145414 0.0640725 37
0 0.227642 0.110793 0.0108171 0.0512939 38
0 0.0633088 0.569321 0.0297959 0.0680362 39
1 0.00839114 0.243786 0.0167823 0.0354834 40
0 0.237432 0.539256 0.0231639 0.0688543 41
0 0.103408 0.462716 0.0355528 0.102892 42
0 0.238132 0.779695 0.041899 0.0984277 43
0 0.24705 0.426898 0.0351377 0.055301 44
