0 0.541218 0.439062 0.0244335 0.113238 1
0 0.481584 0.560509 0.0332022 0.120273 2
0 0.538845 0.663214 0.0361201 0.14357 3
0 0.334481 0.520231 0.0283052 0.108448 4
0 0.260606 0.49883 0.0262613 0.121574 5
0 0.39395 0.316163 0.0171935 0.079345 6
0 0.0618787 0.423635 0.0241953 0.0782646 7
0 0.343765 0.176114 0.0104809 0.0406577 8
0 0.226923 0.467092 0.026096 0.109216 9
0 0.102828 0.723483 0.0565253 0.136253 10
0 0.460819 0.476401 0.0231448 0.106777 11
0 0.438901 0.489394 0.0245433 0.110175 12
0 0.0220825 0.316627 0.0260054 0.0796278 13
0 0.582423 0.358862 0.0213461 0.0734226 14
0 0.559144 0.360477 0.0214342 0.0704847 15
0 0.0670457 0.213344 0.0134466 0.0512294 16
0 0.293653 0.136474 0.0116244 0.0441034 17
0 0.155955 0.148159 0.0108807 0.0440181 18
0 0.116994 0.158424 0.0109263 0.0390816 19
0 0.41955 0.472123 0.0259037 0.104535 20
0 0.186908 0.261315 0.0154661 0.0560359 21
0 0.178382 0.136344 0.0101512 0.0466999 22
0 0.0991919 0.171446 0.011273 0.0441096 23
0 0.117791 0.71273 0.0347833 0.149742 24
0 0.172953 0.299706 0.0159023 0.0668184 25
0 0.441628 0.141056 0.0121549 0.0470529 26
0 0.0781641 0.204379 0.0131597 0.0456213 27
0 0.532487 0.249481 0.0168813 0.0653295 28
0 0.234525 0.0513897 0.00830573 0.0332452 29
0 0.190443 0.304711 0.0207859 0.070772 30
1 0.315695 0.370889 0.0300452 0.0739254 31
0 0.888022 0.52688 0.0207165 0.0745734 32
0 0.188957 0.0755171 0.00910787 0.0307769 33
0 0.113537 0.42991 0.0312444 0.071049 34
0 0.449675 0.291539 0.0189928 0.0878878 35
0 0.103471 0.144334 0.00917482 0.0401199 36
0 0.209138 0.465161 0.0233871 0.104657 37
0 0.43634 0.135446 0.0108199 0.0494679 38
0 0.144765 0.099502 0.00968447 0.0457694 39
0 0.176066 0.471308 0.0265517 0.0747068 40
0 0.142887 0.0893461 0.0093008 0.0339094 41
0 0.292174 0.318775 0.015623 0.0640283 42
0 0.443286 0.309179 0.0188602 0.0627592 43
0 0.664423 0.343723 0.0193609 0.0559373 44
0 0.204504 0.389568 0.0210318 0.0623742 45
1 0.175943 0.472379 0.0289792 0.0783024 46
0 0.414598 0.0910022 0.00949342 0.0475823 47
0 0.296599 0.030996 0.00878859 0.0326493 48
0 0.319063 0.380408 0.0286866 0.0875998 49
0 0.252033 0.0494025 0.00949165 0.0403705 50
1 0.173655 0.526598 0.0352566 0.0779314 51
