0 0.315425 0.615412 0.0332488 0.136649 1
0 0.523343 0.504373 0.0354178 0.115454 2
0 0.291542 0.817364 0.0541182 0.133692 3
0 0.650934 0.572729 0.0329378 0.123637 4
0 0.136183 0.479527 0.0226847 0.0900391 5
0 0.196994 0.933443 0.0493495 0.131063 6
0 0.428575 0.918652 0.049033 0.162695 7
0 0.385298 0.502978 0.0359564 0.123351 8
0 0.427201 0.490458 0.0250001 0.11535 9
0 0.0575027 0.271604 0.0184378 0.0552496 10
0 0.207 0.601539 0.0292317 0.116162 11
0 0.488691 0.43024 0.0302988 0.104701 12
0 0.249625 0.693991 0.0401863 0.161034 13
0 0.0401618 0.175165 0.0138262 0.0561965 14
0 0.252171 0.371618 0.0200042 0.0878958 15
0 0.138711 0.648094 0.0474669 0.091061 16
0 0.249092 0.597334 0.0345723 0.130376 17
0 0.493166 0.47552 0.0247609 0.120513 18
0 0.601328 0.375478 0.0197742 0.0555169 19
0 0.532349 0.286194 0.0163198 0.0576872 20
0 0.291801 0.378876 0.0194513 0.0851851 21
0 0.450926 0.923884 0.0579472 0.151989 22
0 0.198881 0.205718 0.013455 0.0598178 23
0 0.322066 0.821647 0.0852774 0.127641 24
1 0.0669297 0.542429 0.0358789 0.0689911 25
0 0.0161388 0.181836 0.0118258 0.05359 26
0 0.403493 0.270652 0.0125663 0.0532355 27
0 0.268575 0.352673 0.0201684 0.0504542 28
0 0.407997 0.270685 0.0138644 0.0526152 29
1 0.174628 0.457348 0.0277854 0.0602006 30
0 0.23615 0.303586 0.0198471 0.0490565 31
0 0.0123114 0.17168 0.0152751 0.064801 32
0 0.174979 0.457207 0.0282556 0.0621481 33
0 0.446851 0.353168 0.0167931 0.0706202 34
0 0.0160625 0.660125 0.0315819 0.0675849 35
0 0.0671721 0.54205 0.0358917 0.0667063 36
0 0.061708 0.146064 0.0114536 0.0475307 37
