0 0.479187 0.560663 0.0309848 0.116541 1
0 0.536086 0.660472 0.0311128 0.143054 2
0 0.539601 0.43861 0.0245886 0.11164 3
0 0.102784 0.729745 0.0541502 0.133232 4
0 0.336769 0.521452 0.0267595 0.116466 5
0 0.261338 0.499753 0.0265994 0.120725 6
0 0.0600062 0.425654 0.0253619 0.0778351 7
0 0.392333 0.315033 0.0158747 0.0788969 8
0 0.341429 0.176331 0.012069 0.0425193 9
0 0.227767 0.467983 0.0237057 0.108352 10
0 0.438828 0.492146 0.0238621 0.104535 11
0 0.459582 0.478272 0.0243403 0.109371 12
0 0.559136 0.361617 0.0185906 0.0664615 13
0 0.0158344 0.318271 0.0239917 0.0692923 14
0 0.18492 0.264657 0.0161007 0.0579881 15
0 0.581319 0.357524 0.0216324 0.0729575 16
0 0.0962415 0.169317 0.0116322 0.0468618 17
0 0.421291 0.472531 0.0241112 0.104483 18
0 0.152636 0.149651 0.0110867 0.0437823 19
0 0.119595 0.714389 0.0337607 0.149504 20
0 0.112643 0.157836 0.0120153 0.0426104 21
0 0.1691 0.300248 0.0192541 0.0703156 22
0 0.0654677 0.217354 0.0152971 0.058329 23
0 0.44023 0.140899 0.0130986 0.0483071 24
0 0.0723209 0.207269 0.0131845 0.0455278 25
0 0.176458 0.139526 0.0103037 0.04128 26
0 0.208752 0.47434 0.0232022 0.0871572 27
0 0.188205 0.300182 0.0202121 0.0732551 28
0 0.289584 0.135366 0.0101674 0.044735 29
0 0.445886 0.291805 0.024281 0.0924021 30
0 0.357201 0.136504 0.0108628 0.0412674 31
0 0.436493 0.134759 0.0111212 0.0510008 32
0 0.319619 0.380081 0.0250896 0.0876962 33
0 0.185209 0.0748766 0.00882649 0.0289743 34
0 0.458728 0.140323 0.0105554 0.0494976 35
0 0.08738 0.437688 0.0238782 0.0488408 36
0 0.294944 0.0301932 0.00848341 0.0301123 37
0 0.176154 0.475477 0.02543 0.0801568 38
0 0.492158 0.0922634 0.0095495 0.03764 39
0 0.247152 0.0485247 0.00789517 0.0388351 40
0 0.11239 0.433913 0.0330506 0.0714682 41
0 0.46749 0.113613 0.0106598 0.0500593 42
0 0.231537 0.0529122 0.00826163 0.0338068 43
0 0.257174 0.0567515 0.00745387 0.0321073 44
0 0.204088 0.390929 0.0223374 0.0643441 45
0 0.161106 0.61621 0.0452277 0.0971208 46
0 0.139372 0.0887806 0.00891419 0.0319211 47
0 0.344045 0.398657 0.0243946 0.050166 48
0 0.394753 0.141094 0.0156966 0.0382879 49
0 0.280434 0.0421601 0.00967398 0.043363 50
0 0.292677 0.323018 0.0168527 0.0663534 51
