0 0.539517 0.533886 0.0273829 0.0984343 1
0 0.584151 0.596056 0.0268992 0.120381 2
0 0.664521 0.502975 0.0310888 0.103609 3
0 0.213416 0.540665 0.0274041 0.112169 4
0 0.267148 0.830053 0.0325006 0.126946 5
0 0.356042 0.349935 0.0175577 0.0811627 6
0 0.572233 0.480268 0.0251245 0.0986975 7
0 0.473225 0.49722 0.0348845 0.106191 8
0 0.286918 0.572317 0.029735 0.127901 9
0 0.240603 0.544473 0.024002 0.124148 10
0 0.134866 0.161086 0.0148294 0.0540836 11
0 0.0915647 0.323385 0.0185241 0.0776974 12
0 0.438811 0.49059 0.0280041 0.100812 13
0 0.121055 0.362239 0.0228623 0.0848994 14
0 0.02487 0.16673 0.0144766 0.0441696 15
0 0.163211 0.550473 0.0351343 0.0755313 16
0 0.463062 0.619641 0.0272322 0.131689 17
0 0.552732 0.372789 0.0181156 0.067598 18
0 0.276582 0.188608 0.0127641 0.0578644 19
0 0.0123185 0.521053 0.0241006 0.0860507 20
0 0.0967659 0.377556 0.0216873 0.066628 21
1 0.207898 0.726063 0.0474111 0.11509 22
0 0.816688 0.302818 0.0158687 0.0508228 23
0 0.0470045 0.0698291 0.0143911 0.0383489 24
0 0.176633 0.214722 0.013236 0.0473255 25
0 0.354469 0.261748 0.012579 0.0480276 26
0 0.531769 0.377222 0.019686 0.063323 27
0 0.346346 0.14967 0.0122868 0.0536481 28
0 0.119123 0.0862914 0.00977173 0.0462842 29
0 0.319861 0.155951 0.0110739 0.0414577 30
0 0.0830347 0.224829 0.0176728 0.0376612 31
0 0.116453 0.0814533 0.0105498 0.0474702 32
1 0.409984 0.334595 0.0337721 0.0730927 33
0 0.093145 0.0289245 0.0113756 0.0458847 34
0 0.167273 0.458369 0.0280552 0.0666397 35
0 0.0656536 0.067078 0.0113391 0.0388865 36
0 0.185955 0.63154 0.0580512 0.10632 37
0 0.220457 0.865795 0.0413816 0.191422 38
1 0.166178 0.457793 0.0324212 0.0564602 39
0 0.696642 0.421789 0.0238419 0.048466 40
0 0.290816 0.150978 0.010242 0.0487397 41
0 0.00340925 0.192238 0.00649749 0.0521359 42
0 0.220832 0.746706 0.0375743 0.110631 43
0 0.22775 0.141566 0.010645 0.0408223 44
0 0.0385785 0.101517 0.0108118 0.0373453 45
0 0.324661 0.448872 0.0193676 0.0502944 46
0 0.289325 0.0999308 0.0102807 0.0407085 47
