0 0.216495 0.764947 0.0311295 0.115102 1
0 0.451262 0.545173 0.0269893 0.142507 2
0 0.279526 0.546474 0.029782 0.121421 3
0 0.48139 0.620937 0.0255611 0.129941 4
0 0.365527 0.334828 0.0160355 0.0808386 5
0 0.368101 0.465849 0.0333817 0.0968039 6
0 0.149072 0.337563 0.0233437 0.0818267 7
0 0.542052 0.454954 0.0357098 0.100662 8
0 0.475547 0.488868 0.0233653 0.0923107 9
0 0.213176 0.512471 0.0262196 0.115867 10
0 0.0153273 0.195306 0.0157263 0.0534971 11
0 0.433171 0.47391 0.0246279 0.11037 12
0 0.0281073 0.48424 0.0256898 0.0820807 13
0 0.18612 0.152128 0.0121234 0.0541619 14
0 0.0534353 0.17203 0.0132815 0.049476 15
0 0.229834 0.513321 0.0385145 0.124214 16
0 0.249203 0.195733 0.0145571 0.049266 17
0 0.176833 0.818492 0.045646 0.172933 18
0 0.56558 0.36857 0.0205368 0.0723643 19
0 0.0762048 0.151988 0.0115021 0.0404119 20
0 0.543931 0.369884 0.0228661 0.0638002 21
0 0.486891 0.246355 0.0138136 0.0568501 22
0 0.12372 0.302334 0.0192918 0.0718296 23
0 0.315746 0.151035 0.012088 0.0419993 24
0 0.0179336 0.101897 0.0116043 0.0333455 25
0 0.115459 0.0618968 0.00929346 0.0365325 26
0 0.131962 0.213063 0.0153568 0.0363035 27
1 0.422456 0.326684 0.0275886 0.0619756 28
0 0.364783 0.15339 0.0104061 0.0399954 29
0 0.147941 0.422115 0.0201461 0.0763601 30
0 0.336037 0.14786 0.0107582 0.0475771 31
0 0.124333 0.345794 0.0216142 0.0749525 32
0 0.484086 0.320935 0.0149539 0.0426068 33
0 0.341257 0.140492 0.0106533 0.0513484 34
0 0.177939 0.0389579 0.00888903 0.0406793 35
0 0.0946032 0.495378 0.0323376 0.0673028 36
0 0.332018 0.0924742 0.0106045 0.0407208 37
0 0.169454 0.0613778 0.0095276 0.040672 38
0 0.103636 0.0955153 0.0092936 0.0311986 39
0 0.187027 0.600435 0.0450229 0.0913121 40
0 0.467113 0.530126 0.0405421 0.173609 41
1 0.184104 0.682621 0.0484138 0.107256 42
0 0.132993 0.059362 0.00959897 0.0383973 43
1 0.269497 0.343271 0.0192347 0.0614075 44
0 0.304491 0.409497 0.0302135 0.0899422 45
