0 0.476061 0.478882 0.0210532 0.103215 1
0 0.100895 0.636144 0.0388455 0.138069 2
0 0.540001 0.443121 0.0238323 0.0953513 3
0 0.437656 0.487879 0.0211297 0.102597 4
0 0.0567866 0.272672 0.0203799 0.0755879 5
0 0.385855 0.572573 0.0454567 0.120868 6
0 0.627434 0.4495 0.0228304 0.101278 7
0 0.26617 0.4655 0.0300497 0.117678 8
0 0.216946 0.134304 0.0109656 0.045278 9
0 0.152048 0.257305 0.0186452 0.0692948 10
0 0.411556 0.468268 0.0246548 0.0978075 11
0 0.0883474 0.640645 0.0392142 0.126768 12
0 0.0936636 0.24283 0.0198112 0.061345 13
0 0.439598 0.305693 0.0184663 0.0769814 14
0 0.532167 0.572453 0.0242023 0.107875 15
0 0.421792 0.173036 0.010016 0.047463 16
0 0.00966175 0.316392 0.0193235 0.0840791 17
0 0.531156 0.669628 0.0257221 0.140537 18
0 0.256514 0.239569 0.0133063 0.053705 19
0 0.197158 0.150311 0.0107947 0.0420817 20
0 0.377522 0.113615 0.0104883 0.0495531 21
0 0.0703887 0.144789 0.0113734 0.0480022 22
0 0.115185 0.381966 0.0243875 0.0679964 23
0 0.354248 0.3629 0.0235992 0.0821991 24
0 0.280133 0.11938 0.01026 0.0434625 25
0 0.329366 0.262522 0.0166665 0.0580423 26
0 0.10112 0.290288 0.0216743 0.0703259 27
0 0.0544604 0.164718 0.0117205 0.0418073 28
0 0.619106 0.359294 0.0213611 0.0738897 29
0 0.153434 0.184866 0.0120849 0.0477181 30
0 0.292483 0.0627934 0.010337 0.0335338 31
0 0.234563 0.276832 0.0183255 0.0667943 32
0 0.102308 0.312947 0.0221925 0.0723982 33
0 0.0430991 0.162478 0.0123986 0.0420661 34
0 0.247814 0.345914 0.0241131 0.0808884 35
1 0.194769 0.481105 0.0285457 0.0775341 36
0 0.595341 0.360222 0.018116 0.0642417 37
0 0.158672 0.392215 0.0283708 0.0665344 38
0 0.255335 0.13062 0.00864281 0.0396558 39
0 0.365088 0.0463054 0.00942416 0.0354849 40
0 0.591773 0.245118 0.0140005 0.0664367 41
0 0.252011 0.279909 0.0175861 0.0730461 42
0 0.379058 0.382946 0.0143944 0.047183 43
0 0.0145831 0.074034 0.00920905 0.0320316 44
0 0.522043 0.133506 0.00939138 0.0433052 45
0 0.123121 0.0960701 0.00924969 0.0260902 46
0 0.033084 0.0744931 0.00959395 0.0359906 47
0 0.0411087 0.091105 0.00874098 0.0347905 48
0 0.16509 0.181835 0.0122972 0.046023 49
0 0.272108 0.0733427 0.00862619 0.0295407 50
0 0.00481232 0.110295 0.00957733 0.0405312 51
0 0.232528 0.430787 0.0258239 0.0922792 52
0 0.397448 0.0314279 0.00970114 0.0407461 53
0 0.413807 0.0240236 0.00993402 0.0272187 54
0 0.351494 0.0472701 0.00987682 0.0355727 55
0 0.0133688 0.41894 0.0267375 0.0698322 56
0 0.348607 0.0444573 0.00992364 0.0375645 57
1 0.503318 0.306079 0.0195706 0.0557134 58
0 0.0368301 0.0818191 0.00928639 0.0417694 59
0 0.0215262 0.0995768 0.00826635 0.0365861 60
0 0.451286 0.132158 0.010974 0.0421391 61
0 0.535777 0.13081 0.00992988 0.0433439 62
0 0.243703 0.398002 0.0244107 0.0970606 63
