0 0.543241 0.511155 0.0268217 0.106296 1
0 0.410175 0.921724 0.0422844 0.156395 2
0 0.332549 0.621107 0.0458293 0.134721 3
0 0.661679 0.574498 0.027796 0.124337 4
0 0.465529 0.481416 0.0250177 0.105501 5
0 0.598724 0.517587 0.0303776 0.117922 6
0 0.177356 0.793627 0.0476391 0.172057 7
0 0.259484 0.592128 0.0336782 0.130312 8
0 0.293019 0.808004 0.0504632 0.134288 9
0 0.423336 0.499237 0.0251329 0.113112 10
0 0.110144 0.255993 0.0148612 0.0490619 11
2 0.0291419 0.629975 0.0580517 0.0792353 12
0 0.222499 0.592893 0.0283566 0.121113 13
0 0.0986955 0.165894 0.0128429 0.06006 14
0 0.507346 0.447646 0.0349872 0.121212 15
0 0.170843 0.464921 0.0270656 0.0822238 16
0 0.291751 0.363158 0.0219896 0.0907242 17
0 0.50192 0.428923 0.0243095 0.0833274 18
0 0.568459 0.290516 0.0152081 0.0604062 19
0 0.325507 0.810094 0.073915 0.11972 20
0 0.0753366 0.164122 0.013636 0.0650781 21
0 0.444506 0.928715 0.0349607 0.14248 22
0 0.327073 0.368252 0.0227021 0.0863749 23
0 0.15695 0.633177 0.049417 0.0892741 24
0 0.329539 0.26695 0.011911 0.067549 25
0 0.0983765 0.524795 0.0346429 0.0700915 26
1 0.0346915 0.499059 0.0361687 0.0882884 27
1 0.205655 0.446187 0.0229172 0.0586951 28
0 0.0506116 0.184047 0.0134742 0.0449493 29
0 0.28363 0.351356 0.0186994 0.0870853 30
0 0.46153 0.365525 0.0167187 0.0608728 31
2 0.0333887 0.532867 0.0635764 0.102992 32
0 0.63123 0.378985 0.0235305 0.0533123 33
