0 0.332707 0.554834 0.0274813 0.119879 1
0 0.511126 0.571205 0.0276333 0.125205 2
0 0.0148229 0.337676 0.0250962 0.0766842 3
0 0.555089 0.450139 0.0219424 0.104213 4
0 0.414722 0.476955 0.0282669 0.103854 5
0 0.439157 0.500305 0.0224438 0.102057 6
0 0.028605 0.267672 0.0189888 0.066474 7
0 0.547103 0.676554 0.0298634 0.151334 8
0 0.26021 0.487974 0.0331257 0.11392 9
0 0.0702779 0.28619 0.017801 0.0672785 10
0 0.09064 0.695871 0.0452142 0.1309 11
0 0.153899 0.14791 0.0142693 0.0469894 12
0 0.410815 0.308082 0.0137277 0.0765227 13
0 0.374587 0.171653 0.0126015 0.0492894 14
0 0.220883 0.445529 0.0254563 0.111506 15
0 0.480091 0.478593 0.0248357 0.104433 16
0 0.135664 0.162585 0.0119507 0.0445169 17
0 0.113955 0.676879 0.031169 0.143888 18
0 0.596928 0.359362 0.0193294 0.0718365 19
0 0.57575 0.435461 0.0255319 0.0930044 20
0 0.195964 0.290227 0.0176054 0.0669188 21
0 0.11683 0.19624 0.0159361 0.0528614 22
0 0.555278 0.24788 0.0158749 0.0632686 23
0 0.0842757 0.405594 0.0279355 0.0746694 24
0 0.329014 0.125879 0.0103183 0.0544437 25
0 0.470353 0.138957 0.00951213 0.0399318 26
0 0.111151 0.19658 0.0143085 0.0513041 27
0 0.188681 0.455573 0.025761 0.0679226 28
0 0.231273 0.444749 0.0312366 0.114184 29
0 0.5742 0.359096 0.0196446 0.0628552 30
1 0.33103 0.364613 0.0273435 0.0693566 31
0 0.193443 0.143121 0.00992782 0.0380762 32
0 0.302092 0.294241 0.0167811 0.0650026 33
0 0.339596 0.0287209 0.00888234 0.0292887 34
0 0.215982 0.302096 0.0206497 0.0653796 35
0 0.223438 0.071168 0.0100428 0.0294192 36
0 0.394875 0.132196 0.0102539 0.043624 37
0 0.220943 0.127107 0.00907153 0.0439134 38
0 0.278834 0.0498129 0.00899849 0.0362101 39
0 0.131815 0.415767 0.0310677 0.067469 40
0 0.165057 0.586076 0.0398778 0.102351 41
0 0.214205 0.250639 0.0160875 0.0547774 42
0 0.531515 0.0950404 0.00830323 0.0366165 43
0 0.294659 0.0471768 0.00918588 0.0401015 44
0 0.181054 0.506961 0.031924 0.0760472 45
0 0.458707 0.308806 0.0144719 0.0550762 46
1 0.182388 0.506143 0.0305731 0.0759903 47
0 0.410037 0.133711 0.0104672 0.0380598 48
0 0.358458 0.390993 0.0175048 0.0450058 49
0 0.429382 0.141901 0.0109259 0.0399458 50
