0 0.67597 0.660401 0.0285319 0.130291 1
0 0.289222 0.594839 0.0347607 0.135315 2
0 0.727886 0.514687 0.0273695 0.107812 3
0 0.332319 0.363316 0.0185797 0.0819712 4
0 0.314874 0.928304 0.0305251 0.128045 5
0 0.5658 0.564046 0.0247996 0.110473 6
0 0.0837504 0.391895 0.0247399 0.0953215 7
0 0.623406 0.485574 0.022919 0.10802 8
0 0.183937 0.665315 0.0631141 0.116273 9
0 0.496289 0.484512 0.0231799 0.107184 10
0 0.46744 0.482978 0.0255504 0.102373 11
1 0.217109 0.756512 0.0405646 0.0977067 12
0 0.476449 0.568536 0.0299492 0.121763 13
0 0.207064 0.564047 0.0252536 0.113949 14
0 0.532146 0.376056 0.0203253 0.0685867 15
0 0.0454606 0.338646 0.0198501 0.074347 16
0 0.234551 0.568808 0.0272923 0.125062 17
0 0.267597 0.91524 0.0377922 0.158811 18
0 0.053006 0.397873 0.0269672 0.087295 19
0 0.220348 0.195509 0.0127951 0.0558172 20
0 0.510461 0.378483 0.0196374 0.066329 21
0 0.152254 0.579943 0.0419682 0.0794667 22
0 0.270157 0.163235 0.0103036 0.0427383 23
0 0.375301 0.347076 0.0197444 0.0700727 24
0 0.470037 0.650128 0.0362646 0.135359 25
0 0.271076 0.852325 0.0336008 0.0984043 26
0 0.0789566 0.234817 0.0160808 0.0511103 27
0 0.0763811 0.182881 0.0142301 0.059569 28
0 0.0656599 0.566669 0.0299363 0.0663849 29
0 0.206931 0.379517 0.0190015 0.0663636 30
0 0.238439 0.161699 0.0102294 0.0418014 31
1 0.247439 0.424834 0.0343485 0.0545835 32
0 0.00805302 0.0365576 0.0135107 0.0489393 33
0 0.433031 0.271115 0.0160948 0.0610798 34
0 0.218615 0.568129 0.0486651 0.126029 35
0 0.779402 0.290933 0.0135269 0.0504913 36
0 0.0501068 0.367948 0.0316205 0.125796 37
0 0.0207654 0.241151 0.0177437 0.0386912 38
0 0.678532 0.419631 0.023259 0.0535607 39
0 0.64577 0.312957 0.0139538 0.0578623 40
0 0.289355 0.247081 0.0103873 0.0489456 41
1 0.678642 0.419846 0.0214704 0.0528081 42
0 0.392432 0.344191 0.0218313 0.0715864 43
0 0.0940463 0.477599 0.0366778 0.0958144 44
0 0.214239 0.174728 0.0137017 0.0489224 45
0 0.0252891 0.0588166 0.0166539 0.0650821 46
0 0.425683 0.262409 0.0138805 0.0569408 47
0 0.101391 0.162574 0.0125349 0.0515942 48
