0 0.0695093 0.559514 0.0300842 0.097681 1
0 0.227198 0.831455 0.0516112 0.154798 2
0 0.506205 0.549783 0.0268482 0.116549 3
0 0.202319 0.704436 0.0404287 0.152019 4
0 0.479666 0.51568 0.0292286 0.115813 5
0 0.355984 0.699343 0.0352453 0.146085 6
0 0.251921 0.688686 0.045501 0.152253 7
0 0.022947 0.442644 0.0213438 0.0753404 8
0 0.533433 0.507289 0.0234911 0.115526 9
0 0.576156 0.516387 0.0335985 0.102533 10
0 0.184407 0.424567 0.0295866 0.102401 11
0 0.398097 0.921174 0.0707592 0.133665 12
0 0.630839 0.928797 0.0369863 0.135458 13
0 0.343842 0.917926 0.0504453 0.126392 14
0 0.415023 0.527361 0.0342755 0.171267 15
0 0.556869 0.428407 0.0237806 0.103563 16
0 0.0164983 0.64202 0.0329966 0.0915237 17
0 0.534428 0.960557 0.0441467 0.0759094 18
0 0.12196 0.764175 0.0428604 0.108463 19
0 0.395136 0.38586 0.0188017 0.0704441 20
0 0.458677 0.317841 0.0150856 0.0798281 21
0 0.581923 0.248954 0.0127815 0.0444175 22
1 0.220167 0.395646 0.0306616 0.0661909 23
0 0.589073 0.965679 0.0319317 0.0682512 24
0 0.21968 0.397901 0.0304747 0.0688373 25
1 0.110839 0.532609 0.0289562 0.0734305 26
0 0.379868 0.385588 0.0212902 0.0659516 27
