0 0.283714 0.801224 0.0525067 0.126463 1
0 0.680615 0.605425 0.0360445 0.12197 2
0 0.0921249 0.694035 0.0407815 0.134363 3
0 0.33941 0.619165 0.0353008 0.140886 4
0 0.548714 0.529503 0.0276508 0.118151 5
0 0.258652 0.590587 0.0423428 0.135318 6
0 0.304593 0.362834 0.0191853 0.0933675 7
0 0.0273805 0.417739 0.0260046 0.0975974 8
0 0.391149 0.919542 0.0520995 0.15163 9
0 0.666483 0.50237 0.0308622 0.115271 10
0 0.231989 0.595093 0.0314464 0.132413 11
0 0.522104 0.44235 0.0255919 0.109704 12
0 0.467588 0.530591 0.0314909 0.116674 13
0 0.473104 0.475616 0.0276987 0.103454 14
0 0.360936 0.265404 0.0144599 0.0668397 15
0 0.200223 0.445648 0.0237291 0.0770291 16
0 0.326938 0.802821 0.0410781 0.103959 17
0 0.168449 0.23797 0.0142996 0.0528471 18
0 0.167057 0.619668 0.042512 0.0872837 19
0 0.502506 0.36027 0.0201239 0.071993 20
0 0.102723 0.175864 0.0130775 0.0486594 21
0 0.352897 0.361397 0.0245615 0.0829706 22
0 0.653739 0.393448 0.023022 0.0569406 23
0 0.0137447 0.191503 0.0107616 0.0414352 24
0 0.553788 0.486716 0.0276402 0.119623 25
0 0.0750585 0.171879 0.0140615 0.04777 26
1 0.0614978 0.485561 0.030909 0.0879699 27
0 0.484206 0.364898 0.0165936 0.0643494 28
1 0.121966 0.513359 0.0309476 0.063032 29
0 0.230681 0.442065 0.0235603 0.0656211 30
0 0.0707723 0.170581 0.0127973 0.0468196 31
0 0.148006 0.161072 0.0106851 0.0566307 32
1 0.166361 0.618246 0.0436606 0.0861669 33
0 0.1272 0.165733 0.0114679 0.05831 34
0 0.121723 0.108635 0.0124244 0.0520579 35
0 0.329479 0.34908 0.0190974 0.0552402 36
0 0.59621 0.294871 0.0119863 0.0473962 37
0 0.530489 0.430803 0.0179952 0.100508 38
0 0.406967 0.928521 0.0437422 0.142958 39
0 0.059955 0.484061 0.0309761 0.0844053 40
0 0.0351233 0.493329 0.0273841 0.0727466 41
