0 0.661213 0.65411 0.0354606 0.125802 1
0 0.717265 0.513145 0.0250488 0.108648 2
0 0.566594 0.558845 0.0279806 0.11313 3
0 0.615978 0.487078 0.0234626 0.105846 4
0 0.463121 0.485884 0.0234166 0.102147 5
0 0.0902174 0.389161 0.022103 0.0921928 6
0 0.336317 0.362061 0.0168256 0.0808779 7
0 0.491907 0.483516 0.0245226 0.0998164 8
0 0.184218 0.657654 0.0649334 0.115513 9
0 0.53539 0.375741 0.0202495 0.0700622 10
0 0.286719 0.592777 0.0366657 0.134205 11
0 0.477115 0.5709 0.0303515 0.116217 12
0 0.208199 0.562449 0.0269523 0.11886 13
0 0.46239 0.651572 0.0287453 0.12861 14
0 0.237756 0.564331 0.025088 0.132732 15
0 0.512351 0.379393 0.0210832 0.0657905 16
0 0.0931859 0.228884 0.0193923 0.0670005 17
0 0.207368 0.377153 0.0184613 0.0705178 18
0 0.0620561 0.399078 0.0263896 0.0713907 19
0 0.0304033 0.238883 0.0182071 0.039806 20
0 0.154316 0.577273 0.0421468 0.0806155 21
0 0.30796 0.913655 0.0298286 0.140895 22
0 0.0528708 0.332536 0.0190802 0.0679769 23
0 0.243671 0.420887 0.0263017 0.0518965 24
0 0.25882 0.898177 0.0419183 0.190884 25
0 0.378834 0.347279 0.0186102 0.0651733 26
0 0.431274 0.269656 0.0150137 0.0596402 27
0 0.784795 0.293435 0.0144642 0.0482756 28
0 0.0820841 0.177428 0.0150427 0.0570491 29
0 0.313269 0.459006 0.0208624 0.0525516 30
0 0.211254 0.759458 0.0512025 0.11284 31
0 0.227661 0.18132 0.0127923 0.0604255 32
0 0.0660923 0.562822 0.0354832 0.0668716 33
0 0.10199 0.455898 0.0296891 0.0877609 34
0 0.27746 0.163278 0.00934887 0.0430462 35
0 0.397757 0.34437 0.0217742 0.0696471 36
0 0.287811 0.467242 0.0214243 0.0542211 37
0 0.038469 0.0616198 0.0177493 0.0751603 38
0 0.0211642 0.0376488 0.0132865 0.0502416 39
0 0.239485 0.76404 0.0264848 0.0843436 40
0 0.00808469 0.0747453 0.0145258 0.0483511 41
0 0.577998 0.309766 0.0149643 0.0704283 42
0 0.103266 0.489262 0.0272431 0.0631366 43
0 0.243693 0.111457 0.0107405 0.0517545 44
0 0.150378 0.476972 0.025781 0.0588167 45
0 0.318817 0.161664 0.00973688 0.0438351 46
0 0.11034 0.44886 0.0242386 0.0817159 47
0 0.605617 0.256556 0.0142804 0.051491 48
1 0.213273 0.753282 0.0365225 0.104029 49
0 0.245899 0.160298 0.00980645 0.0435614 50
0 0.371766 0.179975 0.0100263 0.0334332 51
0 0.166969 0.167619 0.0112644 0.0534189 52
0 0.302282 0.242894 0.0109899 0.0531667 53
