0 0.477813 0.478362 0.0221543 0.103726 1
0 0.35494 0.575893 0.0367866 0.121624 2
0 0.437607 0.493685 0.0222393 0.102538 3
0 0.0381235 0.278865 0.0253941 0.0785763 4
0 0.267073 0.470493 0.0252037 0.116919 5
0 0.430152 0.304177 0.0153522 0.0779914 6
0 0.198404 0.13683 0.0111972 0.0481885 7
0 0.132211 0.261255 0.017601 0.0670896 8
0 0.105631 0.645999 0.0317363 0.136384 9
0 0.0934533 0.652368 0.0477496 0.128942 10
0 0.555057 0.444344 0.0258161 0.103907 11
0 0.410432 0.467519 0.0234762 0.0933911 12
0 0.0782778 0.245464 0.0164648 0.0590609 13
0 0.621201 0.437321 0.020157 0.105148 14
0 0.532148 0.663838 0.0295633 0.145865 15
0 0.179643 0.152999 0.0109614 0.0423818 16
0 0.529142 0.579857 0.0277607 0.107464 17
0 0.612893 0.35941 0.0189096 0.0740234 18
0 0.408602 0.171056 0.0117294 0.0514834 19
0 0.364302 0.117583 0.0102127 0.0530031 20
0 0.244536 0.247752 0.0149499 0.0617196 21
0 0.00852843 0.434586 0.0170569 0.0686051 22
0 0.589931 0.361462 0.0186346 0.0670044 23
0 0.581256 0.2454 0.0146867 0.0627682 24
0 0.0806539 0.299692 0.017002 0.0664736 25
0 0.317945 0.275733 0.0165639 0.064744 26
0 0.107376 0.387531 0.0248034 0.0695492 27
0 0.140322 0.188804 0.012212 0.0487188 28
0 0.152714 0.181384 0.0122227 0.0460702 29
0 0.229691 0.282517 0.0210104 0.0758082 30
0 0.151429 0.399156 0.0271267 0.0671716 31
0 0.0218018 0.166418 0.0115673 0.0409394 32
0 0.23772 0.356963 0.0286501 0.0883595 33
0 0.0503101 0.151023 0.013227 0.0496087 34
0 0.508028 0.135458 0.00949324 0.0404408 35
0 0.263174 0.122786 0.0103647 0.0394583 36
1 0.349948 0.353833 0.0252215 0.0682924 37
0 0.247877 0.0746489 0.00860518 0.028213 38
0 0.238095 0.133683 0.00886125 0.0387283 39
0 0.329209 0.0464679 0.0092822 0.03589 40
0 0.435214 0.131248 0.0108704 0.0398577 41
0 0.0320225 0.171336 0.0108213 0.0416438 42
0 0.231564 0.431504 0.0264053 0.0990328 43
0 0.101817 0.0998886 0.00932834 0.0270466 44
0 0.60515 0.35947 0.0165795 0.0724843 45
0 0.0289851 0.167432 0.0121821 0.0354163 46
0 0.244248 0.434538 0.024919 0.0944083 47
0 0.240884 0.281639 0.0167281 0.0781979 48
1 0.192489 0.486797 0.0304383 0.0826861 49
0 0.344341 0.0434711 0.00854463 0.0357941 50
0 0.349256 0.363172 0.0265076 0.0844144 51
0 0.26993 0.0668821 0.00845012 0.0305355 52
0 0.0174692 0.0947177 0.00848128 0.0327035 53
0 0.392147 0.0297467 0.00942271 0.0327238 54
0 0.0686836 0.246522 0.0152545 0.0593301 55
