0 0.341003 0.620154 0.0342294 0.137913 1
0 0.678662 0.602045 0.0306189 0.121539 2
0 0.117298 0.705569 0.0426264 0.145661 3
0 0.265783 0.592507 0.0404412 0.140069 4
0 0.658944 0.506312 0.0305183 0.117489 5
0 0.0242609 0.418426 0.025916 0.0956758 6
0 0.167162 0.620456 0.0467438 0.0877952 7
0 0.305242 0.361245 0.0206102 0.0942659 8
0 0.553861 0.528267 0.0281605 0.116514 9
0 0.476969 0.475954 0.0265041 0.10875 10
0 0.287779 0.803281 0.0525186 0.127913 11
0 0.464907 0.506631 0.0275552 0.13022 12
0 0.197367 0.4482 0.0246016 0.0765256 13
0 0.233914 0.594987 0.0323094 0.132784 14
0 0.405043 0.917499 0.0422777 0.146511 15
0 0.522919 0.440458 0.023918 0.112668 16
0 0.161727 0.24004 0.0143636 0.058523 17
0 0.0959844 0.177826 0.0143464 0.0499701 18
0 0.351893 0.367139 0.0225832 0.0899605 19
0 0.359753 0.26795 0.0125996 0.0631713 20
0 0.65293 0.390756 0.0212606 0.0507356 21
0 0.487771 0.359028 0.0222599 0.0797384 22
0 0.54406 0.476346 0.0239509 0.111536 23
0 0.0730367 0.172517 0.0144006 0.0510628 24
0 0.290903 0.286428 0.0144074 0.0469024 25
0 0.500915 0.357189 0.0203211 0.0787308 26
0 0.329448 0.804937 0.0484692 0.105217 27
0 0.0659282 0.170712 0.0136486 0.0455466 28
0 0.228996 0.441336 0.0221227 0.0570254 29
0 0.594378 0.296064 0.0133988 0.0523954 30
0 0.143629 0.161388 0.012602 0.0626328 31
0 0.114723 0.51423 0.0439625 0.0655736 32
0 0.327869 0.349368 0.020318 0.0605052 33
0 0.0290233 0.151377 0.0174659 0.0557722 34
0 0.227755 0.704336 0.0643228 0.125453 35
0 0.116524 0.108277 0.0114029 0.0524278 36
1 0.120545 0.514209 0.0334049 0.0648311 37
