0 0.481359 0.621346 0.0296869 0.126084 1
0 0.473234 0.481298 0.0232476 0.100632 2
0 0.02477 0.186693 0.0204496 0.0663243 3
0 0.44804 0.554594 0.0279598 0.114226 4
0 0.525603 0.454965 0.0261484 0.109476 5
0 0.346808 0.46173 0.0300654 0.104974 6
0 0.274639 0.541758 0.0298535 0.122607 7
0 0.259966 0.193422 0.0131763 0.0535511 8
0 0.367117 0.333781 0.0159196 0.0793627 9
0 0.192158 0.149804 0.0113268 0.047584 10
0 0.151039 0.339968 0.0215846 0.0865341 11
0 0.212482 0.508985 0.0262584 0.109569 12
0 0.567448 0.365926 0.019484 0.0694836 13
0 0.0636937 0.174173 0.0137944 0.0522679 14
0 0.0302744 0.47742 0.0267399 0.0823179 15
0 0.128191 0.298125 0.0179256 0.0713221 16
0 0.0859922 0.148434 0.0121206 0.0497338 17
0 0.233027 0.509144 0.0282151 0.115199 18
0 0.543727 0.373046 0.0192051 0.0671258 19
0 0.43661 0.462291 0.0244442 0.0943664 20
0 0.19887 0.754188 0.0415282 0.119122 21
0 0.12875 0.346726 0.0206264 0.0654768 22
0 0.139436 0.209958 0.0163534 0.0352245 23
0 0.127271 0.0617241 0.0094007 0.0357467 24
1 0.42578 0.322646 0.0222491 0.0609528 25
0 0.370113 0.152167 0.00948043 0.0440063 26
0 0.17292 0.804651 0.0374496 0.170935 27
0 0.491062 0.248817 0.0127519 0.0495345 28
0 0.0940885 0.488078 0.0367014 0.0650827 29
0 0.272633 0.51317 0.0214928 0.067182 30
0 0.706837 0.420509 0.0239473 0.0494555 31
0 0.0300762 0.100287 0.0108699 0.0303959 32
1 0.19014 0.684767 0.0434081 0.0915388 33
0 0.450235 0.48579 0.0220539 0.0895305 34
0 0.441476 0.333678 0.0159842 0.0493699 35
0 0.18966 0.0397339 0.008808 0.04091 36
0 0.304865 0.407352 0.0244264 0.0909704 37
0 0.156458 0.0708949 0.00956158 0.0319626 38
0 0.181643 0.0663845 0.00983444 0.0438139 39
1 0.174702 0.517849 0.0289004 0.0769415 40
0 0.278064 0.356615 0.0206208 0.088444 41
0 0.143136 0.409218 0.0236584 0.0841953 42
0 0.192028 0.0723427 0.00939125 0.0402287 43
0 0.32623 0.150585 0.0108881 0.0422749 44
0 0.1112 0.0887902 0.0102229 0.0297588 45
