0 0.356414 0.576407 0.0422973 0.124347 1
0 0.105778 0.642921 0.0317191 0.139165 2
0 0.477334 0.480079 0.0215115 0.103999 3
0 0.437388 0.491449 0.0225012 0.104661 4
0 0.623399 0.437617 0.0220552 0.0993363 5
0 0.432431 0.30498 0.0152619 0.0786226 6
0 0.203003 0.139104 0.0115762 0.0481531 7
0 0.266925 0.468317 0.0258356 0.119758 8
0 0.136518 0.261817 0.0166845 0.0671819 9
0 0.0423961 0.276949 0.0223249 0.0775547 10
0 0.549678 0.443403 0.0206457 0.103743 11
0 0.0789527 0.252588 0.0232936 0.0786581 12
0 0.409126 0.467607 0.024036 0.0890562 13
0 0.613902 0.359771 0.0191179 0.0736694 14
0 0.091375 0.649601 0.0458713 0.132698 15
0 0.583539 0.245596 0.0135769 0.0651006 16
0 0.366279 0.118504 0.0102009 0.0446658 17
0 0.184012 0.154924 0.0102279 0.0440565 18
0 0.590006 0.358789 0.0197102 0.0672955 19
0 0.411555 0.173992 0.0113173 0.0531554 20
0 0.109171 0.386217 0.025354 0.0680314 21
0 0.319429 0.274693 0.0154171 0.0612336 22
0 0.246678 0.246999 0.014739 0.0630858 23
0 0.241686 0.133264 0.00978118 0.0377051 24
0 0.00975657 0.42763 0.0195131 0.0700753 25
0 0.0234153 0.164571 0.011258 0.0442786 26
0 0.14188 0.185911 0.0111879 0.0454625 27
0 0.53122 0.570508 0.0255171 0.0956203 28
0 0.252767 0.0733786 0.00891942 0.0320304 29
0 0.154664 0.18015 0.0115246 0.0471971 30
0 0.333555 0.0458965 0.00794086 0.0357787 31
0 0.0853283 0.295478 0.0193537 0.0669734 32
0 0.053811 0.137335 0.0117157 0.0498349 33
0 0.15373 0.398222 0.0280821 0.0643837 34
0 0.438178 0.131441 0.0107573 0.0400227 35
0 0.229134 0.279942 0.0166995 0.0712418 36
0 0.396093 0.0241249 0.00878216 0.0302191 37
1 0.350894 0.357492 0.0256207 0.0706845 38
0 0.51076 0.134593 0.00952684 0.0427634 39
0 0.0364275 0.164723 0.0120755 0.0445507 40
0 0.35094 0.364095 0.0256225 0.0810476 41
0 0.243943 0.359344 0.0211725 0.0914674 42
0 0.0315557 0.164757 0.0126829 0.042662 43
0 0.534299 0.665422 0.0248531 0.139605 44
0 0.230464 0.431514 0.0251062 0.0985784 45
0 0.27325 0.0670634 0.00935434 0.0292046 46
0 0.241588 0.293086 0.017833 0.071878 47
0 0.527671 0.130255 0.00887557 0.0405835 48
0 0.381594 0.0437668 0.00920296 0.0425187 49
0 0.20658 0.444286 0.0198218 0.0730447 50
0 0.160339 0.567493 0.0388989 0.0914848 51
0 0.531428 0.124967 0.0101281 0.0390515 52
0 0.251095 0.453135 0.0232877 0.0982077 53
