0 0.547993 0.670301 0.0346745 0.14705 1
0 0.327203 0.534475 0.0244043 0.114027 2
0 0.257529 0.493516 0.0262718 0.119992 3
0 0.488295 0.564524 0.0325049 0.124262 4
0 0.438532 0.500282 0.0212045 0.0956611 5
0 0.414773 0.474682 0.0260063 0.102109 6
0 0.3527 0.173073 0.0116611 0.0482344 7
0 0.0899767 0.713436 0.0436839 0.130325 8
0 0.225854 0.460766 0.0335103 0.11108 9
0 0.112635 0.69573 0.0374161 0.154561 10
0 0.179438 0.297941 0.0178217 0.0697725 11
0 0.0363986 0.30415 0.0200443 0.0755897 12
0 0.398999 0.312642 0.0144845 0.0728616 13
0 0.547259 0.442464 0.0245946 0.10981 14
0 0.129849 0.155611 0.0106426 0.0389327 15
0 0.195292 0.265321 0.0161618 0.0637154 16
0 0.290154 0.308399 0.0179392 0.0662921 17
0 0.192852 0.134548 0.00894442 0.0368561 18
0 0.538992 0.249278 0.0149391 0.0684722 19
0 0.0792415 0.201924 0.0111046 0.0498355 20
0 0.466219 0.475841 0.022346 0.100929 21
0 0.0683746 0.416073 0.0265362 0.0746092 22
0 0.58618 0.360138 0.0188175 0.0722968 23
0 0.109756 0.166692 0.0106177 0.0449296 24
0 0.09002 0.202298 0.0124944 0.0491938 25
0 0.21121 0.456661 0.0246647 0.105611 26
0 0.45161 0.143913 0.0121169 0.0446429 27
0 0.168161 0.144907 0.00996289 0.0395813 28
0 0.306571 0.133237 0.0104417 0.0488516 29
0 0.226696 0.187356 0.0124002 0.0407694 30
0 0.160046 0.595211 0.0475292 0.109703 31
0 0.198522 0.302742 0.0205588 0.0672184 32
0 0.443062 0.308522 0.017042 0.0588371 33
0 0.562711 0.361526 0.0223286 0.0685409 34
0 0.178714 0.469808 0.0282355 0.0747722 35
0 0.371168 0.137708 0.0101164 0.0430602 36
0 0.20108 0.0718509 0.0103741 0.0293696 37
0 0.297709 0.0258876 0.00886493 0.0334799 38
0 0.190414 0.361498 0.0222522 0.0721589 39
0 0.247899 0.0493614 0.00867896 0.033259 40
0 0.265341 0.049632 0.00794801 0.0371221 41
0 0.210775 0.375939 0.0209681 0.0722188 42
0 0.158729 0.0874711 0.00851373 0.0339717 43
0 0.406487 0.138305 0.0127366 0.0440394 44
0 0.472445 0.140741 0.0101647 0.0488464 45
1 0.178985 0.471875 0.0291125 0.0810001 46
0 0.313826 0.0279748 0.00995561 0.0277 47
