0 0.473757 0.479347 0.0229275 0.101583 1
0 0.273598 0.535735 0.0291555 0.123501 2
0 0.484831 0.621884 0.0301101 0.135263 3
0 0.371182 0.330254 0.016385 0.0756563 4
0 0.233451 0.503181 0.0264862 0.112987 5
0 0.337619 0.463986 0.0228216 0.114198 6
0 0.0345298 0.471633 0.0267548 0.082057 7
0 0.519728 0.454153 0.0217115 0.113989 8
0 0.210919 0.503745 0.0255294 0.106933 9
0 0.43251 0.45603 0.0195646 0.0940594 10
0 0.569181 0.367616 0.0201693 0.0722615 11
0 0.0422204 0.191062 0.0184542 0.0651474 12
0 0.102337 0.147483 0.0108469 0.0432886 13
0 0.204776 0.147167 0.0106602 0.0444069 14
0 0.443118 0.550018 0.023435 0.106375 15
0 0.274893 0.196411 0.013744 0.0487245 16
0 0.0957198 0.479716 0.0353986 0.0745907 17
0 0.157023 0.336684 0.0192585 0.0819206 18
0 0.0774767 0.169144 0.0122908 0.0479801 19
0 0.156389 0.798182 0.0427103 0.147578 20
0 0.545936 0.370172 0.0180288 0.0660221 21
1 0.427999 0.322256 0.0234749 0.0622474 22
1 0.183761 0.663285 0.0405535 0.0940343 23
0 0.139572 0.293988 0.0131502 0.0667224 24
0 0.145296 0.0616384 0.00977783 0.0357897 25
0 0.442586 0.483034 0.0191044 0.0854702 26
0 0.412028 0.260009 0.0133409 0.0502117 27
0 0.383775 0.142945 0.0104881 0.0446652 28
0 0.173389 0.51618 0.0299963 0.0870195 29
0 0.170161 0.0618915 0.00814524 0.0433795 30
0 0.151714 0.207026 0.0140471 0.0340298 31
0 0.292547 0.143263 0.010242 0.0376508 32
0 0.353671 0.155714 0.00971726 0.0335199 33
0 0.126757 0.0897726 0.0100207 0.0348672 34
0 0.160158 0.0567856 0.00923715 0.0438914 35
1 0.174964 0.515928 0.0314682 0.0858214 36
0 0.207858 0.0407613 0.00849506 0.0412221 37
0 0.498083 0.248814 0.0121099 0.0480994 38
