0 0.6961 0.62782 0.0359934 0.123554 1
0 0.0204474 0.716898 0.0402288 0.139658 2
0 0.518631 0.456623 0.0243547 0.109409 3
0 0.700282 0.490967 0.0284323 0.103297 4
0 0.250017 0.589332 0.0421385 0.137799 5
0 0.0340115 0.420679 0.0274161 0.102749 6
0 0.339707 0.618516 0.0322314 0.13063 7
0 0.359639 0.917265 0.0497927 0.151005 8
0 0.585547 0.474492 0.025641 0.112623 9
0 0.548602 0.555291 0.0269512 0.123444 10
0 0.300923 0.370643 0.017585 0.0861146 11
0 0.46361 0.527255 0.0319998 0.194111 12
0 0.553467 0.432704 0.0242651 0.0979073 13
0 0.160077 0.615673 0.0408577 0.0835285 14
0 0.261299 0.79724 0.0544606 0.124034 15
0 0.219973 0.596329 0.0359047 0.137066 16
0 0.00602651 0.443719 0.012053 0.0981282 17
0 0.502789 0.365379 0.0226382 0.0773951 18
0 0.368277 0.270418 0.0131923 0.0665536 19
0 0.65235 0.399998 0.0244656 0.0552361 20
0 0.124476 0.512691 0.0350967 0.0721074 21
2 0.212625 0.696208 0.0713586 0.122718 22
0 0.119351 0.177473 0.0150614 0.0523561 23
0 0.459743 0.480022 0.0234444 0.105144 24
2 0.208624 0.448348 0.0469702 0.0677594 25
0 0.144975 0.168326 0.0115085 0.0533272 26
0 0.1934 0.444062 0.0232388 0.0759961 27
0 0.0599518 0.154333 0.0158573 0.054291 28
0 0.299905 0.801317 0.0447026 0.102355 29
0 0.722655 0.267278 0.0144852 0.0399039 30
0 0.183187 0.161956 0.0136181 0.0556687 31
1 0.229427 0.441021 0.0199068 0.0577545 32
0 0.372163 0.92869 0.0400169 0.142619 33
