0 0.187649 0.835844 0.0510138 0.183665 1
0 0.45256 0.485471 0.0246377 0.109554 2
0 0.324826 0.614815 0.0288783 0.129463 3
0 0.413017 0.91624 0.0529443 0.164415 4
0 0.653992 0.570163 0.0275112 0.116867 5
0 0.530891 0.50598 0.0247217 0.10688 6
0 0.406314 0.498857 0.0367745 0.121289 7
0 0.258278 0.593006 0.0352463 0.128231 8
0 0.57909 0.518785 0.0280598 0.112277 9
0 0.0925602 0.263549 0.0151969 0.0576146 10
0 0.29306 0.809605 0.0494334 0.131098 11
0 0.0816261 0.171682 0.0131215 0.0518772 12
0 0.215941 0.597192 0.0300826 0.129192 13
0 0.150858 0.634737 0.0487264 0.0876952 14
0 0.317227 0.265165 0.0118466 0.0634132 15
0 0.2775 0.364375 0.01825 0.0907833 16
0 0.557289 0.28765 0.0133491 0.0575618 17
0 0.496524 0.4304 0.0262592 0.10063 18
2 0.0251351 0.632026 0.0502701 0.0881815 19
0 0.0861454 0.528936 0.0343451 0.0712591 20
0 0.328844 0.809234 0.0687469 0.116503 21
0 0.502785 0.447543 0.0262625 0.123147 22
0 0.317475 0.358976 0.0236138 0.0733471 23
0 0.155762 0.470666 0.0195262 0.0916482 24
0 0.622115 0.378631 0.0227435 0.0517952 25
0 0.450449 0.922995 0.0333468 0.14575 26
0 0.0557149 0.167413 0.0127688 0.0546136 27
0 0.018123 0.498523 0.0361233 0.0897492 28
0 0.195494 0.44902 0.0316842 0.0647385 29
0 0.289465 0.350269 0.0178615 0.05654 30
0 0.283943 0.362078 0.0209335 0.081752 31
0 0.0519781 0.114342 0.0114352 0.0566907 32
0 0.0310829 0.187982 0.0136489 0.0426819 33
0 0.0072839 0.182329 0.0136639 0.0436029 34
0 0.253789 0.283034 0.0154683 0.0504882 35
0 0.275087 0.468899 0.0325459 0.0703159 36
0 0.458036 0.363115 0.0220831 0.0652318 37
