0 0.547333 0.5341 0.0247385 0.11309 1
0 0.625004 0.4344 0.0308424 0.0977317 2
0 0.379819 0.931127 0.046208 0.127216 3
0 0.278218 0.695691 0.0389924 0.140478 4
0 0.602063 0.543103 0.0358477 0.091636 5
0 0.095867 0.563723 0.0289698 0.0948336 6
0 0.435572 0.51002 0.0291506 0.115838 7
0 0.489776 0.506385 0.0257469 0.112916 8
0 0.0253263 0.425169 0.0192585 0.0761783 9
0 0.152683 0.772803 0.0541487 0.114374 10
0 0.0234259 0.656693 0.0464477 0.0797919 11
0 0.201974 0.426875 0.0216269 0.103117 12
0 0.228416 0.713868 0.0390134 0.147966 13
0 0.252585 0.837356 0.0516995 0.139523 14
0 0.376299 0.705812 0.0442787 0.159217 15
0 0.429616 0.932221 0.0702879 0.130074 16
0 0.517569 0.536753 0.0300313 0.109103 17
0 0.580774 0.458884 0.0247105 0.108018 18
0 0.286329 0.345008 0.0140531 0.052804 19
0 0.58977 0.244008 0.0118715 0.0398435 20
0 0.12851 0.533772 0.0293573 0.0662943 21
0 0.204971 0.310895 0.0176713 0.0709942 22
0 0.56037 0.395053 0.0186174 0.0504267 23
0 0.23488 0.549029 0.0249453 0.0649692 24
0 0.391438 0.397433 0.0179628 0.0629971 25
0 0.0780391 0.243884 0.0148993 0.0572923 26
0 0.261164 0.283144 0.0152209 0.0559308 27
0 0.572538 0.969297 0.0446779 0.0610481 28
0 0.441394 0.469784 0.0249026 0.094191 29
1 0.241104 0.402183 0.0166945 0.0516236 30
0 0.0833727 0.20561 0.00899098 0.0353534 31
0 0.407803 0.404108 0.016493 0.047473 32
