0 0.495276 0.628939 0.0351508 0.133568 1
0 0.270972 0.527319 0.0253456 0.123075 2
0 0.341816 0.477686 0.0232553 0.102965 3
0 0.518148 0.445632 0.0238419 0.117877 4
0 0.233685 0.496195 0.0255744 0.112833 5
0 0.376814 0.329031 0.0167887 0.0790209 6
0 0.210706 0.495207 0.026767 0.109301 7
0 0.432814 0.455842 0.0250706 0.103997 8
0 0.295155 0.186859 0.0134804 0.0527209 9
0 0.574044 0.365791 0.0212221 0.0695754 10
0 0.167184 0.32623 0.0214705 0.0794556 11
0 0.474906 0.483919 0.0183204 0.10566 12
0 0.137285 0.787425 0.0496107 0.138213 13
0 0.120864 0.14623 0.0116311 0.0454251 14
0 0.0416737 0.461054 0.027658 0.0802464 15
0 0.506136 0.245811 0.0120435 0.0493245 16
0 0.0576373 0.184605 0.0140038 0.061517 17
0 0.0704281 0.0933263 0.00875881 0.0288369 18
0 0.145489 0.32297 0.0228249 0.0823772 19
0 0.225417 0.144143 0.0117527 0.0499373 20
0 0.151064 0.28904 0.0149505 0.0629179 21
0 0.31416 0.399664 0.0237219 0.092845 22
0 0.444189 0.513881 0.0339932 0.165266 23
0 0.394625 0.144883 0.010484 0.0459418 24
0 0.0108043 0.213738 0.0185736 0.0419525 25
1 0.178116 0.544289 0.0437908 0.117258 26
0 0.410688 0.15498 0.0101131 0.0417633 27
0 0.547757 0.365261 0.0183504 0.0565077 28
0 0.308774 0.143324 0.010893 0.0406209 29
0 0.366939 0.144549 0.0100762 0.0421433 30
1 0.432083 0.326156 0.019953 0.0541154 31
0 0.403759 0.142271 0.00889347 0.0536911 32
1 0.177693 0.581999 0.0456093 0.116038 33
0 0.438438 0.485981 0.030147 0.137936 34
0 0.384236 0.12838 0.00889753 0.039846 35
0 0.228682 0.0382456 0.00836177 0.0394669 36
1 0.447699 0.327054 0.0182398 0.0526143 37
0 0.0968513 0.16614 0.0126198 0.0512978 38
1 0.171901 0.509203 0.038232 0.0880195 39
0 0.351752 0.14978 0.010526 0.0374992 40
1 0.167974 0.20292 0.0142466 0.0308346 41
1 0.161477 0.393421 0.0225837 0.0793191 42
0 0.0982513 0.468524 0.0370966 0.0745177 43
0 0.142381 0.0889303 0.00946392 0.0314613 44
