0 0.258922 0.589354 0.0383237 0.131485 1
0 0.33204 0.624339 0.034435 0.133786 2
0 0.410115 0.921318 0.0472924 0.157365 3
0 0.55378 0.515577 0.0247893 0.110715 4
0 0.620361 0.512761 0.0348608 0.114318 5
0 0.669834 0.580527 0.0284706 0.130384 6
0 0.157728 0.756787 0.0462336 0.164787 7
0 0.292346 0.806949 0.0499105 0.132996 8
0 0.477301 0.476805 0.0206276 0.110241 9
0 0.439936 0.505494 0.0329151 0.112609 10
0 0.11624 0.168499 0.0123557 0.0520172 11
0 0.301645 0.363937 0.0233543 0.0908999 12
0 0.162131 0.628729 0.0480017 0.0927977 13
2 0.0332734 0.621749 0.0665468 0.0864521 14
0 0.519265 0.454983 0.0315121 0.134655 15
0 0.180767 0.457771 0.0249935 0.0829278 16
0 0.227155 0.593669 0.0228313 0.124431 17
0 0.0103932 0.43123 0.0207864 0.0907951 18
0 0.125491 0.246923 0.0156949 0.0539313 19
0 0.0919574 0.170003 0.0127428 0.0553481 20
0 0.471122 0.36484 0.0171013 0.0621214 21
1 0.215007 0.446173 0.0225469 0.0596275 22
0 0.105766 0.519744 0.0485079 0.0689049 23
1 0.0424027 0.494655 0.0440161 0.0907349 24
0 0.0673946 0.178956 0.0117607 0.0507643 25
0 0.578649 0.290453 0.0139247 0.0580688 26
0 0.333769 0.808132 0.0534311 0.112603 27
2 0.226078 0.71517 0.0663703 0.136254 28
0 0.484508 0.36026 0.0170509 0.0711316 29
0 0.435 0.928662 0.0428881 0.142482 30
0 0.333289 0.368904 0.0196393 0.0793822 31
0 0.341764 0.267362 0.0121672 0.067261 32
0 0.336967 0.352144 0.0250066 0.064027 33
0 0.0345955 0.170783 0.0124827 0.0494438 34
0 0.00565643 0.159418 0.0113129 0.0444895 35
0 0.283383 0.303536 0.0193051 0.0540584 36
0 0.640898 0.381784 0.0214997 0.054249 37
0 0.259376 0.20487 0.0110899 0.0487673 38
0 0.750528 0.391475 0.0179121 0.0712047 39
