0 0.658465 0.649307 0.0327282 0.129194 1
0 0.714094 0.512414 0.0234067 0.110061 2
0 0.566819 0.555724 0.0280723 0.112837 3
0 0.491252 0.485109 0.024867 0.0983854 4
0 0.462306 0.486955 0.0238192 0.0972987 5
0 0.305124 0.909134 0.0316487 0.140188 6
0 0.612847 0.485238 0.0210127 0.106229 7
0 0.286987 0.591131 0.0355399 0.133693 8
0 0.0917647 0.386457 0.0218239 0.0864366 9
0 0.461059 0.652723 0.0299307 0.128226 10
0 0.338144 0.360916 0.0167732 0.0802722 11
0 0.258487 0.895104 0.0405846 0.191486 12
0 0.536275 0.376125 0.019859 0.0672412 13
0 0.515412 0.379462 0.0188897 0.0667417 14
0 0.054679 0.335674 0.0175032 0.0690339 15
0 0.214403 0.561348 0.0371654 0.121816 16
0 0.0980957 0.227623 0.0192186 0.0573863 17
0 0.157451 0.575748 0.0300416 0.0758336 18
1 0.213368 0.747064 0.0357758 0.089851 19
0 0.229248 0.561866 0.039046 0.124946 20
0 0.38108 0.345564 0.0207042 0.0650218 21
0 0.431214 0.272846 0.0136265 0.0567037 22
0 0.230249 0.182452 0.0139126 0.0604435 23
0 0.0344628 0.2364 0.0190696 0.0385875 24
0 0.475136 0.572045 0.0284779 0.109778 25
0 0.279845 0.162318 0.00954228 0.0423307 26
0 0.430845 0.23355 0.0124969 0.0488124 27
0 0.209527 0.373442 0.0163014 0.068163 28
0 0.290124 0.46576 0.0229955 0.0561542 29
0 0.0846335 0.177313 0.012631 0.0548175 30
0 0.313071 0.458162 0.0212103 0.0523077 31
1 0.18913 0.65191 0.0515195 0.110537 32
0 0.652566 0.313468 0.0136596 0.0576754 33
0 0.151024 0.475124 0.0262132 0.0588265 34
0 0.39874 0.345114 0.0215499 0.0599309 35
0 0.190582 0.655877 0.0502875 0.113033 36
0 0.0641629 0.391794 0.0230477 0.0748936 37
0 0.440833 0.282895 0.0144485 0.0503621 38
0 0.105294 0.468761 0.025973 0.0909483 39
0 0.239233 0.761258 0.0267495 0.0853787 40
0 0.112637 0.444223 0.0229327 0.0729807 41
0 0.261541 0.423779 0.0264097 0.0589726 42
0 0.0148544 0.0756609 0.0137294 0.0443888 43
0 0.78737 0.292673 0.0158135 0.0483015 44
0 0.0424016 0.0785909 0.0150538 0.0636144 45
0 0.178735 0.140383 0.0110779 0.0466937 46
1 0.255461 0.421735 0.0371809 0.056033 47
0 0.0962045 0.458863 0.0294555 0.069233 48
0 0.226597 0.169841 0.0130181 0.0509672 49
