0 0.476662 0.478426 0.020965 0.104079 1
0 0.102094 0.636027 0.0377278 0.136852 2
0 0.540926 0.443313 0.0246161 0.0956197 3
0 0.0542747 0.274148 0.0197532 0.0754616 4
0 0.437575 0.488433 0.0211281 0.102215 5
0 0.627297 0.449034 0.021973 0.10044 6
0 0.37963 0.572099 0.0469997 0.126386 7
0 0.266755 0.466725 0.0279033 0.116796 8
0 0.419378 0.171075 0.0101584 0.0476764 9
0 0.438119 0.303914 0.018367 0.075834 10
0 0.150055 0.259294 0.0187712 0.0707633 11
0 0.214551 0.136985 0.0114706 0.046326 12
0 0.41076 0.469083 0.0246538 0.100418 13
0 0.531486 0.671824 0.027041 0.133314 14
0 0.531801 0.570546 0.0244707 0.0996474 15
0 0.255051 0.238306 0.0134075 0.0519516 16
0 0.114371 0.381399 0.0245602 0.0716441 17
0 0.0909687 0.243063 0.0180074 0.0608434 18
0 0.233607 0.2737 0.0161057 0.0617616 19
0 0.195777 0.152813 0.0109225 0.0439887 20
0 0.0884616 0.642242 0.0393531 0.124297 21
0 0.61724 0.358995 0.0209625 0.0724527 22
0 0.0995121 0.291024 0.0228165 0.0740204 23
0 0.376663 0.11716 0.0108582 0.044549 24
0 0.353334 0.362376 0.0232875 0.0833618 25
0 0.00813173 0.319514 0.0162635 0.0772365 26
0 0.0670921 0.139089 0.0120799 0.0476859 27
0 0.0520152 0.164938 0.012729 0.0424097 28
0 0.520218 0.134853 0.00915337 0.0400331 29
0 0.0421573 0.163543 0.0133355 0.0410473 30
0 0.278181 0.121294 0.00939503 0.0406907 31
0 0.1205 0.0962055 0.00934614 0.0265757 32
0 0.596367 0.360133 0.0185761 0.0650789 33
0 0.59103 0.247271 0.0138454 0.0581066 34
0 0.158252 0.393176 0.0277848 0.0675564 35
0 0.253238 0.131633 0.0100727 0.0428511 36
0 0.346606 0.0446451 0.00876227 0.0365682 37
0 0.247511 0.351609 0.0232156 0.0785924 38
0 0.32818 0.262108 0.0177364 0.0552718 39
0 0.268767 0.0702807 0.0088503 0.033309 40
1 0.194048 0.481508 0.0279934 0.0780326 41
0 0.0396391 0.0919411 0.00935803 0.03422 42
0 0.154046 0.181318 0.012986 0.0467129 43
0 0.410296 0.0244417 0.00945627 0.0322611 44
0 0.378434 0.382725 0.0140192 0.0470888 45
0 0.163838 0.181215 0.0132688 0.0426626 46
0 0.248211 0.280034 0.0186665 0.0741309 47
0 0.0657347 0.127949 0.0108518 0.0415027 48
0 0.289433 0.0642258 0.00904594 0.0293665 49
0 0.230844 0.434663 0.0254147 0.0874142 50
0 0.137949 0.396571 0.021464 0.0490145 51
0 0.0303341 0.07268 0.00986263 0.0379383 52
0 0.535693 0.127377 0.0095005 0.0414406 53
0 0.365726 0.0464239 0.00922641 0.033391 54
1 0.502939 0.306174 0.0201139 0.0546042 55
0 0.394881 0.0392905 0.00947108 0.0408166 56
0 0.0126612 0.419769 0.0253224 0.0638065 57
0 0.449192 0.130043 0.0110101 0.0369962 58
0 0.0111593 0.0736314 0.0107195 0.0320179 59
0 0.0326089 0.0812742 0.0102043 0.0434899 60
0 0.302324 0.174305 0.0117429 0.0320036 61
0 0.360801 0.0224969 0.00933679 0.0344052 62
0 0.362009 0.037845 0.00841638 0.0476823 63
0 0.490042 0.138818 0.0100327 0.0357888 64
0 0.150275 0.185181 0.0139229 0.0458599 65
