0 0.477537 0.479498 0.0214792 0.104261 1
0 0.046384 0.276502 0.0203169 0.0810186 2
0 0.626374 0.445161 0.0222355 0.107024 3
0 0.543395 0.443323 0.0276012 0.104927 4
0 0.362906 0.576405 0.040611 0.121723 5
0 0.105366 0.639312 0.0311475 0.136714 6
0 0.437149 0.49081 0.0226838 0.103342 7
0 0.433396 0.30607 0.0149757 0.0783658 8
0 0.207142 0.135553 0.0119835 0.0482577 9
0 0.140081 0.261413 0.0157304 0.0674501 10
0 0.613611 0.359656 0.0187118 0.0728045 11
0 0.266248 0.467998 0.026401 0.117676 12
0 0.413876 0.170854 0.0113189 0.0503143 13
0 0.409018 0.466234 0.0244916 0.0923701 14
0 0.250765 0.244929 0.0139523 0.0602436 15
0 0.0882296 0.647226 0.0402224 0.128406 16
0 0.11096 0.385493 0.0233017 0.0669284 17
0 0.0823868 0.244901 0.0209111 0.0647115 18
0 0.351503 0.365193 0.0254344 0.0832718 19
0 0.591036 0.359217 0.0188557 0.0671254 20
0 0.531524 0.567468 0.0250104 0.0899653 21
0 0.369105 0.115209 0.00925073 0.0442788 22
0 0.322972 0.271233 0.0159233 0.0633286 23
0 0.156393 0.395477 0.0267081 0.0703491 24
0 0.530467 0.669956 0.032647 0.134005 25
0 0.0890478 0.292442 0.0227788 0.0733004 26
0 0.0111817 0.427583 0.0223634 0.0708247 27
0 0.0588757 0.146479 0.012165 0.049582 28
0 0.514459 0.136599 0.00905246 0.0392844 29
0 0.233974 0.28026 0.020298 0.0756115 30
0 0.247139 0.366383 0.0184284 0.0842306 31
0 0.244462 0.133533 0.00934801 0.0381192 32
0 0.158664 0.177917 0.0106563 0.048652 33
0 0.442584 0.130924 0.0106201 0.0408087 34
0 0.270974 0.120893 0.00935386 0.0387067 35
0 0.11127 0.102182 0.0102299 0.0299879 36
0 0.0412533 0.165316 0.0122416 0.0394875 37
0 0.14672 0.182778 0.0110568 0.0475886 38
0 0.230529 0.434352 0.0229036 0.0886425 39
0 0.529127 0.13211 0.00978574 0.0428067 40
0 0.0301912 0.164685 0.0117352 0.0411568 41
0 0.241516 0.282921 0.0189394 0.0760257 42
0 0.18723 0.15215 0.0115472 0.0400005 43
0 0.206888 0.435864 0.021089 0.0747368 44
0 0.257556 0.0721802 0.00816279 0.032707 45
0 0.254695 0.459862 0.025924 0.108744 46
0 0.339067 0.0482265 0.00956878 0.0335165 47
0 0.40164 0.0237009 0.00929737 0.0273731 48
0 0.585503 0.24397 0.0126186 0.0645576 49
0 0.27914 0.0665065 0.00901631 0.0304475 50
0 0.280628 0.100472 0.00972319 0.0309425 51
0 0.352187 0.0452232 0.00910559 0.0368213 52
0 0.457985 0.136987 0.0111364 0.0385648 53
0 0.22995 0.378626 0.018919 0.0675081 54
1 0.352432 0.363482 0.0272601 0.0818051 55
0 0.170275 0.549137 0.0357028 0.0908222 56
0 0.00434398 0.102154 0.00868796 0.0359365 57
0 0.471173 0.132655 0.0119532 0.0501584 58
0 0.135511 0.395799 0.0222284 0.0518556 59
