0 0.72724 0.669141 0.0338997 0.131462 1
0 0.322133 0.364519 0.0173834 0.0844917 2
0 0.572549 0.570521 0.0305789 0.11023 3
0 0.645284 0.494407 0.022139 0.0887561 4
0 0.538392 0.455498 0.0274028 0.0976413 5
0 0.310379 0.608708 0.0303264 0.124906 6
0 0.477971 0.6165 0.0318804 0.131552 7
0 0.0666499 0.401521 0.0229361 0.0927761 8
0 0.194572 0.406406 0.0197606 0.0771003 9
0 0.0334643 0.401666 0.0279728 0.100848 10
0 0.024452 0.175371 0.0144883 0.0529034 11
0 0.218697 0.573098 0.0255773 0.1031 12
0 0.278577 0.790959 0.0349597 0.0936056 13
0 0.250062 0.58703 0.0378367 0.124739 14
0 0.375075 0.974168 0.0309846 0.0510432 15
0 0.0670308 0.588205 0.0313219 0.0681775 16
0 0.00470938 0.257304 0.00941877 0.0577725 17
0 0.161436 0.600244 0.0423666 0.0797151 18
0 0.468144 0.517053 0.0280322 0.113157 19
0 0.140954 0.497524 0.0248027 0.0631361 20
0 0.0180585 0.353841 0.0232676 0.0788716 21
0 0.18138 0.1957 0.013975 0.0586132 22
0 0.0614531 0.190918 0.0148343 0.0448772 23
0 0.504862 0.375089 0.0196903 0.069329 24
0 0.233274 0.164431 0.0118898 0.046364 25
0 0.744824 0.516024 0.0334468 0.0935791 26
0 0.526596 0.372415 0.0205787 0.0733063 27
0 0.243225 0.247505 0.0143528 0.0311157 28
1 0.324167 0.880216 0.038716 0.0995629 29
0 0.240838 0.780694 0.0568295 0.126752 30
1 0.207089 0.68025 0.050831 0.112692 31
0 0.267652 0.141866 0.00988116 0.0368491 32
0 0.177436 0.173071 0.0117345 0.0494036 33
0 0.0916011 0.489473 0.0313464 0.107707 34
0 0.379413 0.358497 0.0223744 0.0612142 35
0 0.1962 0.112779 0.0105859 0.0497817 36
1 0.240906 0.77725 0.0565019 0.11821 37
0 0.238832 0.164504 0.0120739 0.0471853 38
0 0.115857 0.172275 0.0117317 0.0562494 39
0 0.0946352 0.462716 0.0266571 0.0803229 40
0 0.363003 0.339179 0.0216955 0.0771001 41
0 0.6315 0.303751 0.0124418 0.0506629 42
0 0.372467 0.354057 0.0248156 0.0778436 43
0 0.198453 0.159809 0.0104321 0.0496867 44
0 0.756995 0.281524 0.0144169 0.0379632 45
0 0.234321 0.434551 0.0296669 0.0535277 46
0 0.0701061 0.474411 0.0215268 0.0673487 47
0 0.152952 0.167339 0.0113233 0.0442502 48
0 0.0257868 0.361959 0.024997 0.07663 49
