0 0.232451 0.638645 0.0371041 0.138243 1
0 0.363843 0.782064 0.0524563 0.187226 2
0 0.500942 0.440733 0.0249006 0.112062 3
0 0.382286 0.503249 0.0338482 0.1255 4
0 0.456079 0.93542 0.0496084 0.12568 5
0 0.0929714 0.922035 0.0436438 0.151876 6
0 0.559595 0.58886 0.0321112 0.123967 7
0 0.433648 0.625766 0.0449746 0.132331 8
0 0.467985 0.578239 0.0263069 0.118022 9
0 0.538697 0.537739 0.0280653 0.108871 10
0 0.183457 0.651883 0.0394575 0.142678 11
0 0.301946 0.857224 0.0578539 0.140931 12
0 0.303069 0.642836 0.0432428 0.148382 13
0 0.397961 0.506936 0.0317852 0.123407 14
0 0.0886038 0.511924 0.0255521 0.0975011 15
0 0.232586 0.286414 0.01316 0.0637116 16
0 0.02071 0.590061 0.0409851 0.0747658 17
0 0.0893059 0.477909 0.0237378 0.112167 18
0 0.207093 0.395794 0.0206852 0.0964086 19
0 0.245361 0.438261 0.0158184 0.0575135 20
0 0.123066 0.491422 0.0368703 0.0705952 21
0 0.416424 0.363123 0.0158497 0.0704532 22
0 0.500955 0.940366 0.0319944 0.112086 23
0 0.48327 0.29737 0.0149839 0.0718585 24
0 0.192805 0.371343 0.0185963 0.0664351 25
1 0.114147 0.696126 0.0461089 0.0977028 26
0 0.561863 0.376456 0.0220423 0.0563011 27
0 0.249376 0.370628 0.0204267 0.057353 28
0 0.358724 0.849691 0.0558147 0.115327 29
0 0.0900279 0.227279 0.0112224 0.0320293 30
0 0.213275 0.326085 0.0182383 0.0578556 31
0 0.19148 0.690316 0.0562409 0.207392 32
0 0.549549 0.564451 0.0496214 0.168058 33
0 0.195912 0.745346 0.049348 0.117332 34
0 0.592294 0.238605 0.0103504 0.0405131 35
0 0.392197 0.37505 0.019803 0.0651786 36
0 0.116407 0.194127 0.0100097 0.0423379 37
0 0.331513 0.271285 0.0124388 0.0542529 38
