0 0.372752 0.700677 0.0410316 0.157509 1
0 0.276527 0.692163 0.0383852 0.148537 2
0 0.490424 0.508994 0.0288431 0.116171 3
0 0.0944099 0.56061 0.0308859 0.0941582 4
0 0.223033 0.709067 0.0432057 0.146625 5
0 0.250864 0.836218 0.0503596 0.147346 6
0 0.0205697 0.424052 0.0201717 0.0751728 7
0 0.610502 0.430359 0.0235712 0.0966748 8
0 0.201701 0.424606 0.0278971 0.104603 9
0 0.523847 0.541225 0.0294744 0.118326 10
0 0.431947 0.515902 0.0295315 0.122198 11
0 0.149486 0.764829 0.0537669 0.106811 12
0 0.430132 0.919302 0.0571192 0.114696 13
0 0.0218367 0.653899 0.0432361 0.0809061 14
0 0.372273 0.92521 0.0540154 0.125802 15
0 0.204537 0.308278 0.0152714 0.0702678 16
0 0.780187 0.966821 0.0359521 0.0660383 17
0 0.286773 0.34384 0.0152195 0.0565415 18
0 0.584495 0.4995 0.0242335 0.126737 19
0 0.54577 0.517604 0.0269454 0.117945 20
0 0.565708 0.965817 0.0452544 0.0666671 21
0 0.58927 0.244377 0.012722 0.0419548 22
0 0.62569 0.966883 0.0336761 0.0662334 23
0 0.232328 0.548152 0.0260923 0.064897 24
0 0.560082 0.393463 0.0190848 0.0528277 25
0 0.126997 0.531895 0.0288745 0.0683529 26
0 0.209772 0.564109 0.0301351 0.0654326 27
0 0.571597 0.478287 0.0377365 0.126277 28
0 0.562112 0.446511 0.0231584 0.0884342 29
0 0.409083 0.3884 0.0186486 0.0676501 30
0 0.435982 0.466796 0.0262091 0.0805044 31
0 0.390723 0.395556 0.0192881 0.0658889 32
0 0.237829 0.400397 0.0214776 0.0569085 33
0 0.0835276 0.202559 0.00993331 0.0386232 34
0 0.0392432 0.235387 0.0103678 0.050819 35
