0 0.18721 0.834993 0.0514756 0.187638 1
0 0.414287 0.918407 0.0519314 0.161401 2
0 0.654425 0.570707 0.0278137 0.117455 3
0 0.453659 0.482926 0.0255389 0.112156 4
0 0.326275 0.617845 0.0304763 0.136265 5
0 0.581478 0.520748 0.0268682 0.113052 6
0 0.0956197 0.263127 0.0172332 0.0582831 7
0 0.259243 0.593116 0.0337477 0.130914 8
0 0.533627 0.506622 0.0258477 0.107984 9
0 0.152614 0.633785 0.048596 0.0875909 10
0 0.0843273 0.167184 0.0135895 0.0560172 11
0 0.406158 0.500673 0.038388 0.115254 12
0 0.293299 0.809733 0.0489149 0.131329 13
0 0.217078 0.596714 0.0310582 0.128329 14
0 0.280975 0.364184 0.0231479 0.0919811 15
0 0.496787 0.431767 0.0235947 0.0992049 16
0 0.321062 0.352705 0.0216422 0.0650354 17
0 0.318197 0.265353 0.013643 0.067518 18
0 0.0865829 0.528548 0.0363429 0.0700449 19
0 0.504395 0.451222 0.0281526 0.129125 20
0 0.160484 0.47018 0.0248961 0.0925782 21
2 0.025941 0.631898 0.051882 0.0841698 22
0 0.0234114 0.497931 0.0393421 0.0890339 23
0 0.0593993 0.168091 0.0129356 0.057958 24
0 0.0548983 0.116044 0.0120703 0.0584326 25
0 0.330467 0.808912 0.0654957 0.115081 26
0 0.29064 0.358108 0.0203255 0.0737444 27
0 0.624341 0.377403 0.0223129 0.054035 28
0 0.448628 0.923663 0.0364578 0.147772 29
0 0.0341325 0.188111 0.0128728 0.0415287 30
0 0.195449 0.449406 0.0317282 0.063365 31
1 0.0410556 0.558243 0.0279975 0.0656127 32
0 0.271399 0.469793 0.0420312 0.0681252 33
0 0.0411836 0.556744 0.0291237 0.0651832 34
1 0.196444 0.447785 0.0269588 0.0588223 35
0 0.50867 0.433645 0.0170202 0.092868 36
0 0.256965 0.290556 0.0160301 0.0492384 37
