0 0.265975 0.826166 0.0311123 0.126326 1
0 0.536463 0.531138 0.0314004 0.101956 2
0 0.357178 0.348691 0.0180983 0.0814582 3
0 0.661312 0.499664 0.027877 0.106989 4
0 0.287502 0.570052 0.0306109 0.126889 5
0 0.214817 0.538239 0.0255752 0.110879 6
0 0.242147 0.540643 0.0223533 0.124141 7
0 0.581287 0.585431 0.0265287 0.119492 8
0 0.0934691 0.316159 0.0164318 0.0726215 9
0 0.124005 0.359726 0.0202547 0.0805038 10
0 0.554713 0.37495 0.0201966 0.0679983 11
0 0.571461 0.475085 0.0225074 0.100727 12
0 0.0284872 0.168694 0.0135388 0.0436665 13
0 0.139379 0.160237 0.0131045 0.0486742 14
0 0.467502 0.482023 0.0214095 0.0832023 15
0 0.0872948 0.527168 0.0287064 0.0667808 16
0 0.435929 0.49493 0.0280144 0.0977953 17
0 0.0126027 0.518553 0.0245517 0.0824459 18
0 0.181424 0.204465 0.0149446 0.0525747 19
1 0.0128907 0.518007 0.0246303 0.082478 20
0 0.465391 0.556875 0.0319884 0.0970199 21
0 0.278491 0.181679 0.0123151 0.0587233 22
0 0.464183 0.622249 0.0324125 0.127397 23
0 0.534228 0.377113 0.0209594 0.0608306 24
0 0.35769 0.261877 0.0142223 0.0501911 25
0 0.0992445 0.366867 0.022363 0.0789487 26
0 0.32956 0.156763 0.011534 0.0438349 27
0 0.214239 0.852336 0.046398 0.206296 28
0 0.0421903 0.1 0.0118832 0.037741 29
1 0.207429 0.724224 0.0520946 0.116136 30
0 0.698559 0.421958 0.0256126 0.0512705 31
0 0.0707669 0.0645863 0.0101765 0.0371405 32
0 0.128869 0.443961 0.0243122 0.0848119 33
0 0.167099 0.547569 0.0282005 0.0800838 34
0 0.0522319 0.150022 0.0143555 0.058437 35
0 0.463875 0.248464 0.014987 0.0526657 36
1 0.410572 0.33693 0.0330315 0.0669573 37
0 0.292559 0.0983555 0.00979748 0.0399538 38
0 0.0535226 0.0703325 0.0120313 0.0378034 39
0 0.088151 0.22711 0.0163179 0.033428 40
0 0.408397 0.337845 0.0286882 0.0680873 41
0 0.169792 0.452792 0.0239981 0.0624535 42
0 0.819326 0.303133 0.0153363 0.0475549 43
0 0.345393 0.148875 0.0125699 0.0494141 44
0 0.333154 0.111362 0.00890378 0.0411601 45
0 0.355295 0.1434 0.0093701 0.0453917 46
0 0.326843 0.447816 0.0172627 0.0485699 47
1 0.187138 0.62086 0.0484187 0.106358 48
