0 0.324103 0.612824 0.0306166 0.129126 1
0 0.191114 0.840348 0.0491411 0.183604 2
0 0.65352 0.569858 0.0289689 0.117849 3
0 0.413669 0.916051 0.0545086 0.164703 4
0 0.452373 0.485979 0.0225158 0.109027 5
0 0.528836 0.505033 0.0276012 0.103992 6
0 0.576493 0.521497 0.0261514 0.115986 7
0 0.256545 0.592369 0.0379996 0.128884 8
0 0.404198 0.495805 0.0392084 0.116551 9
0 0.0903907 0.263851 0.0165711 0.0592657 10
0 0.15004 0.635074 0.0490805 0.0901094 11
0 0.292497 0.808903 0.0499811 0.132536 12
0 0.215621 0.595938 0.0297421 0.126462 13
2 0.0239368 0.637638 0.0478389 0.0825926 14
0 0.0782775 0.167553 0.0122809 0.0587749 15
0 0.277356 0.365453 0.0198535 0.0914061 16
0 0.497303 0.433801 0.0293504 0.102403 17
0 0.620829 0.377787 0.0221685 0.0531349 18
0 0.322654 0.810037 0.081247 0.122035 19
0 0.154001 0.472552 0.0167452 0.0881432 20
0 0.451322 0.923412 0.0329489 0.145956 21
1 0.0377657 0.555325 0.0310369 0.0630342 22
0 0.555951 0.288781 0.01443 0.0587963 23
0 0.083746 0.530034 0.0355233 0.0714968 24
0 0.254427 0.295165 0.0164038 0.0570678 25
0 0.0539378 0.167593 0.0142336 0.0649563 26
0 0.313548 0.366921 0.0238514 0.0822759 27
0 0.0149264 0.498819 0.0298528 0.0915388 28
0 0.132626 0.139929 0.0104365 0.0351674 29
0 0.0282748 0.188124 0.0130583 0.0427217 30
0 0.00712375 0.186034 0.0136152 0.0443083 31
0 0.255042 0.4808 0.0369025 0.0712761 32
0 0.229617 0.203016 0.0115401 0.0549378 33
0 0.162108 0.469853 0.0319405 0.0892605 34
0 0.224741 0.705171 0.0540657 0.133705 35
0 0.195424 0.449481 0.032441 0.0631286 36
0 0.271638 0.469589 0.0357834 0.069819 37
