0 0.340382 0.616293 0.0349679 0.140602 1
0 0.675649 0.496726 0.0302872 0.11321 2
0 0.685479 0.615823 0.0295193 0.12982 3
0 0.295547 0.368405 0.0177422 0.0860276 4
0 0.25267 0.593417 0.0379176 0.135464 5
0 0.565603 0.482963 0.0279648 0.106604 6
0 0.0238981 0.416477 0.0253688 0.0906396 7
0 0.374642 0.906705 0.0549203 0.122972 8
0 0.515867 0.448143 0.0283728 0.104409 9
0 0.0529854 0.702038 0.0380869 0.148585 10
0 0.462453 0.518797 0.0345966 0.181342 11
0 0.541718 0.541481 0.0268725 0.107748 12
0 0.268626 0.802543 0.0535267 0.125497 13
0 0.157907 0.61999 0.0473052 0.0873399 14
0 0.194329 0.447075 0.0240516 0.0773409 15
0 0.323179 0.338692 0.0213779 0.0707935 16
0 0.221426 0.588974 0.0259985 0.117812 17
0 0.350622 0.365841 0.0241438 0.0844489 18
0 0.1042 0.175038 0.0141082 0.0522832 19
0 0.536713 0.425335 0.0174345 0.081933 20
0 0.309782 0.804891 0.0406548 0.106902 21
0 0.129307 0.167206 0.0127439 0.0560576 22
0 0.114565 0.514925 0.039283 0.0648168 23
0 0.649704 0.39522 0.0230167 0.0603448 24
0 0.043492 0.188792 0.0127002 0.0494914 25
0 0.360382 0.270598 0.012429 0.0639262 26
0 0.0777135 0.170619 0.015729 0.0490106 27
0 0.0342554 0.613821 0.0641073 0.0935855 28
0 0.463924 0.480528 0.0233505 0.106949 29
0 0.386669 0.930398 0.0398854 0.139204 30
2 0.213683 0.701089 0.0694417 0.119423 31
0 0.479456 0.370199 0.0192518 0.0692237 32
0 0.495427 0.359241 0.0176336 0.0717482 33
0 0.291254 0.805661 0.0825002 0.112902 34
0 0.22433 0.445747 0.0298944 0.0669691 35
0 0.272383 0.480161 0.0340649 0.0653986 36
0 0.0613322 0.490225 0.0359228 0.0948603 37
0 0.593132 0.292195 0.0116222 0.0442179 38
