0 0.724505 0.671354 0.0312444 0.131309 1
0 0.304388 0.610171 0.0342005 0.124748 2
0 0.575625 0.569356 0.0278176 0.108309 3
0 0.321983 0.364358 0.017283 0.0861862 4
0 0.480885 0.622698 0.0298618 0.128972 5
0 0.64134 0.505815 0.0230026 0.102508 6
0 0.529216 0.461184 0.0364749 0.102936 7
0 0.0677671 0.398981 0.023088 0.0912606 8
0 0.0324702 0.17488 0.015521 0.0483436 9
0 0.0807758 0.190241 0.0145336 0.0436787 10
0 0.185137 0.201191 0.0139918 0.0546983 11
0 0.361893 0.969911 0.0340187 0.0571073 12
0 0.197047 0.408881 0.0214194 0.0773037 13
0 0.468711 0.525569 0.0297169 0.117697 14
0 0.0359138 0.40144 0.0257722 0.0960427 15
0 0.010589 0.248968 0.0189586 0.0563002 16
0 0.0210464 0.350671 0.0208695 0.0748917 17
0 0.21359 0.580449 0.032811 0.12697 18
0 0.745586 0.51331 0.0300813 0.0966938 19
0 0.505151 0.376267 0.0214743 0.0671668 20
0 0.159716 0.59703 0.0419552 0.0809974 21
0 0.523299 0.437905 0.0250046 0.120341 22
0 0.139267 0.494666 0.0255638 0.0576882 23
1 0.235078 0.775916 0.0460131 0.11537 24
1 0.315563 0.878343 0.0380888 0.10459 25
0 0.371635 0.349773 0.0360875 0.0814845 26
0 0.40348 0.271834 0.0138405 0.0658689 27
0 0.525773 0.376386 0.0221855 0.0756116 28
0 0.199135 0.108467 0.0114795 0.045108 29
0 0.759672 0.281995 0.0128168 0.0438021 30
0 0.0612421 0.5852 0.0374816 0.0680076 31
0 0.245794 0.577278 0.0292852 0.128118 32
0 0.232313 0.164883 0.0128335 0.0471208 33
0 0.632778 0.302374 0.0127276 0.0485553 34
0 0.202774 0.159071 0.0115979 0.0499989 35
0 0.270716 0.137728 0.00958395 0.0398135 36
