0 0.575732 0.915776 0.0445452 0.167945 1
0 0.488728 0.545821 0.0285543 0.120879 2
0 0.214264 0.828811 0.0520788 0.154636 3
0 0.0222217 0.446389 0.0209729 0.0733081 4
0 0.244548 0.682604 0.0390658 0.141741 5
0 0.347022 0.699086 0.0313886 0.142779 6
0 0.57835 0.5187 0.0276461 0.106633 7
0 0.0659896 0.559555 0.0280555 0.0973888 8
0 0.527083 0.511671 0.0226302 0.114285 9
0 0.458323 0.516823 0.0336142 0.114832 10
0 0.192053 0.700465 0.0383512 0.146906 11
0 0.385238 0.915715 0.067372 0.130688 12
0 0.116462 0.76087 0.0577525 0.106935 13
0 0.406365 0.536249 0.0348863 0.172119 14
0 0.337123 0.917486 0.0583991 0.128966 15
0 0.179006 0.425922 0.0297808 0.0969703 16
0 0.538897 0.422456 0.0219656 0.103739 17
0 0.517073 0.960008 0.0484199 0.0796917 18
0 0.391749 0.384065 0.0191141 0.0663216 19
0 0.190849 0.309939 0.0149921 0.0593673 20
0 0.577421 0.245018 0.0108575 0.0375936 21
0 0.259382 0.340807 0.0172805 0.0438143 22
0 0.372196 0.39106 0.0183813 0.0637362 23
0 0.454658 0.303545 0.0114763 0.0553692 24
0 0.0131227 0.639556 0.0262453 0.0691996 25
0 0.474739 0.462925 0.0228395 0.0971093 26
0 0.00906387 0.654852 0.0181277 0.06977 27
0 0.381097 0.384478 0.0162217 0.0691285 28
0 0.541977 0.39185 0.0183047 0.061356 29
0 0.269797 0.283119 0.0149472 0.0548348 30
0 0.0654161 0.242555 0.0135803 0.0572912 31
0 0.101646 0.53049 0.0325481 0.0731554 32
0 0.0708611 0.204817 0.0100624 0.036863 33
0 0.26495 0.285745 0.0141598 0.0561061 34
0 0.20848 0.541451 0.02563 0.0666139 35
