0 0.56986 0.583782 0.036962 0.122892 1
0 0.264505 0.818939 0.0316788 0.128552 2
0 0.534605 0.529138 0.0303345 0.10288 3
0 0.358335 0.348055 0.0167496 0.0823126 4
0 0.653479 0.499042 0.0264203 0.109359 5
0 0.215729 0.534309 0.0247907 0.113469 6
0 0.242337 0.536535 0.0247374 0.117922 7
0 0.287483 0.565962 0.0310648 0.129056 8
0 0.144147 0.154779 0.0142308 0.055271 9
0 0.127686 0.360782 0.0218816 0.0856617 10
0 0.0984138 0.314996 0.0164263 0.0713577 11
0 0.555987 0.37336 0.020529 0.0706004 12
0 0.0324972 0.166449 0.0136264 0.0435983 13
0 0.215523 0.856253 0.0355454 0.187279 14
0 0.46799 0.553679 0.0240419 0.102356 15
0 0.569238 0.473205 0.0220119 0.0968946 16
0 0.535951 0.375336 0.0202253 0.0641685 17
1 0.014322 0.514573 0.0275217 0.0825279 18
0 0.0603991 0.0689447 0.0124782 0.0363946 19
0 0.189966 0.204733 0.0149888 0.0569592 20
0 0.131733 0.438737 0.0232544 0.0852349 21
0 0.28558 0.181524 0.0165565 0.0625929 22
0 0.361246 0.259912 0.0135597 0.0475957 23
1 0.411976 0.335017 0.0304653 0.0626805 24
0 0.102182 0.368576 0.023198 0.0679707 25
0 0.0929994 0.222635 0.0149076 0.0349571 26
0 0.172673 0.449619 0.0232019 0.0607193 27
0 0.183275 0.621883 0.0614683 0.100134 28
0 0.168611 0.544721 0.0267688 0.0761267 29
0 0.240097 0.354305 0.0200705 0.0683416 30
0 0.823251 0.303966 0.0153677 0.0513526 31
0 0.241368 0.0789845 0.0139523 0.0487847 32
0 0.205605 0.722014 0.0630384 0.114187 33
0 0.330049 0.154862 0.0109861 0.0443944 34
0 0.454603 0.497881 0.0328091 0.106144 35
0 0.298597 0.0997392 0.0109421 0.045929 36
0 0.33617 0.153092 0.0107392 0.0469331 37
1 0.210212 0.71596 0.0475368 0.107753 38
0 0.00837 0.179642 0.0131156 0.0397074 39
0 0.698908 0.423537 0.0272272 0.0534892 40
0 0.0517655 0.100392 0.00965614 0.0311997 41
0 0.326708 0.446756 0.0198776 0.049647 42
0 0.347962 0.149598 0.00997418 0.0487674 43
0 0.0852178 0.521401 0.0357957 0.0688578 44
0 0.438331 0.495876 0.0315966 0.100358 45
