0 0.559318 0.551241 0.0296187 0.117204 1
0 0.635741 0.639421 0.0357102 0.12871 2
0 0.701095 0.507593 0.0232514 0.10513 3
0 0.297547 0.883405 0.0348004 0.144815 4
0 0.341571 0.360778 0.0157033 0.0793517 5
0 0.486789 0.490078 0.025339 0.100356 6
0 0.210321 0.557592 0.0289239 0.123626 7
0 0.45247 0.53376 0.0326182 0.143346 8
0 0.601361 0.483561 0.0227558 0.108951 9
0 0.237475 0.560182 0.0246147 0.13491 10
0 0.117661 0.222216 0.0152455 0.0604951 11
0 0.458298 0.645598 0.0334591 0.137052 12
0 0.100173 0.375838 0.0213954 0.0789618 13
0 0.0936833 0.168453 0.0143644 0.051869 14
0 0.54064 0.376244 0.0187823 0.0678191 15
0 0.455292 0.49812 0.0235406 0.0802563 16
0 0.155074 0.570426 0.0337128 0.0776476 17
0 0.186946 0.650576 0.0565003 0.111702 18
0 0.51833 0.379172 0.0194844 0.0644778 19
0 0.0673107 0.551293 0.0420788 0.0701621 20
0 0.0641237 0.325496 0.0160276 0.0617315 21
0 0.38494 0.34734 0.0199034 0.0600887 22
0 0.247819 0.892531 0.0386328 0.193203 23
0 0.289287 0.163789 0.0107673 0.042183 24
0 0.293185 0.464231 0.0214236 0.0534945 25
0 0.401703 0.337855 0.025477 0.075306 26
0 0.0470968 0.234777 0.0186729 0.0375584 27
0 0.471051 0.566579 0.028219 0.110545 28
0 0.214328 0.373116 0.0202115 0.0711381 29
0 0.246698 0.200421 0.0110721 0.0439838 30
0 0.0732155 0.393154 0.0209611 0.0667223 31
0 0.315351 0.15438 0.0103168 0.0513439 32
0 0.150644 0.471476 0.0333547 0.0574941 33
0 0.184526 0.152486 0.0121709 0.0478738 34
0 0.106893 0.438979 0.0256684 0.0752835 35
0 0.191539 0.138499 0.0107705 0.0459343 36
0 0.213982 0.743484 0.0402986 0.0948154 37
0 0.267083 0.419692 0.0217179 0.0577358 38
0 0.016329 0.0706048 0.0119179 0.0426483 39
0 0.00327844 0.0821873 0.00619857 0.0317075 40
0 0.26084 0.161099 0.00922087 0.0402694 41
0 0.286864 0.585037 0.0364126 0.139056 42
0 0.318321 0.145353 0.0109156 0.0430448 43
0 0.532735 0.379231 0.0209845 0.0648838 44
0 0.242365 0.171969 0.0116816 0.0488575 45
