0 0.50161 0.54689 0.0244058 0.119612 1
0 0.25039 0.685501 0.0393925 0.150617 2
0 0.198531 0.70211 0.0425109 0.150095 3
0 0.068589 0.560177 0.0292267 0.0978723 4
0 0.532607 0.508238 0.0248533 0.112996 5
0 0.353508 0.701227 0.0343073 0.14741 6
0 0.339829 0.917911 0.0544865 0.128028 7
0 0.183812 0.425256 0.0295801 0.100649 8
0 0.579591 0.51606 0.0285305 0.102529 9
0 0.0216836 0.442484 0.0192532 0.0682193 10
0 0.551918 0.428255 0.0223247 0.0961412 11
0 0.477443 0.505807 0.0346728 0.134259 12
0 0.222751 0.829103 0.0506229 0.156533 13
0 0.413518 0.552124 0.0335756 0.124654 14
0 0.192226 0.307674 0.0153242 0.0654876 15
0 0.393302 0.920231 0.0742206 0.138279 16
0 0.0171246 0.639928 0.0342491 0.0918232 17
0 0.124195 0.760888 0.0530619 0.105303 18
0 0.617 0.925663 0.0423529 0.142999 19
0 0.528086 0.959799 0.04743 0.0778662 20
0 0.223299 0.39434 0.0244288 0.070705 21
0 0.267321 0.337214 0.014955 0.0503807 22
0 0.581861 0.242999 0.0110391 0.0389476 23
0 0.39317 0.385004 0.0193637 0.0688156 24
0 0.457189 0.318357 0.0154776 0.0808684 25
0 0.45771 0.301714 0.0119633 0.054501 26
0 0.212724 0.396775 0.0225145 0.0719531 27
0 0.479142 0.469457 0.0283367 0.111267 28
0 0.374069 0.391047 0.0163975 0.0620816 29
0 0.590638 0.955542 0.0443899 0.088248 30
0 0.545872 0.392521 0.0160198 0.0485947 31
0 0.213585 0.540849 0.0252577 0.0688478 32
