0 0.43737 0.488434 0.0215732 0.102293 1
0 0.62734 0.458418 0.0242083 0.107427 2
0 0.478365 0.479833 0.0265299 0.104132 3
0 0.100635 0.63073 0.0366103 0.135229 4
0 0.53831 0.443022 0.0206687 0.096324 5
0 0.0629092 0.271126 0.0189129 0.0739047 6
0 0.239603 0.274321 0.0187205 0.0679741 7
0 0.158591 0.256163 0.0176424 0.0673106 8
0 0.224073 0.133055 0.0111243 0.0463229 9
0 0.443127 0.303829 0.0190355 0.0759157 10
0 0.402329 0.565328 0.0324218 0.128082 11
0 0.530815 0.66717 0.0296623 0.138512 12
0 0.204413 0.151806 0.0105605 0.0438424 13
0 0.261926 0.241825 0.0144017 0.0606041 14
0 0.013164 0.312672 0.0258468 0.0851688 15
0 0.269354 0.465089 0.0237793 0.11181 16
0 0.532565 0.574197 0.0277616 0.111723 17
0 0.0863746 0.636343 0.0363976 0.126784 18
0 0.108659 0.285872 0.0212783 0.0750432 19
0 0.256659 0.289154 0.0151221 0.0627173 20
0 0.413305 0.472444 0.0231525 0.105152 21
0 0.0778732 0.139161 0.0101836 0.0457171 22
0 0.120318 0.378792 0.0248987 0.0673016 23
0 0.0991897 0.2407 0.0159405 0.0530506 24
0 0.0104102 0.514278 0.0208204 0.118681 25
0 0.42618 0.168372 0.0108796 0.0462698 26
0 0.162774 0.392272 0.0274122 0.0640064 27
0 0.1559 0.182178 0.0136518 0.0466796 28
0 0.331791 0.257799 0.0152618 0.0513228 29
0 0.168573 0.177477 0.0122556 0.0517102 30
0 0.621471 0.360682 0.0207595 0.0705191 31
0 0.28681 0.120937 0.00971108 0.0368818 32
0 0.540622 0.123996 0.00969855 0.0435019 33
0 0.383718 0.11548 0.00909519 0.045175 34
0 0.131337 0.0907568 0.00860572 0.027299 35
0 0.0567448 0.162819 0.0137071 0.0441577 36
0 0.420826 0.0248542 0.00830305 0.02921 37
0 0.527314 0.135656 0.00887185 0.0405642 38
1 0.195944 0.480546 0.0302449 0.0750515 39
0 0.303236 0.0639712 0.00807869 0.0276368 40
0 0.358268 0.0446785 0.00736475 0.0334176 41
0 0.45896 0.131261 0.0108211 0.0399328 42
0 0.596163 0.244175 0.0135496 0.0655045 43
0 0.554804 0.132833 0.0106651 0.0459042 44
0 0.0235577 0.0754078 0.0101064 0.0294531 45
0 0.250941 0.437811 0.0251554 0.110173 46
0 0.495684 0.132747 0.0121465 0.0433097 47
0 0.598613 0.360938 0.0175896 0.0636091 48
0 0.295671 0.103034 0.0100172 0.0380283 49
0 0.0431971 0.0721871 0.00946989 0.0356221 50
0 0.263749 0.132757 0.0100843 0.0392978 51
0 0.482568 0.13391 0.0113891 0.0452895 52
1 0.503615 0.3059 0.0172557 0.0563697 53
1 0.359256 0.361085 0.0264634 0.079273 54
0 0.0646353 0.164442 0.0117563 0.0474795 55
0 0.261024 0.452268 0.0332726 0.135541 56
0 0.00580894 0.106367 0.0116179 0.0440058 57
0 0.0160314 0.421721 0.0320627 0.0610613 58
0 0.371366 0.0462656 0.00728435 0.0342229 59
0 0.0524483 0.0886903 0.00899305 0.0349994 60
0 0.556978 0.14834 0.0113127 0.0537775 61
0 0.0451067 0.081114 0.00996399 0.040068 62
0 0.357882 0.361755 0.0257154 0.0786658 63
