0 0.639447 0.639957 0.0317057 0.12523 1
0 0.560303 0.551922 0.0317027 0.116027 2
0 0.702149 0.507471 0.02526 0.103042 3
0 0.340956 0.360648 0.0159962 0.0789691 4
0 0.487582 0.489466 0.0246245 0.101362 5
0 0.602178 0.484233 0.026666 0.107437 6
0 0.299017 0.887948 0.0306009 0.140813 7
0 0.115922 0.221137 0.0157693 0.0557656 8
0 0.20988 0.557632 0.0279174 0.123996 9
0 0.459845 0.645717 0.0352265 0.139422 10
0 0.236271 0.560995 0.0276524 0.135464 11
0 0.0992676 0.380159 0.0228796 0.0856783 12
0 0.156362 0.57094 0.0337229 0.0791773 13
0 0.517135 0.378818 0.0207846 0.0647289 14
0 0.456577 0.494648 0.0227309 0.0817501 15
0 0.0913159 0.168203 0.0120438 0.0502897 16
0 0.25072 0.894007 0.0378275 0.191144 17
0 0.453377 0.53025 0.0357184 0.144628 18
0 0.184357 0.651923 0.0613607 0.112717 19
0 0.540328 0.376055 0.0190803 0.0679841 20
0 0.385044 0.34592 0.0211963 0.0623908 21
0 0.0661992 0.550713 0.0429935 0.0715373 22
0 0.0702071 0.394032 0.0277895 0.0681012 23
0 0.0639018 0.329906 0.0182582 0.0695741 24
0 0.402213 0.344313 0.0229612 0.0649709 25
0 0.0448389 0.236037 0.0176881 0.0357741 26
0 0.25684 0.113428 0.0107106 0.053528 27
0 0.213831 0.372338 0.0212063 0.0704037 28
0 0.150394 0.471855 0.0348887 0.0577927 29
0 0.265871 0.420366 0.0237284 0.0586788 30
0 0.46703 0.555966 0.0357084 0.127253 31
0 0.0574343 0.0876235 0.0133312 0.0504843 32
0 0.258832 0.158138 0.0101134 0.0447514 33
0 0.289164 0.596892 0.0303179 0.115246 34
0 0.0279905 0.0815359 0.0130734 0.0410419 35
0 0.294571 0.462123 0.0255502 0.0570775 36
0 0.106748 0.461008 0.0274109 0.0740821 37
1 0.213539 0.742483 0.0379646 0.0945282 38
0 0.240477 0.173628 0.0130858 0.0512705 39
0 0.290406 0.162598 0.0130689 0.0445604 40
0 0.533203 0.379181 0.0208042 0.0648548 41
0 0.244535 0.190316 0.0104779 0.0531903 42
0 0.0414438 0.0332831 0.0114672 0.0475876 43
0 0.0145102 0.0638738 0.0116851 0.0519751 44
