0 0.265172 0.508412 0.0256444 0.123211 1
0 0.522715 0.646402 0.0298195 0.142376 2
0 0.527473 0.440737 0.0293934 0.113975 3
0 0.338765 0.511285 0.0267327 0.113062 4
0 0.468178 0.554128 0.0316679 0.116451 5
0 0.328841 0.179607 0.0131182 0.0488934 6
0 0.209036 0.471514 0.0222012 0.11225 7
0 0.227225 0.479021 0.0249765 0.115001 8
0 0.387171 0.319 0.016508 0.0805272 9
0 0.52249 0.252779 0.0135889 0.0641098 10
0 0.110609 0.746119 0.0505682 0.13601 11
0 0.0360178 0.227486 0.0173479 0.0565122 12
0 0.0941856 0.162368 0.0117348 0.045452 13
0 0.435818 0.469534 0.0370299 0.132622 14
0 0.182122 0.313223 0.0245756 0.0844238 15
0 0.155498 0.132635 0.0113485 0.041945 16
0 0.26623 0.136876 0.0107028 0.0476141 17
0 0.0545831 0.202698 0.0124591 0.0388373 18
0 0.0835124 0.174091 0.0104357 0.0406915 19
0 0.578354 0.3602 0.0229767 0.0731673 20
0 0.125954 0.729035 0.0388332 0.155237 21
0 0.175165 0.489828 0.026443 0.0895764 22
0 0.00558606 0.343431 0.0111721 0.0789901 23
0 0.0524433 0.436409 0.024088 0.0774625 24
0 0.117473 0.0909472 0.00933686 0.0320133 25
0 0.441577 0.316831 0.0219992 0.062651 26
0 0.161358 0.306806 0.0181056 0.0724028 27
1 0.0523585 0.436706 0.0246809 0.0765556 28
0 0.0843257 0.1488 0.00886731 0.0396105 29
0 0.440392 0.278278 0.0175473 0.0978 30
0 0.134885 0.151752 0.0102405 0.0446283 31
0 0.172176 0.0785458 0.0089449 0.0336441 32
0 0.382074 0.143972 0.0129289 0.0418997 33
0 0.272359 0.0384588 0.00875711 0.0424619 34
1 0.166191 0.620401 0.0432037 0.108968 35
0 0.20969 0.0524704 0.00891888 0.0349806 36
1 0.174632 0.491573 0.0292783 0.0932303 37
0 0.428721 0.145452 0.011836 0.0422222 38
0 0.420475 0.13948 0.0114651 0.0446179 39
