0 0.558989 0.448519 0.0266676 0.103579 1
0 0.483922 0.480673 0.0261267 0.114534 2
0 0.524731 0.584189 0.02751 0.124141 3
0 0.345674 0.576561 0.0251613 0.125597 4
0 0.108869 0.66126 0.0327739 0.141426 5
0 0.264988 0.47744 0.0284971 0.115223 6
0 0.439374 0.496487 0.0223485 0.104802 7
0 0.0885711 0.674636 0.0459843 0.129892 8
0 0.110325 0.272295 0.0236266 0.0692425 9
0 0.411863 0.472547 0.0241524 0.0997715 10
0 0.396925 0.172178 0.012357 0.0494922 11
0 0.0559473 0.308421 0.0235668 0.0806318 12
0 0.0635295 0.251781 0.0178122 0.0597394 13
0 0.181098 0.138737 0.0124589 0.0512512 14
0 0.0982114 0.394593 0.0244586 0.0748959 15
0 0.60766 0.362993 0.0188168 0.0774294 16
0 0.351631 0.120299 0.0104864 0.0540473 17
0 0.0138744 0.288445 0.0213126 0.0754236 18
0 0.312005 0.28253 0.0155229 0.0573908 19
0 0.423314 0.305695 0.0141074 0.0777524 20
0 0.605611 0.433864 0.0230357 0.0943056 21
0 0.584254 0.362733 0.0190426 0.0656164 22
0 0.0277953 0.138234 0.0113183 0.0479607 23
0 0.226684 0.440519 0.0248312 0.102254 24
0 0.308439 0.0475961 0.00809383 0.0357968 25
0 0.231945 0.258925 0.0159246 0.0761277 26
0 0.492915 0.139384 0.0110401 0.044902 27
0 0.1291 0.191268 0.0127149 0.0457714 28
0 0.142072 0.181682 0.0130031 0.0395061 29
0 0.216145 0.286868 0.0177741 0.0755088 30
0 0.371326 0.0245829 0.00930716 0.0309185 31
0 0.533972 0.671173 0.0293636 0.153549 32
0 0.00814815 0.171197 0.0162963 0.0496183 33
0 0.229872 0.289577 0.0174836 0.0821892 34
0 0.162263 0.155715 0.0122679 0.0404841 35
0 0.571278 0.244934 0.0133528 0.0615951 36
0 0.418803 0.13579 0.0118685 0.0454332 37
0 0.200751 0.447358 0.0198442 0.073431 38
0 0.240778 0.383047 0.0185731 0.0641776 39
0 0.248915 0.125152 0.0105696 0.0456109 40
0 0.343199 0.365894 0.0269115 0.086366 41
0 0.518649 0.135568 0.0112829 0.0515545 42
0 0.553264 0.0958319 0.0093317 0.0399452 43
0 0.223865 0.0749906 0.0105921 0.0295411 44
0 0.220624 0.137316 0.0104036 0.037739 45
0 0.367468 0.387164 0.0166388 0.0471169 46
0 0.2253 0.399243 0.0230198 0.0981132 47
0 0.0852109 0.102638 0.00831325 0.0265569 48
0 0.162711 0.578052 0.041968 0.0896868 49
0 0.46656 0.134748 0.011935 0.042161 50
0 0.445962 0.13546 0.0119395 0.0491112 51
