0 0.328707 0.615701 0.0358443 0.12823 1
0 0.410461 0.921389 0.0468519 0.157221 2
0 0.45859 0.481933 0.0246394 0.109919 3
0 0.182738 0.827091 0.05004 0.190628 4
0 0.657067 0.571848 0.027577 0.118287 5
0 0.587132 0.519377 0.0308675 0.111513 6
0 0.258303 0.591769 0.0350265 0.128375 7
0 0.538124 0.508191 0.0229496 0.105162 8
0 0.293306 0.809209 0.0492471 0.132767 9
0 0.217848 0.596968 0.0313224 0.127963 10
0 0.0894385 0.168119 0.0138247 0.0572485 11
0 0.161319 0.468332 0.0221589 0.0876172 12
0 0.100187 0.259507 0.0152814 0.0535368 13
0 0.152668 0.633793 0.0479497 0.0902012 14
0 0.499165 0.435981 0.0243342 0.0997098 15
2 0.027312 0.63438 0.0546239 0.0776693 16
0 0.412562 0.503958 0.0313671 0.106383 17
0 0.506018 0.448169 0.031234 0.122415 18
0 0.284411 0.362573 0.0212969 0.0958332 19
0 0.326141 0.809171 0.0745984 0.118381 20
0 0.0221993 0.497615 0.0332985 0.0883178 21
1 0.32017 0.358308 0.0268603 0.0716878 22
0 0.0886968 0.530359 0.0396677 0.0719675 23
0 0.0649407 0.170048 0.0130669 0.0614632 24
0 0.199697 0.448794 0.0270716 0.0611433 25
0 0.0383273 0.184557 0.0163538 0.0471627 26
0 0.459088 0.363354 0.0198128 0.0643349 27
0 0.261736 0.298929 0.0151072 0.0501218 28
0 0.473967 0.357667 0.0182453 0.0645498 29
0 0.626647 0.377925 0.0233027 0.0546751 30
0 0.317884 0.364879 0.0231637 0.0809129 31
0 0.291828 0.364185 0.0209962 0.091691 32
1 0.197285 0.448784 0.031749 0.0591923 33
