0 0.295012 0.873014 0.0309391 0.138477 1
0 0.554665 0.550548 0.0265459 0.107602 2
0 0.628971 0.62745 0.0269982 0.128404 3
0 0.211504 0.555565 0.0280328 0.117413 4
0 0.344447 0.359805 0.0164813 0.0769986 5
0 0.484568 0.490527 0.0260373 0.104058 6
0 0.592038 0.479216 0.0277327 0.103997 7
0 0.519665 0.378654 0.019104 0.0669703 8
0 0.541536 0.37669 0.0193111 0.0676617 9
0 0.238345 0.555359 0.0230258 0.124294 10
0 0.102193 0.374828 0.0199116 0.0785182 11
0 0.69544 0.504464 0.0256481 0.107766 12
0 0.244956 0.888513 0.0398381 0.184779 13
0 0.0995308 0.166795 0.0159063 0.0569179 14
0 0.292986 0.459902 0.0197972 0.0550167 15
0 0.12784 0.217192 0.0139806 0.0497374 16
0 0.0680549 0.326616 0.01608 0.0637371 17
0 0.0712311 0.548131 0.0368311 0.0688582 18
0 0.317945 0.455272 0.0167726 0.0504105 19
0 0.455239 0.633525 0.0316124 0.144547 20
0 0.0518331 0.234535 0.0163326 0.0348707 21
0 0.584386 0.311456 0.0160298 0.0665361 22
0 0.387243 0.347427 0.0177318 0.0588686 23
0 0.157549 0.566763 0.0320633 0.0764324 24
0 0.45353 0.539698 0.0372381 0.130702 25
0 0.687077 0.423051 0.0287045 0.0522581 26
0 0.189096 0.644356 0.0505568 0.105926 27
0 0.0661503 0.0863929 0.0118248 0.0455697 28
0 0.291478 0.160137 0.00982314 0.0410138 29
1 0.25677 0.415254 0.0343879 0.0531449 30
0 0.453527 0.500635 0.0242981 0.0769023 31
0 0.0760277 0.385223 0.0246233 0.075021 32
0 0.214168 0.368037 0.0205095 0.0637114 33
0 0.240339 0.166171 0.0146883 0.0446618 34
0 0.00331204 0.103976 0.00662408 0.0376999 35
0 0.442343 0.248655 0.0126301 0.0428217 36
0 0.402273 0.344729 0.0268636 0.0597985 37
1 0.190248 0.645065 0.0485056 0.10799 38
0 0.00655387 0.0767656 0.0128714 0.0430085 39
0 0.197374 0.757075 0.040265 0.0903541 40
0 0.261191 0.104852 0.0112892 0.0449296 41
0 0.0398337 0.0770905 0.0118277 0.0402235 42
0 0.659298 0.319447 0.0153043 0.0607378 43
1 0.199834 0.748274 0.0433184 0.105862 44
0 0.0236652 0.069895 0.0120309 0.044381 45
0 0.0673098 0.0687527 0.0134176 0.0548086 46
0 0.0517208 0.0413573 0.0104616 0.042762 47
