0 0.265932 0.593572 0.0402299 0.141037 1
0 0.675078 0.588344 0.0254532 0.126846 2
0 0.63622 0.514868 0.0332031 0.116707 3
0 0.0137607 0.42624 0.0273239 0.10829 4
0 0.333327 0.623264 0.033522 0.136945 5
0 0.519343 0.451073 0.0301779 0.130915 6
0 0.478832 0.473755 0.0220379 0.118828 7
0 0.557269 0.521092 0.0231233 0.112731 8
0 0.416192 0.922175 0.0611654 0.15565 9
0 0.163405 0.628729 0.0504884 0.0930044 10
0 0.143577 0.730069 0.0444732 0.152585 11
0 0.231652 0.595946 0.030171 0.130005 12
0 0.190461 0.453839 0.0283301 0.0829818 13
0 0.29175 0.806353 0.0495106 0.130309 14
0 0.137912 0.247207 0.0141858 0.0530299 15
0 0.342646 0.361671 0.0238216 0.0898333 16
2 0.0366979 0.615156 0.0647911 0.091971 17
0 0.128291 0.16788 0.0122453 0.0540296 18
0 0.303866 0.364245 0.022435 0.0877314 19
0 0.528468 0.474256 0.0256593 0.105226 20
0 0.292682 0.300877 0.0147373 0.0512309 21
0 0.0775978 0.176376 0.0150168 0.0550986 22
0 0.336964 0.808731 0.0412484 0.110352 23
2 0.227389 0.708888 0.065832 0.122077 24
0 0.109669 0.51867 0.0375136 0.0673816 25
0 0.451078 0.500444 0.0257651 0.115936 26
0 0.103114 0.166164 0.0127755 0.0605268 27
0 0.0476188 0.487824 0.0318864 0.0835799 28
1 0.292913 0.80517 0.049347 0.127777 29
0 0.0461145 0.170312 0.0117029 0.0476928 30
1 0.220866 0.44211 0.0251061 0.0583413 31
0 0.056855 0.174257 0.0139533 0.0475104 32
0 0.240573 0.196485 0.0110604 0.0435959 33
0 0.49074 0.359683 0.0197001 0.0720164 34
0 0.0987888 0.111241 0.0125911 0.0517359 35
0 0.477748 0.365574 0.0171232 0.064648 36
0 0.194893 0.150252 0.0113296 0.0449904 37
