0 0.187405 0.701241 0.042551 0.148714 1
0 0.347329 0.701714 0.0334281 0.143388 2
0 0.0636332 0.558882 0.0270544 0.0988476 3
0 0.210368 0.828827 0.051812 0.152808 4
0 0.562268 0.910226 0.0459807 0.177285 5
0 0.0214952 0.446295 0.0199736 0.0714209 6
0 0.237919 0.677945 0.0452987 0.136675 7
0 0.404579 0.539151 0.0361684 0.163909 8
0 0.113798 0.760009 0.0575972 0.1047 9
0 0.578039 0.517331 0.0249447 0.105572 10
0 0.482719 0.541593 0.0259293 0.117563 11
0 0.453099 0.514557 0.0330137 0.118073 12
0 0.377971 0.920504 0.0743219 0.14177 13
0 0.32835 0.915321 0.0523356 0.123719 14
0 0.174916 0.422863 0.0296474 0.0987325 15
0 0.525301 0.508924 0.0235108 0.113422 16
0 0.469636 0.460442 0.0217183 0.0934367 17
0 0.533561 0.429693 0.0243353 0.0951765 18
0 0.10088 0.528265 0.0324667 0.072757 19
0 0.389437 0.384414 0.0195069 0.0678269 20
0 0.511727 0.959557 0.0487431 0.0792369 21
0 0.271986 0.28087 0.013533 0.058059 22
0 0.252317 0.337943 0.0157493 0.0470522 23
0 0.189114 0.309557 0.0176387 0.0594358 24
0 0.370222 0.391231 0.0194154 0.0634104 25
0 0.453259 0.298949 0.0121733 0.0475199 26
0 0.576033 0.241814 0.0112817 0.0405694 27
0 0.213154 0.393744 0.0295918 0.0730333 28
0 0.0118854 0.618236 0.0237709 0.0959798 29
0 0.377121 0.3872 0.0237649 0.0744353 30
0 0.266735 0.281857 0.0135062 0.0567076 31
0 0.065227 0.24569 0.0129862 0.0515217 32
