0 0.311261 0.612188 0.0384402 0.14724 1
0 0.526029 0.502676 0.0296725 0.122613 2
0 0.293224 0.818727 0.0585103 0.133471 3
0 0.650418 0.57532 0.0283522 0.129115 4
0 0.206146 0.937345 0.0610751 0.117717 5
0 0.435881 0.918604 0.0566589 0.162791 6
0 0.38306 0.504238 0.0388373 0.121239 7
0 0.13272 0.478305 0.0299319 0.0926 8
0 0.246368 0.370475 0.0207292 0.093789 9
0 0.249254 0.598542 0.0344585 0.132177 10
0 0.0517842 0.275331 0.0189614 0.0507085 11
0 0.497511 0.49483 0.0265405 0.1135 12
0 0.424092 0.48631 0.0259567 0.111882 13
0 0.02908 0.173802 0.0145002 0.060969 14
0 0.528047 0.283723 0.0153191 0.061189 15
0 0.488262 0.431994 0.0305229 0.102537 16
0 0.20207 0.597044 0.028396 0.107257 17
0 0.135365 0.650834 0.0487221 0.0940331 18
0 0.287168 0.372749 0.0239681 0.0980712 19
0 0.595782 0.373047 0.0220802 0.0525574 20
1 0.441084 0.357064 0.0288989 0.0699467 21
0 0.250875 0.666245 0.0420864 0.195743 22
0 0.174462 0.458509 0.0331121 0.0657659 23
0 0.161102 0.203123 0.0124364 0.047809 24
0 0.258613 0.368551 0.0208792 0.0938693 25
0 0.190536 0.208148 0.011 0.0567591 26
0 0.614113 0.265414 0.0100086 0.0309782 27
