0 0.720027 0.672351 0.0330303 0.130599 1
0 0.480983 0.624957 0.0292219 0.127705 2
0 0.322441 0.363556 0.0168695 0.0836685 3
0 0.57928 0.568326 0.0265095 0.109293 4
0 0.30273 0.609759 0.0307058 0.12317 5
0 0.0694001 0.399796 0.0251578 0.0949834 6
0 0.155143 0.59484 0.0452798 0.0807286 7
0 0.471297 0.531793 0.0299145 0.113707 8
0 0.640404 0.503875 0.022067 0.0910438 9
0 0.0392804 0.173187 0.0178891 0.0552935 10
0 0.212999 0.576633 0.0237474 0.116156 11
0 0.245537 0.576194 0.027486 0.125329 12
0 0.524467 0.463542 0.0233587 0.111439 13
0 0.195848 0.404588 0.0193281 0.0734567 14
0 0.0194497 0.248137 0.0185103 0.062388 15
0 0.350906 0.965138 0.0322443 0.0667013 16
0 0.506898 0.450922 0.020548 0.0993865 17
0 0.0372328 0.404125 0.0261697 0.0882509 18
1 0.229436 0.776983 0.04373 0.105972 19
0 0.526268 0.373877 0.0200623 0.0714157 20
0 0.100023 0.185011 0.0136006 0.0369923 21
0 0.024071 0.349791 0.0237311 0.0734944 22
0 0.743999 0.519652 0.0291786 0.0975067 23
0 0.306214 0.913568 0.0378473 0.171093 24
0 0.505212 0.374782 0.0194487 0.0668096 25
0 0.139799 0.493632 0.0252342 0.0578479 26
0 0.514176 0.45856 0.0363936 0.108102 27
0 0.185131 0.181111 0.0136197 0.0482583 28
0 0.307618 0.466899 0.01883 0.0516996 29
1 0.366011 0.338862 0.0238495 0.0692989 30
2 0.0511182 0.584656 0.0543614 0.0708954 31
0 0.266136 0.787546 0.0327466 0.0932159 32
0 0.188207 0.197857 0.0114826 0.0554202 33
0 0.521313 0.382746 0.019778 0.0678038 34
0 0.760748 0.28419 0.0130633 0.0383628 35
0 0.031049 0.390684 0.0286294 0.108103 36
0 0.249445 0.431876 0.0237405 0.0551221 37
0 0.405215 0.246906 0.0125997 0.040131 38
0 0.673657 0.410503 0.0245581 0.0501523 39
0 0.244708 0.16466 0.012802 0.0481878 40
0 0.247681 0.244207 0.0148057 0.0318952 41
1 0.381644 0.355625 0.0227871 0.054754 42
0 0.205114 0.111473 0.010441 0.0511899 43
0 0.0851177 0.494003 0.0384567 0.0849152 44
