0 0.480803 0.619673 0.0302827 0.130928 1
0 0.471293 0.478363 0.0242178 0.100646 2
0 0.274647 0.538689 0.0287066 0.126139 3
0 0.519302 0.454616 0.0227841 0.111993 4
0 0.234009 0.507639 0.0263467 0.115781 5
0 0.340088 0.45881 0.0243812 0.110963 6
0 0.369775 0.331772 0.0166949 0.0750536 7
0 0.0352919 0.188925 0.0177917 0.062226 8
0 0.211361 0.50723 0.0252511 0.109013 9
0 0.0942829 0.151681 0.011683 0.041722 10
0 0.567341 0.367504 0.0215124 0.0712826 11
0 0.0334025 0.47444 0.026474 0.0815363 12
0 0.267584 0.194767 0.0137309 0.0510995 13
0 0.191531 0.75176 0.0350101 0.117351 14
0 0.154742 0.333276 0.0195812 0.077248 15
0 0.44508 0.539032 0.027123 0.14399 16
0 0.437341 0.45646 0.0237355 0.0901035 17
0 0.071018 0.169549 0.0132576 0.0512252 18
0 0.199222 0.15082 0.0112564 0.0489799 19
0 0.493877 0.246373 0.0134941 0.0517464 20
0 0.544564 0.369083 0.0196165 0.0645137 21
0 0.0407303 0.100499 0.0105145 0.0331547 22
1 0.427165 0.321903 0.0220707 0.0613233 23
0 0.164369 0.805218 0.0373606 0.14141 24
0 0.405324 0.260665 0.0120226 0.0470715 25
0 0.132588 0.292907 0.0171684 0.0692608 26
0 0.0937048 0.482015 0.0372326 0.0723095 27
0 0.331331 0.152894 0.0109695 0.0379506 28
0 0.119968 0.0875143 0.00856228 0.0333277 29
0 0.380972 0.155767 0.0100753 0.0474798 30
0 0.189305 0.709409 0.0424221 0.146324 31
0 0.16577 0.070201 0.00827966 0.0284737 32
0 0.444062 0.473814 0.0225267 0.0964211 33
0 0.707385 0.42052 0.0228313 0.0504596 34
0 0.179745 0.0372677 0.00767569 0.0334899 35
0 0.132685 0.331885 0.0224159 0.0869508 36
1 0.280537 0.350132 0.0185881 0.0758551 37
1 0.18881 0.425892 0.0225643 0.0555037 38
0 0.14624 0.207283 0.0141846 0.0366191 39
0 0.135216 0.0615149 0.00941005 0.035449 40
1 0.442416 0.332149 0.016138 0.047678 41
0 0.303763 0.40573 0.0251947 0.0908675 42
0 0.153826 0.0597824 0.00899428 0.0389134 43
