0 0.177186 0.797929 0.0422367 0.173808 1
0 0.542347 0.510479 0.0260296 0.105288 2
0 0.410566 0.920828 0.043783 0.157146 3
0 0.661311 0.574312 0.0280662 0.124019 4
0 0.331725 0.617649 0.0445151 0.130931 5
0 0.594293 0.517004 0.0317801 0.111193 6
0 0.464416 0.481127 0.024467 0.106303 7
0 0.258998 0.591997 0.033877 0.129947 8
0 0.0970779 0.170412 0.0127781 0.0516457 9
0 0.29308 0.808184 0.0499476 0.134311 10
0 0.220235 0.595974 0.0325614 0.126768 11
0 0.420231 0.500678 0.0284413 0.11016 12
0 0.107419 0.258429 0.0157131 0.0505919 13
0 0.507287 0.443581 0.0343041 0.114113 14
2 0.0283347 0.630007 0.0566694 0.0814866 15
0 0.567085 0.289183 0.0152798 0.0581323 16
0 0.0727936 0.165428 0.0126769 0.0617067 17
0 0.0458577 0.183721 0.0157087 0.0479499 18
0 0.441225 0.929192 0.0450874 0.14122 19
0 0.16803 0.467275 0.0246763 0.0835168 20
0 0.28898 0.360648 0.0233407 0.0989922 21
0 0.323303 0.809765 0.0796563 0.122264 22
0 0.156115 0.6334 0.0499233 0.089462 23
0 0.0304272 0.498299 0.0382761 0.0873888 24
1 0.204889 0.447422 0.0228504 0.0601887 25
0 0.328194 0.269136 0.0132864 0.0703379 26
0 0.325159 0.36552 0.0253305 0.0893659 27
0 0.501497 0.429482 0.02414 0.0834881 28
0 0.0980509 0.52649 0.0384388 0.0711406 29
0 0.465142 0.363933 0.0225051 0.0660665 30
1 0.0324257 0.503985 0.0484722 0.0979404 31
2 0.0324311 0.530239 0.0631524 0.105241 32
0 0.0141491 0.171171 0.014971 0.0513156 33
2 0.226434 0.706763 0.0608416 0.12832 34
