0 0.265083 0.821212 0.0305572 0.128781 1
0 0.535261 0.531441 0.0312626 0.101681 2
0 0.572852 0.585153 0.0321388 0.121438 3
0 0.358057 0.348312 0.0171309 0.0831219 4
0 0.288197 0.567539 0.0306059 0.128042 5
0 0.215843 0.536027 0.0250575 0.11297 6
0 0.657484 0.498608 0.0246533 0.105311 7
0 0.242168 0.538051 0.0230658 0.119373 8
0 0.142799 0.156905 0.0125414 0.0523074 9
0 0.0307859 0.167649 0.0124938 0.044229 10
0 0.556065 0.374287 0.0216267 0.0716357 11
0 0.126877 0.358924 0.0201414 0.0837625 12
0 0.0971306 0.322088 0.0170552 0.0828583 13
0 0.53461 0.376042 0.0190671 0.0642548 14
0 0.169038 0.544708 0.0252055 0.0776681 15
0 0.0140499 0.517422 0.0255449 0.0843272 16
0 0.467103 0.553774 0.0245053 0.103425 17
0 0.284843 0.188184 0.0130686 0.0574757 18
0 0.213116 0.852852 0.0421997 0.196231 19
0 0.186552 0.204236 0.0152765 0.0538172 20
0 0.57031 0.47489 0.0211639 0.0974504 21
1 0.209209 0.72062 0.0512981 0.111783 22
0 0.131673 0.439187 0.0225802 0.0830497 23
0 0.461973 0.482731 0.0221989 0.0801261 24
0 0.0910912 0.222193 0.0155403 0.0347299 25
0 0.359704 0.259925 0.0129333 0.0442529 26
0 0.0885913 0.52626 0.0296124 0.0679098 27
0 0.0581043 0.0709329 0.0115213 0.0346457 28
0 0.329207 0.1579 0.0110681 0.042694 29
1 0.189535 0.6201 0.0455068 0.103029 30
0 0.131609 0.0935483 0.00890274 0.0327946 31
1 0.408074 0.33641 0.0232798 0.0646894 32
0 0.604541 0.311079 0.0153549 0.0760094 33
0 0.00789019 0.177925 0.0122366 0.0378734 34
0 0.698536 0.423372 0.0265429 0.0527878 35
0 0.369748 0.161441 0.0110637 0.0434678 36
0 0.821689 0.303863 0.0134959 0.0490044 37
0 0.436111 0.495886 0.0292334 0.0926544 38
0 0.12529 0.454855 0.0320795 0.0864565 39
0 0.0489863 0.101561 0.0108844 0.0308195 40
0 0.32648 0.447809 0.0192587 0.0488954 41
1 0.279291 0.404949 0.0284925 0.0525323 42
1 0.421224 0.332857 0.0214701 0.0700032 43
0 0.465452 0.252717 0.0147603 0.0461451 44
0 0.118391 0.07028 0.00980988 0.0361965 45
0 0.406039 0.338933 0.0208309 0.0656494 46
