0 0.0716859 0.559778 0.0275271 0.0963348 1
0 0.482092 0.518953 0.0283244 0.115527 2
0 0.0229614 0.438742 0.0231999 0.0758631 3
0 0.507765 0.550637 0.0266844 0.115258 4
0 0.257363 0.688006 0.040067 0.152628 5
0 0.358261 0.699752 0.0358126 0.1498 6
0 0.644973 0.933908 0.0367663 0.130224 7
0 0.572196 0.517786 0.0366075 0.100496 8
0 0.562379 0.430249 0.0221512 0.0938868 9
0 0.403486 0.91653 0.0632696 0.120493 10
0 0.534828 0.508159 0.0257152 0.118808 11
0 0.228897 0.832253 0.0531717 0.15271 12
0 0.207463 0.700517 0.0338819 0.14699 13
0 0.350523 0.921402 0.0457022 0.134745 14
0 0.417768 0.527178 0.0426703 0.168122 15
0 0.0175562 0.645307 0.0351124 0.0857374 16
0 0.187921 0.424473 0.0261949 0.102257 17
0 0.537157 0.960707 0.045903 0.076843 18
0 0.494279 0.454592 0.0186651 0.0814794 19
0 0.5939 0.966148 0.0321392 0.0677046 20
0 0.583692 0.242315 0.0120457 0.0397305 21
0 0.397811 0.384704 0.0184485 0.0715967 22
1 0.221503 0.395804 0.029532 0.0658898 23
0 0.31793 0.297978 0.0139634 0.0586086 24
0 0.461256 0.300631 0.011411 0.0516383 25
0 0.121682 0.762446 0.0391267 0.108594 26
0 0.381509 0.391239 0.0181557 0.0643176 27
1 0.430824 0.349105 0.0259741 0.0500397 28
0 0.271376 0.337515 0.0135673 0.0498256 29
0 0.432174 0.349242 0.024964 0.0509852 30
1 0.112823 0.531887 0.0297292 0.0711916 31
0 0.0774524 0.202231 0.0103457 0.0379987 32
