0 0.718676 0.674125 0.0325848 0.12918 1
0 0.299969 0.610233 0.0294316 0.124666 2
0 0.482043 0.63019 0.0268589 0.138037 3
0 0.521874 0.466833 0.0238726 0.101859 4
0 0.578339 0.567271 0.0263991 0.117206 5
0 0.0698848 0.399068 0.0245572 0.0938159 6
0 0.323634 0.363043 0.0168635 0.0835287 7
0 0.639951 0.497945 0.0210837 0.079034 8
0 0.47072 0.534979 0.0297754 0.113065 9
0 0.0252307 0.244756 0.0188471 0.0585977 10
0 0.501634 0.455347 0.0207012 0.0970088 11
0 0.154808 0.594221 0.0461124 0.0808999 12
0 0.212559 0.577948 0.0255078 0.119778 13
0 0.199433 0.401513 0.018932 0.0765452 14
0 0.0458634 0.174487 0.0165875 0.0497793 15
0 0.742902 0.518136 0.0262369 0.0970605 16
0 0.347305 0.961378 0.0330467 0.0733551 17
0 0.0258869 0.349589 0.0204835 0.0718063 18
0 0.243823 0.577542 0.0277768 0.132102 19
0 0.190637 0.195974 0.0124389 0.05711 20
0 0.109355 0.186353 0.0119548 0.0399545 21
0 0.526549 0.372444 0.0207736 0.0707435 22
0 0.507114 0.37768 0.0199585 0.0698941 23
0 0.251778 0.240666 0.0121774 0.0412969 24
0 0.302279 0.911452 0.0387631 0.173975 25
1 0.225613 0.781084 0.0437193 0.110475 26
0 0.765014 0.284982 0.0151243 0.0397853 27
0 0.0383649 0.405854 0.0268873 0.0907217 28
0 0.240522 0.165225 0.0123768 0.0441972 29
0 0.139682 0.492814 0.0245917 0.0579695 30
0 0.207486 0.112911 0.0101913 0.0508291 31
2 0.0521904 0.583368 0.051798 0.0722379 32
0 0.165012 0.170274 0.0110341 0.0390492 33
0 0.634685 0.306905 0.0131641 0.0524889 34
0 0.521161 0.379228 0.0202757 0.0688329 35
0 0.675183 0.411115 0.0241581 0.0496856 36
1 0.301998 0.885933 0.039108 0.124068 37
1 0.381893 0.350365 0.0224545 0.0627127 38
1 0.368648 0.338815 0.0255379 0.0701326 39
0 0.224248 0.78207 0.0439601 0.112488 40
0 0.260027 0.787007 0.0319765 0.0892019 41
0 0.280262 0.137782 0.00999308 0.0436303 42
0 0.249589 0.431073 0.0233409 0.0543141 43
0 0.283788 0.474516 0.0213654 0.0550236 44
0 0.306257 0.466944 0.0206751 0.0512277 45
0 0.562169 0.305777 0.012569 0.063062 46
1 0.231446 0.430451 0.0237181 0.0494587 47
2 0.010326 0.588242 0.0202985 0.0565474 48
