0 0.718911 0.515571 0.0265812 0.106477 1
0 0.66377 0.652963 0.0414064 0.12526 2
0 0.617375 0.485494 0.0250622 0.107546 3
0 0.566864 0.560546 0.0284584 0.114144 4
0 0.0892111 0.390216 0.025253 0.096072 5
0 0.334846 0.362878 0.0173958 0.0812354 6
0 0.49244 0.483432 0.0242695 0.100922 7
0 0.475747 0.571566 0.0341558 0.122046 8
0 0.207702 0.563659 0.0262394 0.119802 9
0 0.463512 0.483186 0.0232094 0.0958789 10
0 0.184504 0.659411 0.063805 0.113287 11
0 0.28764 0.592828 0.0355727 0.134085 12
0 0.0284357 0.238747 0.0183421 0.039275 13
0 0.20576 0.375702 0.019235 0.0669072 14
0 0.060598 0.397 0.0253401 0.0740551 15
0 0.0522511 0.333775 0.0192821 0.068955 16
0 0.0896005 0.2315 0.0188626 0.0597598 17
0 0.534673 0.37656 0.0207218 0.0681665 18
0 0.237657 0.563111 0.0246768 0.129732 19
0 0.153074 0.577771 0.0414423 0.0809952 20
0 0.0667086 0.562795 0.0325649 0.0658103 21
0 0.432119 0.272687 0.0155352 0.0574346 22
0 0.511858 0.379512 0.0215519 0.0636858 23
0 0.464904 0.651085 0.0305883 0.130332 24
0 0.308837 0.91562 0.0303362 0.134491 25
0 0.243396 0.421186 0.0254667 0.0510587 26
0 0.28762 0.469178 0.0217277 0.052885 27
0 0.227101 0.1892 0.0139495 0.0629206 28
0 0.312342 0.459203 0.0202123 0.0532416 29
0 0.378489 0.345044 0.0198874 0.0680724 30
0 0.396948 0.347099 0.0201234 0.0587604 31
0 0.0818278 0.177921 0.016618 0.0564458 32
0 0.168515 0.163075 0.0121026 0.0569156 33
0 0.300405 0.244401 0.0125025 0.0568235 34
1 0.21372 0.756264 0.0360072 0.107777 35
0 0.219462 0.564163 0.0499461 0.126901 36
0 0.0192473 0.0349801 0.0164792 0.0533197 37
0 0.783604 0.293005 0.0146513 0.0477661 38
0 0.277344 0.162413 0.00949335 0.0442582 39
0 0.261859 0.899277 0.0372746 0.188239 40
0 0.240193 0.765097 0.025634 0.0830309 41
0 0.101486 0.459985 0.0310166 0.0738224 42
0 0.00696218 0.0687272 0.0133699 0.0594991 43
0 0.103566 0.496541 0.024516 0.0537882 44
0 0.150195 0.47908 0.0255491 0.0561966 45
0 0.0848868 0.202242 0.0203072 0.0600989 46
0 0.428713 0.251942 0.0121997 0.0418636 47
0 0.682117 0.41999 0.0223281 0.0567488 48
0 0.211397 0.760232 0.0502956 0.112812 49
0 0.650124 0.312517 0.015151 0.0553404 50
