0 0.546808 0.54856 0.0250271 0.119275 1
0 0.379472 0.932894 0.0490785 0.127961 2
0 0.279275 0.699438 0.0430125 0.14434 3
0 0.635593 0.434801 0.0228554 0.0929847 4
0 0.490723 0.507778 0.0263642 0.123021 5
0 0.376401 0.711734 0.0461899 0.165251 6
0 0.433254 0.933405 0.0659135 0.130333 7
0 0.153558 0.773955 0.0540093 0.116034 8
0 0.255003 0.840097 0.0520986 0.137963 9
0 0.508226 0.535714 0.0281752 0.10456 10
0 0.0969625 0.564199 0.028011 0.0954642 11
0 0.202313 0.427447 0.0223007 0.103872 12
0 0.58582 0.452029 0.0292123 0.110787 13
0 0.230239 0.712203 0.0374393 0.147366 14
0 0.43901 0.502635 0.0273232 0.124366 15
0 0.619012 0.557268 0.0357138 0.0968482 16
0 0.0238789 0.657729 0.0472253 0.0796946 17
0 0.0267955 0.422982 0.0179757 0.0759247 18
0 0.284173 0.346809 0.0150731 0.0538263 19
0 0.562467 0.398544 0.0182452 0.0497399 20
0 0.590643 0.245843 0.0121291 0.039595 21
0 0.130678 0.536755 0.0297824 0.0691638 22
0 0.205243 0.310741 0.0160898 0.0716189 23
0 0.393156 0.396874 0.0179889 0.0683536 24
0 0.259501 0.283902 0.0156749 0.0590883 25
0 0.216216 0.564857 0.0435885 0.0726866 26
