0 0.265565 0.510505 0.0252131 0.124109 1
0 0.516444 0.642309 0.038237 0.14217 2
0 0.337804 0.51102 0.0257792 0.114006 3
0 0.525961 0.440208 0.0274931 0.115156 4
0 0.112157 0.749549 0.0497549 0.132877 5
0 0.467559 0.553842 0.0286415 0.114136 6
0 0.209583 0.472187 0.0234027 0.114377 7
0 0.226298 0.479375 0.0266085 0.115001 8
0 0.0300707 0.229004 0.0179336 0.0590952 9
0 0.386051 0.322319 0.0159262 0.08154 10
0 0.180465 0.317463 0.0233399 0.0908609 11
0 0.158128 0.31043 0.0178085 0.0726807 12
0 0.327374 0.184551 0.0122822 0.0499114 13
0 0.42828 0.447257 0.0226234 0.0943875 14
0 0.0912148 0.162917 0.012676 0.0491077 15
0 0.175415 0.488488 0.0250077 0.0846866 16
0 0.442238 0.47699 0.0278133 0.117653 17
0 0.131395 0.153751 0.0109295 0.0446873 18
0 0.441511 0.317833 0.020672 0.0628274 19
0 0.152324 0.140363 0.0111898 0.0425146 20
0 0.0523375 0.438712 0.0254876 0.0799611 21
0 0.173186 0.549284 0.0420974 0.0800323 22
0 0.0506373 0.205697 0.0133446 0.0367866 23
0 0.577534 0.360992 0.0241908 0.0719308 24
0 0.107302 0.451518 0.0344519 0.068886 25
0 0.261956 0.136351 0.0114662 0.050094 26
0 0.0804451 0.168228 0.0117454 0.0512875 27
0 0.418016 0.138345 0.010841 0.0450208 28
0 0.521024 0.251222 0.0138546 0.0645749 29
1 0.296228 0.338865 0.0213478 0.0725574 30
0 0.172976 0.285856 0.0161741 0.0688183 31
0 0.171171 0.0769436 0.00795098 0.0327754 32
0 0.232921 0.0601927 0.00738871 0.0318838 33
1 0.165549 0.61891 0.0440599 0.108324 34
0 0.169146 0.380136 0.025738 0.0773419 35
0 0.379889 0.144868 0.0115211 0.0415716 36
0 0.208171 0.0574482 0.00797167 0.0322173 37
1 0.554273 0.362437 0.021342 0.0624283 38
0 0.171881 0.591944 0.0450994 0.144613 39
0 0.269309 0.0401152 0.00882844 0.043882 40
0 0.114131 0.0880242 0.00984185 0.0279128 41
0 0.338892 0.143391 0.0107347 0.0425493 42
0 0.00558533 0.347792 0.0111707 0.0747254 43
0 0.255754 0.042313 0.00953225 0.0453574 44
0 0.222238 0.0493587 0.00809211 0.0369122 45
0 0.394422 0.139301 0.00927217 0.0404882 46
1 0.314267 0.387327 0.0251501 0.0881117 47
0 0.372271 0.142888 0.0115272 0.0437389 48
1 0.307287 0.367172 0.026047 0.054885 49
0 0.0833828 0.156565 0.0101877 0.0512058 50
0 0.394403 0.0901673 0.00883438 0.0388213 51
0 0.457427 0.482135 0.0322467 0.102 52
