0 0.23144 0.637918 0.0409469 0.139063 1
0 0.564445 0.589105 0.0289521 0.119503 2
0 0.456244 0.934464 0.0492377 0.127617 3
0 0.502595 0.441474 0.0232391 0.108787 4
0 0.0973124 0.922376 0.0456657 0.1522 5
0 0.537409 0.538116 0.0290586 0.112052 6
0 0.468858 0.585584 0.0261614 0.131161 7
0 0.382285 0.503931 0.0328321 0.126614 8
0 0.184706 0.648262 0.0401593 0.14235 9
0 0.362707 0.791284 0.0554475 0.211192 10
0 0.440288 0.631942 0.0476274 0.141382 11
0 0.400522 0.507757 0.0282713 0.123664 12
0 0.299308 0.855627 0.0573142 0.139015 13
0 0.302117 0.639978 0.0435513 0.152665 14
0 0.0900395 0.512996 0.0253628 0.0944218 15
0 0.415498 0.36653 0.0179056 0.0670279 16
0 0.0907345 0.475807 0.0237493 0.108889 17
0 0.0185624 0.588856 0.0366574 0.0733641 18
0 0.207707 0.392809 0.022127 0.0983483 19
0 0.499978 0.939975 0.0320024 0.113412 20
0 0.244633 0.439095 0.0155673 0.0586463 21
0 0.124487 0.491033 0.0355363 0.0695555 22
0 0.56279 0.376088 0.0200715 0.0562506 23
0 0.234277 0.283979 0.012121 0.0680597 24
0 0.593834 0.237233 0.0100586 0.0396246 25
0 0.19475 0.378947 0.0186807 0.0853262 26
0 0.190844 0.692389 0.0557705 0.215199 27
0 0.393929 0.372708 0.0204476 0.0721863 28
1 0.24928 0.369425 0.0237563 0.0607851 29
0 0.194508 0.750792 0.051136 0.135226 30
1 0.114575 0.693832 0.0497718 0.0982803 31
0 0.221994 0.502312 0.0276156 0.069461 32
0 0.249383 0.370172 0.023559 0.0598299 33
0 0.128168 0.225566 0.011998 0.0504457 34
