0 0.339568 0.617711 0.033013 0.136467 1
0 0.042711 0.706646 0.0451876 0.145872 2
0 0.684346 0.618249 0.0328387 0.129106 3
0 0.294185 0.369128 0.0186239 0.0893976 4
0 0.250118 0.591278 0.034775 0.132179 5
0 0.540425 0.547275 0.0273811 0.106873 6
0 0.680129 0.49432 0.0276485 0.112819 7
0 0.0237434 0.417792 0.0251282 0.0909529 8
0 0.513406 0.452161 0.0259585 0.104524 9
0 0.569857 0.480865 0.0262536 0.103613 10
0 0.365176 0.921631 0.0466553 0.151086 11
0 0.264262 0.802892 0.0551387 0.125201 12
0 0.220233 0.594878 0.0344474 0.130203 13
0 0.458753 0.521951 0.0330785 0.182038 14
0 0.193387 0.445789 0.0321878 0.0804265 15
0 0.350754 0.365456 0.0229201 0.086701 16
0 0.540305 0.436113 0.0238288 0.100776 17
0 0.301214 0.804698 0.0523829 0.107163 18
0 0.359863 0.268397 0.0141832 0.0698298 19
0 0.110899 0.515488 0.0438568 0.0654702 20
0 0.154592 0.619541 0.0480286 0.0871229 21
0 0.462501 0.480303 0.0215485 0.100595 22
0 0.647871 0.394748 0.0219516 0.0558071 23
1 0.210978 0.69962 0.0706713 0.12004 24
1 0.204001 0.447664 0.0293127 0.0662835 25
0 0.157246 0.161763 0.0127787 0.0607351 26
0 0.0614451 0.491912 0.0372218 0.0985279 27
0 0.380788 0.931574 0.0401543 0.136852 28
0 0.105206 0.176434 0.0160888 0.0525463 29
0 0.326741 0.338165 0.0236194 0.0726018 30
0 0.0791249 0.174829 0.0152634 0.0443568 31
0 0.129302 0.170597 0.0139622 0.0542599 32
0 0.49597 0.364538 0.0188892 0.0725674 33
0 0.225716 0.444054 0.0249538 0.0648455 34
