0 0.27435 0.53464 0.027565 0.124099 1
0 0.473741 0.47908 0.0241612 0.102671 2
0 0.485289 0.621702 0.0282862 0.134148 3
0 0.338694 0.463535 0.0222812 0.115182 4
0 0.233341 0.502607 0.0259077 0.111871 5
0 0.519331 0.450346 0.0224747 0.118459 6
0 0.210557 0.502955 0.0255143 0.107166 7
0 0.371356 0.330572 0.0162592 0.0765382 8
0 0.0349563 0.469884 0.0259642 0.0815282 9
0 0.444282 0.547072 0.024251 0.106532 10
0 0.57014 0.367013 0.0208738 0.0721025 11
0 0.10349 0.148525 0.010821 0.0423652 12
0 0.277155 0.195682 0.0147438 0.0530939 13
0 0.432616 0.454579 0.0184513 0.0923943 14
0 0.0432855 0.187225 0.0184904 0.0623973 15
0 0.0977807 0.481822 0.0331927 0.0693066 16
0 0.158418 0.338121 0.0218726 0.0841624 17
0 0.139066 0.290727 0.015241 0.0650551 18
0 0.207035 0.150451 0.0118437 0.0446132 19
0 0.412326 0.262545 0.0123492 0.0520427 20
0 0.546475 0.36982 0.0194034 0.0648639 21
0 0.146766 0.0607582 0.010256 0.0378653 22
0 0.293611 0.142568 0.00969415 0.040079 23
0 0.44222 0.473812 0.0166157 0.0796851 24
0 0.498908 0.244871 0.0122637 0.0521445 25
0 0.174646 0.521105 0.0293355 0.0957911 26
0 0.051425 0.0988246 0.0114138 0.0305958 27
1 0.156476 0.798962 0.04236 0.14141 28
0 0.383033 0.142116 0.0101972 0.0507375 29
0 0.209449 0.0418842 0.00775117 0.0392238 30
0 0.0794197 0.168388 0.0131143 0.0466559 31
1 0.185184 0.660487 0.046369 0.0940125 32
1 0.428835 0.322324 0.0215929 0.0613563 33
0 0.395128 0.15025 0.0104691 0.0508228 34
0 0.134958 0.326231 0.0200644 0.0735838 35
0 0.128659 0.0875183 0.00975308 0.0372324 36
0 0.198768 0.0618173 0.0101332 0.0362046 37
0 0.164653 0.0600233 0.00941386 0.0427751 38
0 0.333088 0.150901 0.0121737 0.0432778 39
1 0.153522 0.206192 0.0139647 0.0338056 40
0 0.160375 0.0255956 0.00956206 0.0375673 41
2 0.155769 0.800777 0.045901 0.141606 42
0 0.364263 0.130094 0.00945164 0.0371535 43
0 0.338716 0.153493 0.0107662 0.0370953 44
0 0.463936 0.167691 0.0107794 0.0375776 45
0 0.179517 0.743621 0.0321677 0.105279 46
