0 0.257189 0.849624 0.0534477 0.151055 1
0 0.534491 0.55821 0.0351601 0.115347 2
0 0.503857 0.502256 0.0253656 0.114757 3
0 0.43854 0.935763 0.0590243 0.124274 4
0 0.28279 0.699897 0.0406468 0.143113 5
0 0.383577 0.936589 0.0516065 0.126821 6
0 0.0241786 0.425975 0.0224367 0.0715591 7
0 0.0985715 0.565903 0.0280967 0.095915 8
0 0.383868 0.7145 0.0417469 0.163606 9
0 0.203504 0.431073 0.0222934 0.103109 10
0 0.606608 0.459313 0.0264869 0.101128 11
0 0.233708 0.715616 0.0357276 0.144446 12
0 0.652642 0.441897 0.0239782 0.102891 13
0 0.619702 0.582606 0.0373426 0.116938 14
0 0.152939 0.778016 0.0532824 0.116523 15
0 0.0281491 0.658417 0.0557825 0.0802308 16
0 0.277389 0.350355 0.0138749 0.0620048 17
0 0.130332 0.53848 0.0340156 0.0659785 18
0 0.466906 0.514885 0.0390112 0.134872 19
0 0.56343 0.398238 0.0196943 0.0499349 20
0 0.453724 0.477897 0.0271963 0.110018 21
0 0.592069 0.246296 0.0137078 0.0409265 22
0 0.214655 0.313567 0.0199836 0.0678337 23
0 0.468827 0.475057 0.0229944 0.115458 24
0 0.414151 0.390403 0.0206808 0.0728483 25
0 0.0405539 0.243629 0.0117314 0.0405212 26
0 0.394651 0.399935 0.017769 0.0632745 27
0 0.211497 0.300683 0.0165725 0.0540777 28
0 0.578714 0.970676 0.0455721 0.0586472 29
1 0.228736 0.401886 0.0198275 0.0651578 30
0 0.253558 0.278408 0.0130147 0.0673682 31
