0 0.314345 0.611752 0.0324295 0.126067 1
0 0.727136 0.667294 0.0414299 0.132332 2
0 0.322199 0.365881 0.0167284 0.081408 3
0 0.645957 0.490396 0.0235626 0.0933433 4
0 0.541223 0.455652 0.0255981 0.106456 5
0 0.573964 0.570082 0.032888 0.109045 6
0 0.477785 0.612167 0.0323125 0.137413 7
0 0.219741 0.566365 0.0240516 0.0920811 8
0 0.467635 0.516234 0.028175 0.118029 9
0 0.0663869 0.403491 0.0225901 0.093714 10
0 0.196854 0.409014 0.0217003 0.0846106 11
0 0.0219393 0.177036 0.0138823 0.0467393 12
0 0.0345725 0.414869 0.0256055 0.0938546 13
0 0.28111 0.792302 0.0328398 0.0910701 14
0 0.327288 0.913639 0.0376934 0.169742 15
0 0.746723 0.516458 0.0327518 0.091915 16
0 0.180696 0.198504 0.0134048 0.0582233 17
0 0.194009 0.114379 0.010171 0.050439 18
0 0.0166623 0.357177 0.0226673 0.0776724 19
0 0.197146 0.163129 0.0106153 0.0501844 20
0 0.0553404 0.193913 0.0137227 0.0461593 21
0 0.243526 0.779976 0.0550836 0.125291 22
0 0.141251 0.497905 0.0260652 0.0637881 23
0 0.162659 0.601227 0.041886 0.0787833 24
0 0.253584 0.580827 0.0296643 0.126246 25
0 0.23323 0.161894 0.0122075 0.0479343 26
0 0.0675318 0.589089 0.0309495 0.0679179 27
0 0.36267 0.339012 0.020408 0.0715165 28
0 0.240925 0.248134 0.013475 0.0318224 29
0 0.631014 0.303582 0.0120001 0.0489397 30
1 0.209773 0.681176 0.0539617 0.110375 31
0 0.505311 0.375095 0.0201136 0.068209 32
0 0.756089 0.278558 0.0131187 0.0402352 33
0 0.379686 0.361715 0.0208281 0.0631037 34
0 0.38291 0.973412 0.0320352 0.0526706 35
0 0.400594 0.249945 0.0125482 0.0338665 36
0 0.0946446 0.460627 0.0257228 0.0763756 37
0 0.40071 0.269523 0.0135983 0.0673436 38
1 0.245402 0.776135 0.0536861 0.117433 39
0 0.524368 0.370088 0.0198095 0.0750051 40
0 0.312266 0.468181 0.021446 0.0535424 41
0 0.093942 0.511905 0.0271073 0.0687424 42
0 0.373053 0.357211 0.0221125 0.0809302 43
0 0.0292235 0.393073 0.0237039 0.0945819 44
0 0.217618 0.585394 0.0341756 0.122162 45
0 0.266731 0.144071 0.0104339 0.0409189 46
