0 0.079678 0.563211 0.0333892 0.100812 1
0 0.192513 0.424738 0.0277238 0.102671 2
0 0.363438 0.701239 0.0375385 0.155504 3
0 0.487546 0.517263 0.0303907 0.11263 4
0 0.20972 0.703257 0.0432678 0.152589 5
0 0.358895 0.921446 0.060652 0.135645 6
0 0.537432 0.508988 0.0258001 0.11201 7
0 0.674046 0.938531 0.0405682 0.119251 8
0 0.0203438 0.647203 0.0406875 0.082431 9
0 0.0212636 0.436562 0.0198587 0.0737215 10
0 0.253394 0.716473 0.0606204 0.203184 11
0 0.136698 0.762435 0.058547 0.108059 12
0 0.508103 0.464502 0.0225638 0.1011 13
0 0.234069 0.824295 0.0540656 0.171169 14
0 0.42655 0.542603 0.0311596 0.127197 15
0 0.568814 0.502913 0.0291896 0.125559 16
0 0.407312 0.923226 0.068199 0.138944 17
0 0.512061 0.544898 0.0257301 0.131316 18
0 0.402758 0.383657 0.019869 0.0700983 19
0 0.384549 0.39496 0.0192241 0.0630249 20
0 0.584625 0.238908 0.010561 0.0372539 21
0 0.223392 0.541898 0.0245707 0.0686987 22
0 0.505085 0.520976 0.0413389 0.162421 23
0 0.545295 0.960864 0.041408 0.0749804 24
0 0.602614 0.964978 0.0328722 0.0699477 25
0 0.423463 0.506262 0.0293007 0.129841 26
0 0.203807 0.306159 0.0168157 0.0671767 27
0 0.1142 0.532864 0.0342022 0.0742915 28
0 0.391261 0.385589 0.0169579 0.0724972 29
0 0.55365 0.386946 0.0151687 0.0494664 30
0 0.571397 0.433813 0.0269905 0.0987277 31
0 0.222154 0.39762 0.0283451 0.0716783 32
0 0.276676 0.340087 0.0151723 0.0478648 33
0 0.454728 0.343918 0.0158455 0.0417075 34
1 0.225455 0.393494 0.0290062 0.0739858 35
