0 0.731357 0.666807 0.0334503 0.133118 1
0 0.316968 0.612029 0.0313877 0.126049 2
0 0.322148 0.365925 0.0164515 0.0813397 3
0 0.64638 0.489186 0.0243925 0.0962056 4
0 0.478481 0.61116 0.0311688 0.138584 5
0 0.541808 0.454042 0.0255007 0.107372 6
0 0.574735 0.568449 0.0326736 0.11344 7
0 0.467632 0.511442 0.0275629 0.109582 8
0 0.220493 0.566639 0.0231213 0.0909938 9
0 0.0664547 0.404337 0.022879 0.0949302 10
0 0.0328632 0.404221 0.0282589 0.105271 11
0 0.197719 0.408959 0.0207382 0.0855679 12
0 0.0190168 0.176848 0.0131823 0.0441297 13
0 0.748685 0.514372 0.0301235 0.093463 14
0 0.192976 0.113044 0.0104922 0.0528856 15
0 0.387484 0.974638 0.0319526 0.0507237 16
0 0.254817 0.579442 0.0281811 0.122249 17
0 0.163538 0.601476 0.0428867 0.0780861 18
0 0.328411 0.913389 0.0368446 0.169424 19
0 0.0672239 0.588281 0.0316544 0.0687475 20
0 0.0156265 0.356796 0.0225986 0.0794192 21
0 0.182207 0.206105 0.0126323 0.0471008 22
0 0.140894 0.498294 0.0277574 0.0643309 23
0 0.50534 0.374217 0.0204232 0.0703012 24
1 0.248419 0.772556 0.0515875 0.106545 25
0 0.230138 0.163567 0.0115806 0.0448279 26
1 0.206181 0.681018 0.0559677 0.106965 27
0 0.240532 0.248151 0.0142872 0.0312315 28
0 0.400682 0.269499 0.0145974 0.0676768 29
0 0.277664 0.792315 0.0410533 0.095066 30
0 0.755575 0.277252 0.0128293 0.040157 31
0 0.362508 0.338509 0.0201542 0.0718227 32
0 0.268234 0.165531 0.0123181 0.053026 33
0 0.0537694 0.194694 0.0168901 0.0461245 34
0 0.52646 0.370032 0.0205498 0.0773362 35
0 0.247431 0.59772 0.0393601 0.0970748 36
0 0.400493 0.252675 0.0128435 0.0391181 37
0 0.0924322 0.4597 0.0228171 0.0737978 38
0 0.178988 0.194426 0.0156003 0.061323 39
0 0.379726 0.361944 0.0209179 0.0655419 40
0 0.312255 0.468616 0.0209191 0.0526811 41
0 0.63114 0.303872 0.0121102 0.049236 42
0 0.119181 0.152749 0.0138747 0.0484796 43
0 0.115544 0.178678 0.0124259 0.0559071 44
1 0.233798 0.435427 0.0296741 0.0514753 45
0 0.265267 0.159649 0.00943005 0.0513104 46
0 0.0947383 0.518682 0.0252822 0.0563342 47
0 0.248478 0.158076 0.010628 0.0504066 48
0 0.521233 0.361483 0.0211209 0.0776322 49
0 0.197519 0.165411 0.010147 0.0521315 50
0 0.23467 0.163409 0.0120187 0.0435234 51
0 0.238693 0.162449 0.0113133 0.0477176 52
0 0.266107 0.143494 0.00923239 0.0357418 53
