0 0.389748 0.49482 0.0278212 0.112024 1
0 0.31752 0.673194 0.0336923 0.148847 2
0 0.434068 0.825702 0.0479181 0.161639 3
0 0.226826 0.66221 0.0351162 0.135563 4
0 0.561464 0.529109 0.0326807 0.107654 5
0 0.194212 0.789154 0.0485273 0.119118 6
0 0.505875 0.445653 0.0220613 0.101123 7
0 0.0654431 0.542292 0.0275996 0.087533 8
0 0.179876 0.676482 0.0356128 0.141932 9
0 0.304089 0.886791 0.0523041 0.138272 10
0 0.467807 0.443952 0.0225321 0.0902307 11
0 0.472194 0.948111 0.0403139 0.103778 12
0 0.350464 0.890365 0.0653914 0.118767 13
0 0.186995 0.41098 0.0211143 0.0959536 14
0 0.291789 0.281689 0.0178197 0.0607309 15
0 0.528054 0.554279 0.0240452 0.116037 16
0 0.0523645 0.459701 0.0246072 0.0852137 17
0 0.462924 0.550465 0.0263419 0.101551 18
0 0.23376 0.455503 0.0187058 0.0582886 19
0 0.103655 0.733238 0.0545922 0.10407 20
0 0.415939 0.503613 0.0236955 0.103979 21
0 0.201778 0.308813 0.0166535 0.0642667 22
0 0.459808 0.306983 0.0148894 0.0833783 23
0 0.437 0.551641 0.0273205 0.0925452 24
0 0.100037 0.513688 0.0420484 0.0719642 25
0 0.204316 0.527771 0.0250859 0.0642005 26
0 0.372405 0.384576 0.0206653 0.0656857 27
0 0.167282 0.39423 0.0241453 0.0755829 28
0 0.127509 0.252234 0.0111251 0.0415383 29
0 0.0130127 0.612018 0.0260253 0.064854 30
0 0.576097 0.242875 0.0113648 0.0422255 31
0 0.00806252 0.638896 0.016125 0.0861062 32
0 0.182139 0.548645 0.0277666 0.0578781 33
0 0.541295 0.379834 0.0192743 0.0490858 34
