0 0.604375 0.592908 0.0338687 0.127221 1
0 0.161155 0.920134 0.0507847 0.157059 2
0 0.120303 0.678161 0.0546532 0.0915799 3
0 0.404718 0.498705 0.0293236 0.126785 4
0 0.233738 0.621819 0.0419228 0.139853 5
0 0.378052 0.503406 0.025244 0.121199 6
0 0.53011 0.525791 0.0242184 0.109543 7
0 0.475977 0.627835 0.050353 0.156678 8
0 0.450673 0.925139 0.0482476 0.144364 9
0 0.191316 0.632492 0.0392199 0.138554 10
0 0.503042 0.438064 0.025189 0.106617 11
0 0.103989 0.492655 0.0267567 0.0978142 12
0 0.221233 0.381124 0.0248642 0.097934 13
0 0.518816 0.425502 0.0204548 0.0980433 14
0 0.295377 0.835283 0.0558816 0.132953 15
0 0.0357047 0.570417 0.0529571 0.0786828 16
0 0.201869 0.739861 0.0471783 0.127215 17
0 0.31851 0.716611 0.0317734 0.128282 18
0 0.0164752 0.291923 0.0159102 0.0481509 19
0 0.573719 0.372684 0.0202109 0.0509138 20
0 0.305414 0.614193 0.0320293 0.124597 21
0 0.250871 0.407881 0.0175373 0.0659824 22
0 0.251466 0.276668 0.0113169 0.0613683 23
0 0.143345 0.476955 0.0274358 0.066349 24
0 0.425089 0.357369 0.0215402 0.0718341 25
0 0.324447 0.833235 0.090209 0.146884 26
0 0.228092 0.489848 0.03504 0.0701397 27
0 0.40561 0.346316 0.016566 0.0601269 28
0 0.405339 0.366475 0.0190046 0.064304 29
