0 0.569357 0.58084 0.0377378 0.127484 1
0 0.263387 0.817618 0.0326904 0.128906 2
0 0.649551 0.498761 0.0295234 0.113473 3
0 0.358927 0.347427 0.0184635 0.0837234 4
0 0.215887 0.53418 0.0250757 0.1121 5
0 0.533452 0.527985 0.0298689 0.102245 6
0 0.241975 0.534947 0.0223766 0.117565 7
0 0.0339512 0.165522 0.0132619 0.0448755 8
0 0.148019 0.156459 0.0139554 0.0548116 9
0 0.0991197 0.314338 0.0160305 0.0717105 10
0 0.286423 0.564547 0.0310908 0.130357 11
0 0.12871 0.363543 0.0234101 0.0883135 12
0 0.192062 0.202692 0.0132811 0.0569758 13
0 0.556672 0.372209 0.0205361 0.0692779 14
0 0.183075 0.620295 0.0620574 0.0994456 15
0 0.467675 0.549592 0.0238857 0.0978491 16
0 0.21517 0.854843 0.0351063 0.186315 17
0 0.167975 0.543095 0.0386851 0.07164 18
1 0.415251 0.335507 0.0351649 0.0677631 19
0 0.535708 0.375444 0.0201092 0.0657957 20
0 0.568922 0.470327 0.0221872 0.0908996 21
0 0.00899584 0.173634 0.0145282 0.0403128 22
0 0.288914 0.191252 0.0138716 0.0535211 23
0 0.33466 0.15143 0.0127592 0.0500241 24
0 0.362451 0.257948 0.0148877 0.0453491 25
0 0.0942823 0.222214 0.01604 0.0341746 26
0 0.05403 0.101793 0.010494 0.0322239 27
0 0.173965 0.447933 0.0241404 0.0599637 28
1 0.01473 0.51318 0.0280987 0.0834859 29
1 0.278856 0.40266 0.0325389 0.0540832 30
1 0.209536 0.712225 0.0452556 0.101451 31
0 0.0612351 0.0677713 0.0114082 0.0343552 32
0 0.699027 0.422504 0.0264067 0.05466 33
0 0.0155496 0.513457 0.0281096 0.084878 34
0 0.103892 0.368214 0.0226487 0.0718875 35
0 0.284445 0.166209 0.0138 0.043922 36
0 0.132116 0.438163 0.0237077 0.0880727 37
0 0.353239 0.147742 0.0122252 0.0525999 38
0 0.356152 0.121261 0.00935698 0.0416522 39
0 0.205388 0.722518 0.0611341 0.112588 40
0 0.44023 0.501367 0.0349348 0.10601 41
0 0.450766 0.495246 0.0314955 0.105976 42
0 0.825053 0.304284 0.0163067 0.0511272 43
