0 0.257164 0.850064 0.051806 0.154157 1
0 0.282749 0.701612 0.0407043 0.146062 2
0 0.439478 0.93546 0.0579321 0.121661 3
0 0.661051 0.442787 0.0253228 0.100832 4
0 0.0985554 0.565918 0.0281616 0.0962172 5
0 0.382744 0.937197 0.0528585 0.125605 6
0 0.198728 0.434729 0.0247106 0.107457 7
0 0.384391 0.716173 0.0419148 0.162397 8
0 0.233906 0.717022 0.0357489 0.146945 9
0 0.512162 0.534527 0.0389988 0.158685 10
0 0.601705 0.59205 0.0434638 0.133579 11
0 0.616199 0.4647 0.0272225 0.0998356 12
0 0.503625 0.500208 0.0244089 0.112874 13
0 0.147677 0.778352 0.0436415 0.116134 14
0 0.0354808 0.429005 0.0368794 0.0682386 15
0 0.026208 0.65867 0.0514656 0.0808781 16
0 0.278513 0.353808 0.0144456 0.0612547 17
0 0.214979 0.309122 0.01851 0.0755859 18
0 0.470219 0.520809 0.0389727 0.115232 19
0 0.563045 0.396774 0.0205065 0.0488662 20
0 0.592 0.24923 0.0131248 0.0421981 21
0 0.131791 0.540217 0.031023 0.0698007 22
0 0.457242 0.456428 0.020023 0.080503 23
0 0.0403065 0.241778 0.0122769 0.0415693 24
0 0.480876 0.458312 0.0223864 0.0951215 25
0 0.413503 0.390769 0.0201357 0.0747323 26
0 0.592426 0.270525 0.0159155 0.0719678 27
0 0.577322 0.285168 0.0106487 0.0396122 28
1 0.240045 0.404972 0.0229494 0.0560786 29
