0 0.648582 0.583034 0.0301375 0.13145 1
0 0.435908 0.917608 0.050111 0.164784 2
0 0.294059 0.818991 0.0615023 0.130647 3
0 0.196423 0.932957 0.0451152 0.131194 4
0 0.26343 0.695127 0.0389471 0.145929 5
0 0.307303 0.613032 0.0390488 0.148636 6
0 0.382375 0.505721 0.0347916 0.117703 7
0 0.121392 0.481386 0.0240971 0.0925923 8
0 0.0428451 0.282437 0.0157762 0.0573784 9
0 0.518895 0.288256 0.016991 0.0649614 10
0 0.420248 0.489823 0.0227035 0.114511 11
0 0.245341 0.602664 0.031392 0.133674 12
0 0.238356 0.368404 0.0235511 0.102942 13
0 0.52266 0.527365 0.033378 0.131464 14
0 0.0135893 0.1713 0.0170545 0.0688244 15
0 0.198322 0.610912 0.0344402 0.133128 16
0 0.501677 0.43256 0.0265876 0.0944733 17
0 0.509082 0.520891 0.034011 0.119678 18
0 0.0545974 0.551369 0.0443773 0.0794853 19
0 0.440195 0.353148 0.0245021 0.0692692 20
0 0.275398 0.373677 0.0228285 0.101295 21
0 0.0368151 0.146983 0.0121563 0.0438844 22
0 0.589523 0.369877 0.0190361 0.050452 23
0 0.0104623 0.620804 0.0209246 0.153441 24
0 0.423684 0.364856 0.0230618 0.0591394 25
0 0.207463 0.69595 0.0425656 0.108117 26
0 0.163586 0.460991 0.0277211 0.0650852 27
0 0.128765 0.655462 0.0493896 0.0958904 28
0 0.19987 0.66075 0.0472138 0.226003 29
