0 0.39382 0.788591 0.0399207 0.168015 1
0 0.545352 0.562776 0.0371526 0.147873 2
0 0.30655 0.655985 0.0324064 0.142557 3
0 0.193609 0.780096 0.0508296 0.139823 4
0 0.459749 0.562979 0.0292321 0.118682 5
0 0.299575 0.87025 0.0538563 0.142691 6
0 0.0187909 0.600723 0.0375817 0.0791538 7
0 0.458728 0.940769 0.0470627 0.118401 8
0 0.413004 0.600652 0.0309516 0.11067 9
0 0.410127 0.512101 0.0296574 0.11916 10
0 0.225767 0.651344 0.0458209 0.140482 11
0 0.184907 0.661799 0.034168 0.137334 12
0 0.0502266 0.939771 0.0476533 0.115974 13
0 0.10942 0.711226 0.0555357 0.0948108 14
0 0.505418 0.442846 0.022291 0.0981341 15
0 0.486587 0.437155 0.0305664 0.0985902 16
0 0.382539 0.498899 0.0271659 0.117999 17
0 0.200855 0.398756 0.0216927 0.100473 18
0 0.0807663 0.529245 0.0267081 0.0873246 19
0 0.117855 0.49964 0.0370202 0.0691989 20
0 0.246452 0.446661 0.0168504 0.0498706 21
0 0.219854 0.291183 0.0138838 0.0679259 22
0 0.305691 0.264509 0.0139383 0.0467286 23
0 0.355979 0.869608 0.0530113 0.102601 24
0 0.554332 0.377741 0.0152866 0.0524153 25
0 0.476171 0.2928 0.0141836 0.0574472 26
0 0.0742837 0.466958 0.0212615 0.0910217 27
0 0.510231 0.944252 0.0356676 0.10425 28
0 0.239472 0.377001 0.0242396 0.059254 29
0 0.0787289 0.492169 0.027185 0.142843 30
0 0.321952 0.278924 0.0158217 0.0563678 31
0 0.341334 0.878937 0.0662222 0.129732 32
0 0.585613 0.236293 0.0098282 0.0357218 33
0 0.387109 0.373309 0.0219435 0.0764382 34
0 0.209273 0.510688 0.0373671 0.0732118 35
0 0.192486 0.397728 0.0264478 0.0991948 36
0 0.205996 0.335288 0.0176873 0.0676209 37
0 0.231439 0.376515 0.0214148 0.0618393 38
