0 0.440764 0.936867 0.0585816 0.120406 1
0 0.664043 0.444773 0.0228319 0.0977479 2
0 0.283834 0.700613 0.0389209 0.14119 3
0 0.580603 0.614632 0.0355448 0.123158 4
0 0.385129 0.716016 0.042147 0.159414 5
0 0.234505 0.716479 0.0349565 0.14323 6
0 0.194151 0.437419 0.0253256 0.108981 7
0 0.25799 0.832707 0.0500444 0.120222 8
0 0.383795 0.9378 0.050859 0.120963 9
0 0.0401506 0.430748 0.0215658 0.0638273 10
0 0.0992103 0.566066 0.0266291 0.0969104 11
0 0.509467 0.508921 0.0314598 0.114782 12
0 0.463207 0.517945 0.0278795 0.118981 13
0 0.14999 0.780395 0.053055 0.115473 14
0 0.491545 0.456605 0.0208247 0.092395 15
0 0.621653 0.471207 0.0249693 0.102298 16
0 0.501415 0.560864 0.0216028 0.115934 17
0 0.0272436 0.659333 0.0531675 0.0814369 18
0 0.281137 0.356981 0.0136742 0.0548436 19
0 0.216597 0.309713 0.0158406 0.0734313 20
0 0.563637 0.39715 0.0177516 0.0518908 21
0 0.129846 0.539058 0.0308287 0.0744758 22
0 0.470272 0.454844 0.0246673 0.0936942 23
0 0.414851 0.392509 0.0178863 0.0724024 24
0 0.591493 0.251247 0.0122969 0.0444588 25
1 0.227377 0.400723 0.0186767 0.0636467 26
0 0.0399317 0.239247 0.012279 0.0476351 27
0 0.292171 0.276726 0.0111712 0.04075 28
0 0.246339 0.287526 0.0153078 0.0508662 29
0 0.393578 0.401143 0.0177869 0.0646332 30
