0 0.280831 0.548045 0.0289158 0.123218 1
0 0.214198 0.512864 0.0275395 0.113206 2
0 0.374769 0.466306 0.0272929 0.0995181 3
0 0.451766 0.55332 0.0248428 0.126218 4
0 0.538629 0.469112 0.0378455 0.105743 5
0 0.365297 0.336541 0.0153563 0.0788523 6
0 0.242813 0.194506 0.01436 0.0511381 7
0 0.145367 0.341872 0.022414 0.0851406 8
0 0.0270407 0.487141 0.0266184 0.0828935 9
0 0.238748 0.513462 0.0227845 0.114416 10
0 0.432802 0.480112 0.0253473 0.117318 11
0 0.00883494 0.196659 0.0169531 0.0578634 12
0 0.564611 0.373186 0.0212252 0.0810077 13
0 0.120448 0.304125 0.0191951 0.0751671 14
0 0.221588 0.771688 0.028434 0.114824 15
0 0.482848 0.616504 0.0253265 0.141108 16
0 0.542233 0.372014 0.0198028 0.0639918 17
0 0.0718241 0.154622 0.011783 0.0410984 18
0 0.56089 0.461048 0.0286685 0.100135 19
0 0.0488961 0.169084 0.0155509 0.0531909 20
0 0.463536 0.524958 0.0260222 0.127011 21
0 0.182896 0.15688 0.013487 0.0552278 22
0 0.109161 0.0637121 0.0101164 0.0375013 23
0 0.0920441 0.49923 0.0357125 0.0626177 24
0 0.126945 0.212533 0.0159661 0.0338261 25
1 0.266939 0.340732 0.0192086 0.0586714 26
0 0.121715 0.346312 0.0227147 0.068532 27
1 0.418286 0.328727 0.0208712 0.0608687 28
1 0.186153 0.597375 0.0433063 0.091287 29
0 0.330446 0.0961665 0.00915259 0.0410349 30
0 0.170761 0.0463276 0.00895678 0.0475439 31
0 0.477086 0.493004 0.0250792 0.099384 32
1 0.186627 0.690629 0.0454313 0.0970311 33
0 0.146348 0.418726 0.019379 0.0739 34
0 0.389056 0.259728 0.0104493 0.050141 35
0 0.18615 0.831652 0.0338905 0.147465 36
1 0.434172 0.330921 0.0196054 0.0582265 37
0 0.483664 0.250087 0.0147795 0.0518389 38
0 0.176013 0.0737226 0.0107835 0.0401853 39
0 0.09904 0.0960252 0.0111574 0.0369487 40
0 0.311397 0.152206 0.0121453 0.0414519 41
0 0.341403 0.134953 0.00911903 0.0446013 42
0 0.126818 0.0607105 0.010033 0.0417031 43
0 0.417841 0.32939 0.0201954 0.0613567 44
0 0.187203 0.59703 0.0435366 0.0947737 45
0 0.155158 0.0368944 0.00832596 0.0361731 46
