0 0.534889 0.557345 0.0321728 0.11597 1
0 0.25684 0.850018 0.0538086 0.14868 2
0 0.282315 0.698856 0.0408834 0.142618 3
0 0.0241586 0.423059 0.0222328 0.0714494 4
0 0.383587 0.9362 0.0505624 0.1276 5
0 0.627013 0.583623 0.0355281 0.113567 6
0 0.652792 0.439176 0.0227701 0.0946103 7
0 0.439464 0.934797 0.057237 0.121387 8
0 0.0979624 0.565621 0.0279018 0.0969649 9
0 0.383686 0.71391 0.0402189 0.163587 10
0 0.204689 0.431215 0.024082 0.103448 11
0 0.233897 0.71445 0.0353941 0.142259 12
0 0.475785 0.532451 0.0347971 0.108789 13
0 0.605327 0.459783 0.0224445 0.0989775 14
0 0.503362 0.501705 0.02234 0.114436 15
0 0.152741 0.777183 0.0520391 0.11639 16
0 0.277849 0.353415 0.0141142 0.0536938 17
0 0.028128 0.658266 0.0556244 0.0800505 18
0 0.448638 0.484908 0.0300711 0.114323 19
0 0.563804 0.397868 0.0187062 0.0502142 20
0 0.494916 0.520596 0.0331062 0.0882057 21
0 0.130158 0.539621 0.0337732 0.068082 22
0 0.592018 0.247652 0.0127751 0.039274 23
0 0.413683 0.391892 0.0190909 0.0694044 24
0 0.393328 0.398634 0.0163591 0.0646547 25
0 0.0406801 0.243657 0.0119949 0.040104 26
0 0.21091 0.311012 0.0195544 0.0702839 27
1 0.22885 0.401968 0.0190978 0.0645815 28
0 0.578737 0.971444 0.0450607 0.0571124 29
0 0.215838 0.317224 0.0174056 0.0589376 30
0 0.405505 0.391294 0.0167325 0.0740841 31
