0 0.340002 0.621941 0.0321788 0.130451 1
0 0.688997 0.622908 0.0284389 0.123124 2
0 0.578025 0.479058 0.0289653 0.104585 3
0 0.295139 0.369404 0.0175729 0.0857659 4
0 0.261666 0.800356 0.0548279 0.125152 5
0 0.513105 0.450563 0.0263147 0.103152 6
0 0.0285709 0.419548 0.0282378 0.0971997 7
0 0.542775 0.555469 0.0304993 0.121994 8
0 0.691004 0.496007 0.0337671 0.110723 9
0 0.246596 0.589404 0.0390592 0.13414 10
0 0.366703 0.920916 0.0519741 0.155332 11
0 0.0267467 0.697588 0.0521063 0.158498 12
0 0.45911 0.555818 0.0309065 0.125603 13
0 0.224888 0.59531 0.0464781 0.134774 14
0 0.131087 0.116618 0.0108774 0.0511213 15
0 0.351765 0.365309 0.0231812 0.0870307 16
0 0.191852 0.446041 0.0268986 0.0785528 17
0 0.459414 0.477626 0.0236457 0.0983402 18
0 0.547655 0.430946 0.020766 0.0922381 19
0 0.649157 0.397547 0.0226195 0.0587429 20
0 0.299738 0.80531 0.0462005 0.10097 21
0 0.243803 0.268219 0.0144567 0.0459553 22
0 0.113348 0.513192 0.0489318 0.0658518 23
0 0.363242 0.269564 0.0147556 0.0673077 24
0 0.165133 0.171136 0.0124254 0.0462761 25
0 0.269845 0.481264 0.0287626 0.0624977 26
0 0.156988 0.617382 0.0408001 0.0841578 27
0 0.113719 0.180496 0.0138945 0.046683 28
0 0.135983 0.166517 0.0108089 0.0593086 29
2 0.0372617 0.607414 0.0573865 0.0830061 30
0 0.03367 0.605757 0.063862 0.0908063 31
0 0.329242 0.337378 0.0241059 0.0777167 32
0 0.481059 0.366908 0.0181633 0.0732328 33
0 0.265278 0.199632 0.0110386 0.0424574 34
0 0.222032 0.445488 0.0346245 0.0657288 35
0 0.0778263 0.174827 0.0147439 0.0463649 36
1 0.210593 0.700005 0.0710633 0.120458 37
0 0.059228 0.481079 0.0291603 0.0816135 38
0 0.210178 0.700596 0.0705991 0.121912 39
