0 0.419198 0.511922 0.0255557 0.115426 1
0 0.459467 0.843534 0.0433932 0.17019 2
0 0.311409 0.896021 0.0590091 0.145657 3
0 0.505116 0.44659 0.0234816 0.0978951 4
0 0.0602855 0.546801 0.0260868 0.0932989 5
0 0.390638 0.495327 0.0271179 0.116669 6
0 0.522391 0.540857 0.026589 0.109251 7
0 0.323775 0.680158 0.0376229 0.15147 8
0 0.562726 0.518991 0.0295918 0.104698 9
0 0.0381764 0.45616 0.0215236 0.0796353 10
0 0.192667 0.805875 0.0530174 0.156208 11
0 0.220914 0.673673 0.0496517 0.151174 12
0 0.174817 0.682545 0.0412787 0.144283 13
0 0.353407 0.902896 0.0750173 0.143458 14
0 0.180009 0.413897 0.0220326 0.0974094 15
0 0.103638 0.741749 0.0541954 0.10807 16
0 0.479501 0.947818 0.0469135 0.0964066 17
0 0.454503 0.301806 0.0140206 0.0706221 18
0 0.278825 0.281765 0.0147162 0.0597344 19
0 0.458222 0.527223 0.0343823 0.123225 20
0 0.0981878 0.51707 0.0367214 0.0712084 21
0 0.220839 0.447443 0.0169127 0.0645515 22
0 0.46281 0.451916 0.0272151 0.0954088 23
0 0.170098 0.410896 0.0306108 0.0992762 24
0 0.369174 0.380497 0.0231746 0.0762188 25
0 0.190848 0.298352 0.0140827 0.0679258 26
0 0.538036 0.381352 0.0198075 0.0491011 27
0 0.221707 0.417124 0.0193414 0.105991 28
0 0.118204 0.254235 0.0112834 0.0457793 29
0 0.212024 0.353168 0.0244946 0.0717833 30
0 0.571758 0.235135 0.00932721 0.034879 31
