0 0.526487 0.506687 0.0267828 0.104021 1
0 0.415231 0.916272 0.055147 0.16582 2
0 0.652781 0.57005 0.0288492 0.119022 3
0 0.451633 0.483831 0.0236891 0.111289 4
0 0.324718 0.612565 0.0287654 0.130671 5
0 0.574375 0.519617 0.0278796 0.1152 6
0 0.19312 0.854949 0.049287 0.194645 7
0 0.253537 0.594799 0.0417771 0.132424 8
0 0.0878845 0.261719 0.016592 0.05512 9
0 0.402448 0.496882 0.0398294 0.118749 10
0 0.29266 0.808974 0.0504243 0.132964 11
0 0.149611 0.635684 0.0486294 0.0902676 12
0 0.21483 0.59668 0.0305347 0.127442 13
2 0.0235815 0.633148 0.0471631 0.0909685 14
0 0.49964 0.446969 0.0283945 0.120108 15
0 0.328278 0.809875 0.071229 0.117919 16
0 0.0511935 0.169079 0.0123466 0.0613673 17
0 0.555116 0.287637 0.0144934 0.0601094 18
0 0.275887 0.361914 0.0205298 0.0981594 19
0 0.0765866 0.167846 0.0130977 0.0586171 20
0 0.619514 0.377129 0.0215082 0.0511105 21
0 0.0796877 0.530619 0.0434995 0.0720529 22
0 0.0145455 0.499867 0.029091 0.0934175 23
0 0.152663 0.471578 0.0173949 0.0900896 24
0 0.31143 0.372968 0.021683 0.0723151 25
0 0.451764 0.923069 0.0335692 0.147807 26
0 0.25426 0.297742 0.018577 0.0516566 27
0 0.0158635 0.618872 0.0317269 0.104713 28
0 0.251099 0.482245 0.0355692 0.0680429 29
0 0.0256112 0.188018 0.0146463 0.0421833 30
0 0.0364392 0.557033 0.0314925 0.0667013 31
1 0.036586 0.555239 0.0315963 0.0622341 32
0 0.194544 0.44751 0.0234968 0.0582926 33
0 0.313914 0.260924 0.0119533 0.0594636 34
0 0.228466 0.211181 0.0108951 0.0392244 35
