0 0.568883 0.589296 0.0339098 0.119039 1
0 0.232302 0.635993 0.0367134 0.141104 2
0 0.535405 0.537422 0.0276155 0.113882 3
0 0.109227 0.922764 0.0617911 0.154472 4
0 0.471509 0.586091 0.0286665 0.118582 5
0 0.300466 0.636188 0.0427859 0.144908 6
0 0.188612 0.644083 0.0379023 0.137271 7
0 0.457845 0.9328 0.0503231 0.130305 8
0 0.503411 0.441445 0.0226023 0.107589 9
0 0.297503 0.852167 0.0602055 0.138289 10
0 0.401383 0.505395 0.0265436 0.120709 11
0 0.381484 0.501474 0.030695 0.122019 12
0 0.34177 0.79117 0.0753906 0.226684 13
0 0.438988 0.638856 0.047118 0.1432 14
0 0.092337 0.511174 0.0230906 0.0917552 15
0 0.0936761 0.459976 0.0211554 0.0837203 16
0 0.49709 0.939137 0.0334949 0.115534 17
0 0.563778 0.377283 0.0204191 0.0529511 18
0 0.202095 0.386283 0.0255322 0.099148 19
0 0.237276 0.286074 0.0150664 0.0663169 20
0 0.0204821 0.583848 0.0381454 0.0734241 21
0 0.415998 0.363975 0.0180253 0.0619514 22
0 0.487952 0.289538 0.0138588 0.0550298 23
0 0.24436 0.436956 0.0151125 0.0618086 24
0 0.128028 0.487701 0.0345175 0.064469 25
0 0.198019 0.747365 0.0464647 0.117593 26
0 0.450877 0.608988 0.0343666 0.0878626 27
0 0.116227 0.691302 0.0495892 0.0956817 28
0 0.223763 0.505036 0.0246344 0.0630117 29
0 0.335025 0.274506 0.0134365 0.0569477 30
0 0.0971664 0.222982 0.00975058 0.0362322 31
0 0.340884 0.756059 0.0491923 0.153733 32
0 0.216326 0.323247 0.0148622 0.0568544 33
