0 0.265001 0.507774 0.0255856 0.123546 1
0 0.525 0.649024 0.0286232 0.140983 2
0 0.528378 0.438907 0.0302296 0.114833 3
0 0.339417 0.510967 0.0265974 0.11275 4
0 0.470188 0.555131 0.0313917 0.114891 5
0 0.209682 0.473023 0.024284 0.109078 6
0 0.330004 0.177387 0.0131858 0.0428899 7
0 0.228525 0.478458 0.0251016 0.115147 8
0 0.388217 0.318002 0.0163307 0.0808383 9
0 0.0395358 0.227732 0.0148728 0.0545225 10
0 0.0972024 0.161026 0.00970314 0.043114 11
0 0.0555989 0.205844 0.0128218 0.0411453 12
0 0.182101 0.309125 0.0228547 0.0816357 13
0 0.438688 0.476964 0.0310152 0.122111 14
0 0.267891 0.136112 0.00987157 0.0453284 15
0 0.578858 0.360271 0.0209148 0.0728584 16
0 0.12479 0.726526 0.040108 0.153287 17
0 0.00497466 0.337718 0.00994932 0.0718752 18
0 0.430288 0.448365 0.026861 0.0941732 19
0 0.157066 0.13532 0.00977073 0.035755 20
0 0.442472 0.314708 0.0235106 0.0690387 21
0 0.0838459 0.171854 0.0111261 0.0423407 22
0 0.0533984 0.434161 0.0250291 0.079343 23
0 0.173635 0.485268 0.0276986 0.0852234 24
0 0.523275 0.249919 0.012476 0.0631859 25
0 0.427132 0.143604 0.0129033 0.0412393 26
0 0.423021 0.140534 0.0104951 0.0407839 27
0 0.136777 0.154397 0.0099287 0.0435391 28
0 0.16259 0.306577 0.0181945 0.0760959 29
1 0.172391 0.487453 0.0325923 0.089921 30
1 0.167554 0.619397 0.0426347 0.106365 31
0 0.440805 0.281816 0.0173618 0.0902127 32
0 0.446255 0.134933 0.0111216 0.0508966 33
0 0.0863933 0.14895 0.0107212 0.0409087 34
0 0.260419 0.0292889 0.00863534 0.0331547 35
0 0.342446 0.136578 0.00947285 0.0378382 36
0 0.173666 0.0771042 0.0102631 0.0328768 37
0 0.937817 0.448692 0.0165634 0.0317176 38
0 0.452708 0.48179 0.0318005 0.110877 39
0 0.200374 0.192297 0.0130417 0.0351422 40
0 0.169608 0.614663 0.0435377 0.113793 41
0 0.383534 0.144779 0.0123372 0.040832 42
0 0.34335 0.405991 0.0186296 0.0481723 43
