0 0.639036 0.5897 0.0356087 0.124785 1
0 0.242014 0.609774 0.0364918 0.13745 2
0 0.185545 0.923942 0.0475372 0.144685 3
0 0.115534 0.486517 0.02601 0.0895915 4
0 0.441007 0.919851 0.0482237 0.158475 5
0 0.384778 0.50722 0.0275418 0.119095 6
0 0.291928 0.708305 0.0490183 0.144732 7
0 0.193896 0.616161 0.0377662 0.129927 8
0 0.0333033 0.282668 0.0199197 0.0547643 9
0 0.513977 0.573423 0.0469495 0.131456 10
0 0.416831 0.489504 0.0239619 0.114425 11
0 0.128465 0.659911 0.0503522 0.0876413 12
0 0.308025 0.615382 0.0310574 0.150847 13
0 0.292787 0.819892 0.0578364 0.141375 14
0 0.231757 0.37593 0.0226538 0.0931303 15
0 0.506545 0.430377 0.0288773 0.0954474 16
0 0.200165 0.731172 0.052662 0.131536 17
0 0.050069 0.554215 0.0384232 0.0732207 18
0 0.584129 0.369239 0.0190332 0.0536824 19
1 0.273963 0.354728 0.0248654 0.0587709 20
0 0.151897 0.465688 0.0335373 0.0642688 21
0 0.00938637 0.654806 0.0187727 0.109469 22
0 0.349874 0.819804 0.0431126 0.106118 23
0 0.437197 0.354509 0.0216355 0.0690984 24
0 0.334211 0.822744 0.0729986 0.123303 25
0 0.418167 0.365548 0.0232207 0.0616818 26
0 0.235533 0.482955 0.0343716 0.0706516 27
