0 0.508271 0.643033 0.0311422 0.135989 1
0 0.51884 0.444189 0.0239296 0.110764 2
0 0.267843 0.519296 0.0253043 0.125302 3
0 0.38174 0.325145 0.0160137 0.0785489 4
0 0.231202 0.487864 0.0239852 0.112636 5
0 0.0474323 0.449557 0.0262022 0.079106 6
0 0.339245 0.495077 0.0245996 0.115351 7
0 0.576461 0.362312 0.0212511 0.0711944 8
0 0.441439 0.483613 0.0265912 0.102183 9
0 0.0304239 0.210205 0.0158047 0.0379781 10
0 0.313646 0.183318 0.0114759 0.0523653 11
0 0.246059 0.135878 0.0113193 0.0502208 12
0 0.0731689 0.167109 0.0148144 0.0614034 13
0 0.209486 0.479146 0.0250949 0.123125 14
0 0.140379 0.143873 0.0121063 0.0411658 15
0 0.154543 0.316745 0.0210926 0.0752314 16
0 0.431446 0.454317 0.0229987 0.0999351 17
0 0.176587 0.323748 0.0241645 0.0796898 18
0 0.439159 0.317994 0.0235777 0.0663652 19
0 0.157993 0.0800072 0.00820684 0.0369278 20
0 0.464976 0.547323 0.0297447 0.123847 21
0 0.117047 0.156561 0.0110159 0.0460974 22
0 0.0942506 0.0918822 0.00796117 0.0286066 23
0 0.552795 0.365375 0.0204018 0.0638307 24
0 0.404956 0.1369 0.00996367 0.0489211 25
0 0.420396 0.138281 0.0100439 0.0463661 26
0 0.00436364 0.238908 0.00858 0.0558425 27
0 0.104642 0.458415 0.0350879 0.0727098 28
0 0.466563 0.480059 0.0220186 0.0915065 29
0 0.34091 0.414103 0.0196722 0.0503481 30
0 0.173879 0.493562 0.0279794 0.0811495 31
0 0.383653 0.14112 0.00908166 0.0400542 32
1 0.165836 0.627356 0.033952 0.101579 33
0 0.312778 0.393014 0.0309437 0.0932884 34
0 0.450618 0.322086 0.01512 0.054311 35
0 0.190536 0.0579233 0.00898627 0.0355231 36
1 0.303628 0.374244 0.0325294 0.0569445 37
0 0.166383 0.284425 0.0184706 0.0635065 38
0 0.429508 0.262812 0.0143945 0.0656408 39
0 0.265958 0.0881288 0.00824288 0.0324995 40
0 0.202401 0.433658 0.0266731 0.108427 41
1 0.174729 0.556182 0.0403353 0.0822754 42
0 0.367208 0.144042 0.0122105 0.0416003 43
0 0.938891 0.447061 0.0151829 0.0275626 44
