0 0.320274 0.902928 0.0534394 0.137566 1
0 0.492794 0.859789 0.042979 0.147987 2
0 0.200406 0.814807 0.0531739 0.149146 3
0 0.565792 0.513539 0.0301273 0.10986 4
0 0.364491 0.9076 0.0657784 0.138027 5
0 0.230018 0.675714 0.039957 0.141892 6
0 0.0339555 0.455196 0.022519 0.0821943 7
0 0.0601954 0.549533 0.026618 0.0952719 8
0 0.414048 0.516164 0.0312078 0.112507 9
0 0.330636 0.69101 0.0376912 0.146876 10
0 0.180096 0.689774 0.039843 0.147739 11
0 0.460763 0.45144 0.0264237 0.0842185 12
0 0.180253 0.417551 0.0206268 0.0972151 13
0 0.514357 0.442952 0.0229939 0.10062 14
0 0.518963 0.526796 0.0254357 0.10699 15
0 0.461351 0.53391 0.037086 0.111065 16
0 0.105883 0.745264 0.0546807 0.104592 17
0 0.400492 0.498437 0.0286486 0.121039 18
0 0.164098 0.413516 0.0219494 0.0901919 19
0 0.215117 0.433806 0.0202465 0.0856043 20
0 0.490433 0.951066 0.0483127 0.0958489 21
0 0.453277 0.299763 0.0128382 0.0584049 22
0 0.225329 0.345693 0.0173949 0.0579702 23
0 0.0950722 0.5216 0.0374424 0.0724568 24
0 0.367874 0.384352 0.0213756 0.0704614 25
0 0.208626 0.388817 0.025392 0.0694767 26
0 0.538492 0.383951 0.0138101 0.0486023 27
0 0.199516 0.537764 0.0273866 0.0654438 28
0 0.192432 0.306854 0.0154025 0.0638795 29
0 0.382547 0.37939 0.0209345 0.0739292 30
0 0.448974 0.52675 0.0311825 0.105867 31
0 0.572145 0.236148 0.00999146 0.0351292 32
0 0.217255 0.39749 0.0214971 0.0746621 33
