0 0.681345 0.604405 0.0366175 0.124888 1
0 0.0267002 0.417354 0.0268446 0.0967197 2
0 0.385117 0.917238 0.053547 0.148349 3
0 0.256554 0.591641 0.0376215 0.134396 4
0 0.671278 0.499489 0.0279745 0.112823 5
0 0.279992 0.802381 0.05149 0.12623 6
0 0.302181 0.365625 0.0184408 0.0858178 7
0 0.335077 0.616285 0.0354481 0.14161 8
0 0.466289 0.507573 0.0325625 0.165116 9
0 0.543818 0.535225 0.0267599 0.114618 10
0 0.323671 0.802362 0.0379278 0.101989 11
0 0.561312 0.484197 0.0275894 0.106944 12
0 0.518033 0.446296 0.0263281 0.099879 13
0 0.227161 0.576407 0.0222854 0.0946864 14
0 0.0783508 0.701812 0.0435502 0.143857 15
0 0.198633 0.445452 0.0248923 0.0739983 16
0 0.15299 0.161678 0.0143444 0.0643864 17
0 0.076556 0.170508 0.0158682 0.0507959 18
0 0.10302 0.175513 0.01351 0.0515502 19
0 0.533065 0.425269 0.0163359 0.0897615 20
0 0.165257 0.619171 0.0408272 0.0849627 21
0 0.360829 0.265112 0.0145215 0.0668409 22
0 0.352508 0.36874 0.0225774 0.0830433 23
1 0.1211 0.512064 0.0315078 0.0650983 24
1 0.0605162 0.484428 0.0294936 0.0854524 25
0 0.500669 0.362719 0.018968 0.0753122 26
0 0.595731 0.295825 0.0120861 0.048315 27
0 0.172147 0.227969 0.0114347 0.0461619 28
0 0.00513272 0.127411 0.0102654 0.0469971 29
0 0.485411 0.368609 0.0183216 0.0666244 30
0 0.22735 0.441967 0.0239706 0.0596187 31
0 0.652257 0.392435 0.0240086 0.0554283 32
0 0.0376874 0.153364 0.0144306 0.0540075 33
0 0.0243082 0.182603 0.0124483 0.0453393 34
1 0.163763 0.61786 0.0465751 0.08553 35
0 0.281951 0.138438 0.00984226 0.0344259 36
0 0.548153 0.513951 0.0395209 0.161656 37
0 0.0338426 0.494476 0.0282517 0.0686549 38
