0 0.633025 0.588103 0.0328948 0.124282 1
0 0.240224 0.612136 0.0404057 0.139342 2
0 0.29174 0.712528 0.0499364 0.148298 3
0 0.510026 0.591795 0.051686 0.140584 4
0 0.415717 0.491819 0.023278 0.118675 5
0 0.183048 0.923782 0.0552455 0.150291 6
0 0.113136 0.488672 0.0257611 0.0920805 7
0 0.383237 0.506688 0.0276636 0.112974 8
0 0.193826 0.618589 0.0367248 0.131317 9
0 0.442769 0.920999 0.0481647 0.155801 10
0 0.0313213 0.286556 0.018185 0.0561648 11
0 0.125903 0.665785 0.0513996 0.0920245 12
0 0.305532 0.616073 0.0348611 0.14974 13
0 0.0504547 0.556351 0.0419432 0.0745391 14
0 0.201764 0.73329 0.054972 0.133228 15
0 0.147151 0.467894 0.0384131 0.0680686 16
0 0.292604 0.817438 0.0592633 0.142804 17
0 0.582335 0.369889 0.0168581 0.0520165 18
0 0.507796 0.295569 0.0160863 0.0775803 19
0 0.50402 0.431736 0.0235632 0.093289 20
0 0.232335 0.380414 0.0225376 0.0901938 21
0 0.525408 0.516693 0.0282363 0.107154 22
0 0.273762 0.354401 0.0216611 0.058283 23
0 0.518237 0.430599 0.0241531 0.096023 24
0 0.132753 0.20379 0.0145245 0.0517429 25
0 0.430025 0.358009 0.0181477 0.0667219 26
0 0.259865 0.389276 0.0140767 0.0851133 27
0 0.240544 0.375635 0.0207795 0.0815248 28
0 0.222886 0.310277 0.0161147 0.0620965 29
0 0.238186 0.488554 0.0236859 0.0657221 30
0 0.413877 0.367903 0.0212069 0.0580405 31
0 0.0571955 0.134133 0.00986469 0.0488515 32
0 0.00834363 0.65365 0.0166873 0.130524 33
0 0.336324 0.830944 0.0718624 0.125264 34
0 0.218713 0.495777 0.0368379 0.0716641 35
