0 0.31619 0.899401 0.050595 0.134557 1
0 0.325543 0.688241 0.038766 0.147004 2
0 0.222164 0.678045 0.0507284 0.151361 3
0 0.362276 0.905301 0.0655809 0.134898 4
0 0.564225 0.516832 0.0299769 0.106275 5
0 0.0598262 0.549622 0.0273244 0.0932951 6
0 0.196568 0.811925 0.0538299 0.14783 7
0 0.180275 0.418007 0.0212299 0.0990997 8
0 0.512536 0.443695 0.0221128 0.0932045 9
0 0.417176 0.514626 0.0251253 0.110939 10
0 0.482868 0.868003 0.0455968 0.17794 11
0 0.460048 0.531253 0.0355721 0.113431 12
0 0.0348036 0.455961 0.0224117 0.0811278 13
0 0.518939 0.52825 0.0255949 0.106251 14
0 0.18085 0.685145 0.0344202 0.143293 15
0 0.460157 0.452549 0.0259029 0.0886671 16
0 0.104014 0.742907 0.0492742 0.101694 17
0 0.192705 0.305836 0.0165226 0.0682698 18
0 0.488005 0.953302 0.0484556 0.0931558 19
0 0.219866 0.35392 0.0187001 0.0712767 20
0 0.453345 0.297308 0.0125687 0.0569811 21
0 0.163395 0.413403 0.0221013 0.0943981 22
0 0.397454 0.494853 0.0267349 0.125391 23
0 0.539404 0.956195 0.0316744 0.0844489 24
0 0.368587 0.382209 0.0205256 0.0725592 25
0 0.0953962 0.519805 0.0380735 0.0705173 26
0 0.537938 0.384506 0.0182141 0.0491492 27
0 0.215584 0.446938 0.0184393 0.0682067 28
0 0.571847 0.234961 0.00944851 0.0352863 29
0 0.14306 0.275122 0.0126558 0.0373309 30
0 0.214584 0.387793 0.0246073 0.0629089 31
0 0.382917 0.378567 0.0190991 0.0739393 32
