0 0.266133 0.512174 0.0268147 0.121906 1
0 0.52517 0.440135 0.0268603 0.114554 2
0 0.517909 0.64525 0.0367731 0.13846 3
0 0.0233338 0.229285 0.0144482 0.058992 4
0 0.117826 0.752618 0.0539507 0.136776 5
0 0.338016 0.50945 0.0258282 0.115065 6
0 0.228418 0.482955 0.0273256 0.115853 7
0 0.385288 0.323021 0.0154542 0.0789426 8
0 0.181201 0.321883 0.026182 0.0912584 9
0 0.210295 0.476303 0.0249661 0.112429 10
0 0.258406 0.137245 0.00975314 0.0470147 11
0 0.15822 0.314883 0.020136 0.076758 12
0 0.0847524 0.162465 0.0168378 0.0553614 13
0 0.0456684 0.207275 0.0156369 0.0358332 14
0 0.128008 0.154726 0.0116922 0.0472461 15
0 0.445697 0.488673 0.0235295 0.100247 16
0 0.429943 0.452852 0.0229165 0.0958338 17
0 0.577223 0.361812 0.0240545 0.0732276 18
0 0.149512 0.139775 0.0116859 0.0422768 19
0 0.176623 0.486828 0.0233775 0.0780507 20
0 0.417189 0.142083 0.0108837 0.0463069 21
0 0.130009 0.735392 0.0416373 0.15789 22
0 0.466419 0.549924 0.03374 0.119688 23
0 0.167551 0.080835 0.00886119 0.0359036 24
0 0.173009 0.541299 0.0443259 0.0946925 25
0 0.169013 0.624303 0.0458058 0.116869 26
0 0.324036 0.18371 0.0110343 0.0479561 27
0 0.0512731 0.441674 0.0262174 0.0798399 28
0 0.0790514 0.164639 0.0117345 0.0580809 29
0 0.441241 0.315933 0.024637 0.0658585 30
0 0.109237 0.0922792 0.00974462 0.0318791 31
1 0.166664 0.623569 0.0473071 0.118603 32
0 0.106872 0.453118 0.0345121 0.0680413 33
0 0.335001 0.139755 0.00978899 0.0406978 34
0 0.376457 0.14568 0.0111529 0.0415111 35
0 0.170885 0.285988 0.0180918 0.0754591 36
1 0.553619 0.362638 0.0206924 0.0609517 37
0 0.174056 0.508784 0.034927 0.122246 38
0 0.201297 0.40131 0.0222362 0.0564058 39
1 0.29832 0.345739 0.0246612 0.0695131 40
0 0.45773 0.481871 0.0316992 0.102858 41
0 0.167351 0.37969 0.0279563 0.0816224 42
0 0.435219 0.268245 0.0141693 0.0731489 43
0 0.168754 0.118737 0.0123946 0.0381493 44
0 0.204055 0.0563587 0.0100574 0.0363454 45
0 0.264908 0.0365868 0.0086993 0.0368898 46
0 0.172845 0.128277 0.0112423 0.0456956 47
0 0.219356 0.0505834 0.00963202 0.0402671 48
