0 0.727983 0.654163 0.0251804 0.124121 1
0 0.740984 0.504256 0.0269472 0.10929 2
0 0.0590121 0.410648 0.0271596 0.095184 3
0 0.337287 0.608899 0.0347425 0.138863 4
0 0.473872 0.589782 0.0289396 0.132397 5
0 0.254988 0.585245 0.0349859 0.132715 6
0 0.317992 0.367691 0.0172606 0.085276 7
0 0.168594 0.606185 0.0414782 0.0820135 8
0 0.465561 0.500188 0.0317502 0.128643 9
0 0.558958 0.565716 0.0289099 0.114177 10
0 0.627978 0.476579 0.0195057 0.100165 11
0 0.0241501 0.417858 0.029159 0.102389 12
0 0.260596 0.789215 0.0568057 0.118245 13
0 0.347015 0.90963 0.0426661 0.176895 14
0 0.199134 0.21242 0.0130306 0.0438528 15
0 0.225839 0.583041 0.0243349 0.118348 16
0 0.543932 0.456246 0.0291027 0.107157 17
0 0.5209 0.365755 0.0229461 0.0813131 18
0 0.562111 0.452443 0.0328785 0.111708 19
0 0.0666033 0.593406 0.0332868 0.0739065 20
0 0.208726 0.431422 0.0247664 0.078867 21
0 0.0884427 0.468709 0.0287177 0.0765213 22
1 0.238604 0.437736 0.0338906 0.0575474 23
0 0.238251 0.246759 0.0167425 0.0418097 24
0 0.745193 0.278 0.0161711 0.047281 25
0 0.500826 0.372922 0.0206621 0.068462 26
0 0.155837 0.178145 0.0138634 0.0440461 27
0 0.0106212 0.373642 0.0212424 0.0744261 28
0 0.66933 0.401793 0.0228336 0.0562095 29
1 0.364558 0.341522 0.0408291 0.086392 30
0 0.0392164 0.19221 0.0126428 0.0498009 31
0 0.017912 0.396448 0.0346719 0.113912 32
2 0.21382 0.694093 0.0642891 0.111058 33
0 0.141288 0.50033 0.0264852 0.0613487 34
0 0.285985 0.792868 0.0611712 0.101908 35
0 0.176218 0.112466 0.0108585 0.0549641 36
