0 0.289525 0.860126 0.0296176 0.127083 1
0 0.55118 0.549213 0.0253943 0.107963 2
0 0.618076 0.619997 0.040967 0.123482 3
0 0.587446 0.48394 0.0277694 0.102074 4
0 0.68468 0.506594 0.0346632 0.105457 5
0 0.211488 0.553055 0.0276317 0.116377 6
0 0.347137 0.357132 0.0169427 0.0781809 7
0 0.456637 0.620989 0.0353679 0.141751 8
0 0.544281 0.376041 0.0215589 0.0679606 9
0 0.108192 0.374031 0.0254083 0.0834028 10
0 0.072763 0.328717 0.0158701 0.0710945 11
0 0.139176 0.213033 0.0167633 0.0537602 12
0 0.48209 0.493758 0.0287176 0.10713 13
0 0.186961 0.64274 0.054329 0.106017 14
0 0.239843 0.889925 0.0398045 0.169971 15
0 0.236794 0.55212 0.0256935 0.12283 16
0 0.5227 0.377591 0.017876 0.065108 17
0 0.10772 0.164706 0.0142213 0.0519401 18
0 0.332213 0.263071 0.0144798 0.0567127 19
0 0.0143235 0.076419 0.0152499 0.0411225 20
0 0.159215 0.562921 0.038221 0.0798184 21
0 0.0036093 0.177555 0.00721859 0.0454725 22
0 0.286783 0.582044 0.0319501 0.129613 23
0 0.114664 0.451283 0.0263196 0.0884861 24
0 0.686586 0.425672 0.0316445 0.0566822 25
0 0.0577771 0.232141 0.0178034 0.03645 26
0 0.454062 0.331255 0.0167624 0.0571733 27
0 0.0105364 0.104529 0.0121673 0.0394856 28
0 0.454981 0.532668 0.0436968 0.128728 29
1 0.188419 0.643325 0.0519881 0.104779 30
0 0.259152 0.204903 0.0113399 0.0356906 31
0 0.0322997 0.0652876 0.0147452 0.0512004 32
1 0.210402 0.735682 0.036985 0.0969445 33
0 0.398559 0.345321 0.0348089 0.064819 34
0 0.21634 0.363445 0.0211944 0.0667285 35
0 0.251326 0.166273 0.0108359 0.0429811 36
0 0.0599232 0.0299802 0.0112813 0.0460695 37
0 0.319101 0.454508 0.0187542 0.0487357 38
0 0.445967 0.253263 0.0139766 0.0470381 39
0 0.296353 0.458027 0.0214003 0.0490387 40
0 0.303821 0.161381 0.00954798 0.0399414 41
0 0.329862 0.140267 0.00919569 0.0412011 42
0 0.158623 0.467608 0.024112 0.055839 43
0 0.211575 0.737074 0.0373382 0.0967658 44
