0 0.140175 0.721823 0.0471977 0.147135 1
0 0.677564 0.594972 0.0289614 0.122824 2
0 0.266828 0.592837 0.0391058 0.142015 3
0 0.647998 0.509686 0.0298454 0.119852 4
0 0.340926 0.62146 0.0392335 0.137638 5
0 0.556492 0.525325 0.0267444 0.110779 6
0 0.166319 0.621786 0.0459464 0.0853086 7
0 0.519805 0.442387 0.0259527 0.114052 8
0 0.306126 0.360503 0.0228811 0.0928403 9
0 0.478729 0.473098 0.0223848 0.110267 10
0 0.0190185 0.423188 0.0299767 0.104752 11
0 0.458945 0.508927 0.0312377 0.12082 12
0 0.289294 0.804502 0.0530282 0.129525 13
0 0.413782 0.921509 0.054442 0.154133 14
0 0.191843 0.451059 0.0253464 0.0855897 15
0 0.534668 0.477997 0.0254703 0.108692 16
0 0.231916 0.595724 0.0291886 0.131455 17
0 0.347813 0.358787 0.0268051 0.0774852 18
2 0.228408 0.711558 0.0680512 0.121295 19
0 0.149825 0.242541 0.0152874 0.0599595 20
0 0.135424 0.163333 0.01152 0.0564975 21
0 0.330835 0.808703 0.0559304 0.112092 22
0 0.354653 0.268236 0.0120483 0.0647886 23
0 0.482667 0.365171 0.0199376 0.0673306 24
1 0.112126 0.517962 0.0436116 0.0682123 25
0 0.11319 0.162908 0.0128206 0.0648931 26
0 0.0571735 0.169277 0.0109701 0.049788 27
0 0.590602 0.304129 0.0147707 0.0784016 28
2 0.0418426 0.614956 0.0636786 0.0882755 29
0 0.0880207 0.177559 0.013768 0.0499046 30
1 0.200488 0.450949 0.0298681 0.0742445 31
0 0.0662486 0.177665 0.0141266 0.0437047 32
1 0.222626 0.443346 0.0277912 0.0638745 33
0 0.274949 0.479956 0.0290976 0.0676001 34
0 0.295572 0.300943 0.0197803 0.0623426 35
0 0.106513 0.107321 0.0103389 0.0488536 36
0 0.467012 0.490196 0.0398499 0.135359 37
0 0.113093 0.517597 0.0424293 0.0662607 38
0 0.320615 0.354316 0.0207339 0.0938236 39
