0 0.578889 0.587721 0.0430033 0.128714 1
0 0.23484 0.629521 0.036545 0.135639 2
0 0.189191 0.640356 0.0390574 0.134427 3
0 0.456055 0.931205 0.0464707 0.137015 4
0 0.533418 0.536415 0.0263266 0.118342 5
0 0.118313 0.688948 0.0547106 0.0962744 6
0 0.0955665 0.508028 0.0245065 0.0906992 7
0 0.476316 0.589155 0.035185 0.118689 8
0 0.504963 0.439429 0.0265433 0.107384 9
0 0.301892 0.632243 0.0427634 0.147799 10
0 0.298574 0.848406 0.0636329 0.138114 11
0 0.134232 0.919945 0.0578359 0.158725 12
0 0.447625 0.653974 0.0389932 0.144973 13
0 0.19797 0.737511 0.0473014 0.101404 14
0 0.403749 0.504683 0.0275455 0.116373 15
0 0.330427 0.742325 0.0531751 0.149952 16
0 0.244853 0.428845 0.0162026 0.0630196 17
0 0.241973 0.285692 0.012541 0.0618242 18
0 0.378005 0.49492 0.0251878 0.109626 19
0 0.335829 0.786373 0.0732813 0.237266 20
0 0.258519 0.367804 0.016022 0.0587594 21
0 0.0250794 0.580437 0.0450277 0.0764033 22
0 0.49186 0.286489 0.0144539 0.0525806 23
0 0.097316 0.458397 0.0246018 0.083258 24
0 0.00580025 0.302479 0.0115798 0.0536493 25
0 0.214244 0.388029 0.0189939 0.0959679 26
0 0.342199 0.273098 0.0150525 0.0594145 27
0 0.13678 0.481714 0.0273316 0.0636602 28
0 0.41908 0.362753 0.0207788 0.0664656 29
0 0.567042 0.377349 0.0210892 0.0534741 30
0 0.399309 0.370971 0.020208 0.0635349 31
0 0.0128165 0.58361 0.025633 0.0718965 32
0 0.493963 0.933333 0.0336524 0.129978 33
