0 0.655085 0.64476 0.0298337 0.126466 1
0 0.710752 0.51202 0.0272104 0.112466 2
0 0.565024 0.55697 0.0295194 0.109001 3
0 0.490987 0.485319 0.024087 0.0968072 4
0 0.462183 0.487423 0.0238047 0.094095 5
0 0.610996 0.485958 0.021562 0.108249 6
0 0.302898 0.90414 0.03142 0.136826 7
0 0.256285 0.893496 0.0397934 0.19016 8
0 0.28697 0.590312 0.0353463 0.134741 9
0 0.092963 0.387616 0.0228407 0.0901111 10
0 0.338434 0.360614 0.0163681 0.0818163 11
0 0.515867 0.378973 0.0194308 0.0659928 12
0 0.0361276 0.236515 0.0179569 0.0399544 13
0 0.0561514 0.33388 0.0176271 0.0705217 14
0 0.537004 0.374951 0.0189569 0.0675839 15
1 0.212768 0.745697 0.0332023 0.0902357 16
0 0.101156 0.221977 0.0175135 0.0570722 17
0 0.0858572 0.171845 0.0135993 0.0537528 18
0 0.473805 0.573054 0.0304313 0.111187 19
0 0.215933 0.560516 0.0399235 0.123524 20
0 0.461642 0.651073 0.030454 0.131356 21
0 0.15702 0.575079 0.0331047 0.0783997 22
0 0.210729 0.372737 0.0159663 0.0680764 23
0 0.230939 0.560927 0.0363809 0.12662 24
0 0.384563 0.344895 0.0264599 0.0658051 25
0 0.310048 0.241845 0.0137689 0.0545122 26
0 0.279747 0.163797 0.00986508 0.0408345 27
1 0.189183 0.65206 0.0514891 0.111948 28
0 0.23207 0.181353 0.0143294 0.0554715 29
0 0.43269 0.26576 0.0135537 0.0611234 30
0 0.0650386 0.395591 0.023003 0.0684639 31
0 0.397197 0.344619 0.0251364 0.0637089 32
0 0.149372 0.475357 0.0299917 0.0598886 33
0 0.178065 0.14304 0.0109826 0.0439381 34
0 0.653137 0.311906 0.0144607 0.0544002 35
0 0.313418 0.457896 0.0210752 0.0513088 36
1 0.255754 0.422353 0.0391482 0.0575475 37
0 0.26152 0.424343 0.02702 0.0601291 38
0 0.105442 0.467953 0.0268053 0.0897918 39
0 0.114324 0.44485 0.024249 0.0759037 40
0 0.190943 0.656471 0.0497002 0.111972 41
0 0.293084 0.150612 0.00988813 0.050879 42
