0 0.291327 0.86199 0.0293174 0.129804 1
0 0.553234 0.548787 0.0268429 0.108885 2
0 0.68608 0.505696 0.0348934 0.105507 3
0 0.621477 0.618394 0.0338885 0.120364 4
0 0.588789 0.482214 0.0281294 0.101596 5
0 0.21153 0.551624 0.0271574 0.113082 6
0 0.346019 0.357028 0.0160925 0.076692 7
0 0.456091 0.626709 0.0339833 0.137634 8
0 0.543808 0.376658 0.0205567 0.0683106 9
0 0.482842 0.492247 0.0282274 0.107351 10
0 0.240673 0.892527 0.0399243 0.17245 11
0 0.521868 0.378157 0.0171 0.064698 12
0 0.0706588 0.328338 0.0164653 0.0695212 13
0 0.13745 0.212119 0.0171794 0.0522886 14
0 0.106699 0.375114 0.0237798 0.0842078 15
0 0.184602 0.644893 0.0593635 0.107527 16
0 0.105097 0.166922 0.0128754 0.0495046 17
0 0.330302 0.262695 0.0127561 0.0462066 18
0 0.157672 0.563554 0.0360571 0.0788573 19
0 0.237501 0.552886 0.0247051 0.123036 20
0 0.687235 0.425031 0.03094 0.0565445 21
0 0.216614 0.364575 0.0197763 0.0654631 22
0 0.0566234 0.233457 0.0167068 0.0352337 23
1 0.187579 0.644484 0.0534596 0.106404 24
0 0.295638 0.458788 0.0219123 0.0498215 25
0 0.453672 0.331659 0.0164028 0.056933 26
0 0.258277 0.206273 0.0101889 0.0357204 27
0 0.318369 0.454961 0.017474 0.049315 28
0 0.399631 0.340132 0.0365423 0.0706884 29
0 0.0113274 0.0724108 0.0132055 0.0359195 30
0 0.0797586 0.388959 0.0218407 0.064582 31
0 0.0764237 0.548777 0.030001 0.0629212 32
0 0.58659 0.311083 0.0165054 0.0704401 33
0 0.445391 0.248083 0.0130508 0.0410945 34
0 0.115253 0.446174 0.0251535 0.0821626 35
0 0.00755789 0.111212 0.0121541 0.0306949 36
1 0.208777 0.734736 0.0352655 0.0922536 37
0 0.453663 0.529869 0.0425092 0.119144 38
0 0.29433 0.153858 0.0106522 0.050578 39
0 0.391266 0.178613 0.00914946 0.032478 40
0 0.00332134 0.174966 0.00654929 0.0483954 41
0 0.0296442 0.0680279 0.0130367 0.0405707 42
0 0.0585856 0.0395757 0.0109853 0.0416239 43
0 0.246717 0.167122 0.0124932 0.0436921 44
