0 0.515756 0.574751 0.0264555 0.119327 1
0 0.483385 0.481389 0.0257196 0.102679 2
0 0.0938815 0.690106 0.0525747 0.128204 3
0 0.414176 0.473618 0.0218149 0.104397 4
0 0.027522 0.326359 0.0179431 0.075337 5
0 0.338067 0.559707 0.0257408 0.11989 6
0 0.263383 0.483265 0.0284228 0.1178 7
0 0.558469 0.448876 0.0226456 0.104952 8
0 0.114301 0.671817 0.0307561 0.143801 9
0 0.545783 0.675615 0.0291105 0.154401 10
0 0.382803 0.170427 0.0129215 0.0461058 11
0 0.0897427 0.402854 0.0255585 0.0743093 12
0 0.415689 0.308466 0.0159277 0.0753485 13
0 0.0823313 0.280642 0.0175191 0.0715673 14
0 0.164427 0.147215 0.0134073 0.0455113 15
0 0.202598 0.289314 0.0193039 0.0699596 16
0 0.440511 0.494594 0.0219645 0.104055 17
0 0.224322 0.446225 0.0274772 0.103905 18
0 0.2206 0.256483 0.0161655 0.0693386 19
0 0.040729 0.263508 0.016446 0.0654251 20
0 0.123463 0.192582 0.0132567 0.0489 21
0 0.602762 0.36008 0.0206642 0.0742986 22
0 0.337505 0.123698 0.0106036 0.0508692 23
0 0.402833 0.136238 0.0109309 0.0402101 24
0 0.351393 0.0286397 0.0098815 0.032729 25
0 0.19173 0.453491 0.0272447 0.0761347 26
0 0.304988 0.29011 0.0155727 0.0599197 27
0 0.118578 0.191442 0.0133507 0.0439973 28
0 0.145398 0.162236 0.0128432 0.0420182 29
0 0.00690017 0.158245 0.0137408 0.0469532 30
0 0.584159 0.43195 0.0205837 0.0876741 31
0 0.289521 0.0505061 0.00886931 0.0354322 32
0 0.478803 0.142843 0.00961949 0.0459515 33
0 0.203654 0.140786 0.00994335 0.0385773 34
0 0.222136 0.303417 0.0191968 0.061736 35
0 0.129077 0.193607 0.0144857 0.0457325 36
0 0.560708 0.246529 0.013743 0.062028 37
0 0.336213 0.0313585 0.0100831 0.0396864 38
0 0.225504 0.355551 0.0256123 0.0811455 39
0 0.581174 0.359916 0.0201957 0.068916 40
0 0.33985 0.062474 0.00909022 0.0376078 41
0 0.136028 0.412075 0.0295293 0.0670419 42
0 0.337732 0.372599 0.0258617 0.0833445 43
0 0.23096 0.128045 0.00913402 0.0447377 44
0 0.0299444 0.295994 0.0143128 0.0479806 45
1 0.33876 0.370426 0.0268507 0.0838757 46
0 0.55171 0.0974368 0.00945396 0.0445135 47
0 0.00624561 0.143615 0.0124912 0.0457385 48
0 0.237306 0.443245 0.0266803 0.115874 49
0 0.419337 0.12801 0.0114071 0.0524829 50
0 0.362898 0.389358 0.0144591 0.0459593 51
0 0.303111 0.047214 0.00946683 0.0391474 52
1 0.134632 0.408035 0.0276566 0.0596275 53
0 0.163819 0.585257 0.0420399 0.0997794 54
0 0.535025 0.0875005 0.00901722 0.0428544 55
0 0.538878 0.0976475 0.00986958 0.0423027 56
0 0.415817 0.121524 0.0107889 0.0555258 57
