0 0.609216 0.593107 0.0421583 0.12463 1
0 0.12078 0.677521 0.0556887 0.0929235 2
0 0.162804 0.920028 0.0463179 0.159943 3
0 0.235495 0.621277 0.0390471 0.138453 4
0 0.315525 0.711737 0.0322388 0.135797 5
0 0.106403 0.49485 0.0229759 0.0917921 6
0 0.378703 0.504194 0.0267513 0.120335 7
0 0.482988 0.628021 0.0491142 0.150749 8
0 0.502399 0.438556 0.0234951 0.100175 9
0 0.449047 0.925115 0.0475218 0.147414 10
0 0.192147 0.630203 0.0361874 0.13474 11
0 0.530434 0.526636 0.0245691 0.112077 12
0 0.407028 0.49498 0.0279538 0.122265 13
0 0.520153 0.424059 0.0198863 0.0938443 14
0 0.019507 0.29603 0.0175902 0.0533326 15
0 0.222505 0.380945 0.0242763 0.0960266 16
0 0.295631 0.829604 0.0556861 0.127838 17
0 0.200899 0.740249 0.0506751 0.142362 18
0 0.0390713 0.566427 0.0467873 0.0737048 19
0 0.253296 0.415551 0.0183519 0.0708525 20
0 0.253578 0.277912 0.0129318 0.0648756 21
0 0.337675 0.828844 0.0690905 0.119191 22
0 0.575005 0.374694 0.0211121 0.0521542 23
0 0.143329 0.475981 0.0271149 0.0643395 24
0 0.425161 0.360485 0.022343 0.0661296 25
0 0.317327 0.836171 0.089279 0.143782 26
0 0.307759 0.602635 0.029585 0.0982722 27
0 0.501142 0.286608 0.0125181 0.0581876 28
0 0.012095 0.579945 0.0235323 0.0535843 29
0 0.406856 0.351638 0.0162967 0.0682808 30
0 0.481603 0.929751 0.0459142 0.135362 31
