0 0.643762 0.501849 0.0306164 0.110372 1
0 0.215427 0.531191 0.0254804 0.109324 2
0 0.284877 0.562381 0.0309094 0.130548 3
0 0.360193 0.344716 0.0201042 0.0804397 4
0 0.557075 0.57859 0.0371507 0.10995 5
0 0.257587 0.806191 0.0282918 0.121554 6
0 0.529436 0.524894 0.0237766 0.0969721 7
0 0.242004 0.532898 0.0236286 0.117428 8
0 0.563285 0.477231 0.0218183 0.0966466 9
0 0.153237 0.156124 0.0128686 0.0517428 10
0 0.0397403 0.166441 0.0125883 0.0420732 11
0 0.55616 0.37238 0.0192367 0.0697152 12
0 0.103339 0.316864 0.0159986 0.0718812 13
0 0.13051 0.36106 0.0212254 0.0863417 14
0 0.331454 0.14549 0.0107443 0.0552551 15
0 0.106213 0.360035 0.0218348 0.0842145 16
1 0.416239 0.333239 0.0336777 0.0611722 17
1 0.0173601 0.507969 0.0281252 0.0829991 18
0 0.202653 0.205926 0.0136949 0.0576582 19
0 0.535725 0.373389 0.0189249 0.0639218 20
0 0.366876 0.257765 0.0122434 0.046419 21
0 0.203436 0.714613 0.0634124 0.117809 22
0 0.304072 0.145696 0.0105017 0.0484979 23
0 0.0150213 0.18002 0.0132717 0.0514881 24
0 0.298234 0.195195 0.0113821 0.0464235 25
0 0.429482 0.488698 0.0261219 0.0944822 26
0 0.356329 0.144718 0.0107786 0.0468 27
0 0.474741 0.616347 0.0305992 0.1385 28
0 0.0709748 0.0694319 0.0123988 0.0385794 29
1 0.197818 0.705629 0.0502011 0.101044 30
0 0.189038 0.615969 0.0495289 0.107063 31
1 0.283611 0.401267 0.0260577 0.0534178 32
0 0.451782 0.484111 0.0252623 0.0947549 33
0 0.173665 0.445782 0.0244908 0.0559974 34
0 0.0612144 0.0947624 0.0111744 0.0342849 35
0 0.344373 0.148041 0.0102843 0.0517496 36
0 0.700831 0.421151 0.0266483 0.0536185 37
0 0.0612851 0.140861 0.0126764 0.0450067 38
0 0.099749 0.219676 0.0159675 0.036653 39
0 0.135578 0.434307 0.0225071 0.0887705 40
0 0.167176 0.537622 0.0298574 0.0764286 41
0 0.210558 0.853111 0.0382687 0.170524 42
0 0.281815 0.160926 0.0127686 0.0446747 43
0 0.117198 0.0342038 0.00938096 0.0394379 44
