0 0.734587 0.663157 0.0334678 0.131819 1
0 0.326798 0.608946 0.0390599 0.129184 2
0 0.320989 0.367484 0.0166346 0.0833946 3
0 0.48087 0.604156 0.0281723 0.129482 4
0 0.563196 0.568922 0.0322773 0.110167 5
0 0.0651989 0.40638 0.0241017 0.0970895 6
0 0.748437 0.506039 0.0259165 0.107959 7
0 0.642483 0.484547 0.0198511 0.100008 8
0 0.550133 0.450811 0.024873 0.10901 9
0 0.467712 0.5009 0.0260784 0.104476 10
0 0.256671 0.583484 0.0319926 0.133904 11
0 0.0272061 0.397801 0.0328277 0.109576 12
0 0.223975 0.57717 0.0234954 0.11047 13
0 0.166467 0.602332 0.0414054 0.0781302 14
0 0.40351 0.974438 0.0307696 0.0511241 15
0 0.525192 0.370631 0.0209699 0.0740994 16
0 0.142032 0.498968 0.0307377 0.0629723 17
0 0.190246 0.213953 0.01636 0.0523094 18
0 0.186618 0.110903 0.0115558 0.0520256 19
0 0.336801 0.877355 0.0360633 0.101714 20
0 0.378683 0.356427 0.0222016 0.076723 21
0 0.503701 0.376068 0.0187761 0.0642639 22
0 0.671265 0.406425 0.0237043 0.0554544 23
2 0.0570424 0.587479 0.0551958 0.0744902 24
0 0.628174 0.301948 0.0117571 0.0401282 25
0 0.16353 0.1726 0.0138432 0.0471959 26
0 0.0205232 0.375512 0.0246282 0.07765 27
0 0.201797 0.420344 0.0215044 0.0788177 28
1 0.253551 0.780955 0.0517727 0.118552 29
0 0.312848 0.467795 0.0207607 0.0542704 30
0 0.752018 0.279397 0.0141979 0.0391921 31
0 0.547768 0.301319 0.0147437 0.0565478 32
0 0.0921924 0.462967 0.0271248 0.0766555 33
0 0.00872634 0.3561 0.0174527 0.0761904 34
0 0.230452 0.165605 0.0116995 0.0448373 35
0 0.217852 0.164736 0.0119727 0.0449905 36
1 0.237872 0.435632 0.033803 0.0549786 37
0 0.361008 0.342021 0.0223388 0.0676001 38
0 0.375184 0.333837 0.0301223 0.0896256 39
0 0.28552 0.791764 0.0400496 0.0971917 40
