0 0.626374 0.623723 0.0280134 0.124245 1
0 0.554983 0.550484 0.0263728 0.11055 2
0 0.211413 0.555038 0.0272918 0.117814 3
0 0.69292 0.502868 0.0290556 0.11057 4
0 0.294054 0.869581 0.0308619 0.135349 5
0 0.345099 0.358603 0.0168645 0.0771878 6
0 0.484054 0.491329 0.0266278 0.106653 7
0 0.591797 0.482495 0.0256513 0.106172 8
0 0.455859 0.629373 0.033528 0.14116 9
0 0.542524 0.37682 0.0198606 0.0683663 10
0 0.244347 0.885716 0.0400525 0.184811 11
0 0.520486 0.378749 0.0178865 0.0660129 12
0 0.103114 0.376291 0.020688 0.0833047 13
0 0.237573 0.554433 0.0241174 0.123792 14
0 0.130486 0.215847 0.0150849 0.0492623 15
0 0.0683735 0.325266 0.0158706 0.0664679 16
0 0.294462 0.460701 0.0202446 0.0512088 17
0 0.102044 0.169449 0.0130004 0.0527698 18
0 0.317727 0.454944 0.0165972 0.0497389 19
0 0.187796 0.644335 0.0536853 0.106762 20
0 0.053741 0.233378 0.0169573 0.0353839 21
0 0.287602 0.583726 0.0328908 0.132288 22
0 0.453608 0.541339 0.0402035 0.1266 23
0 0.213688 0.366056 0.0217654 0.0647949 24
0 0.156071 0.565038 0.0358189 0.079849 25
0 0.389403 0.347533 0.0204706 0.0590415 26
0 0.586647 0.311494 0.0160976 0.0690487 27
0 0.254773 0.197923 0.0108053 0.0454615 28
0 0.294197 0.161458 0.0111153 0.0414169 29
1 0.188954 0.644804 0.0509668 0.107573 30
0 0.0686551 0.0872424 0.0115805 0.0486035 31
0 0.00758333 0.0758796 0.0123308 0.0342979 32
1 0.113539 0.442776 0.0279512 0.0790677 33
0 0.453283 0.329431 0.0164705 0.0591476 34
0 0.402197 0.346012 0.0282867 0.0557221 35
0 0.687962 0.425919 0.0311148 0.057952 36
0 0.453878 0.497377 0.0254351 0.0699982 37
0 0.0772728 0.383809 0.0236504 0.0750693 38
0 0.443623 0.250838 0.0119862 0.038044 39
0 0.0160675 0.162694 0.0104628 0.0440352 40
0 0.328114 0.250444 0.0134459 0.0418278 41
1 0.207909 0.740108 0.0419278 0.101005 42
