0 0.331401 0.621894 0.0404465 0.140161 1
0 0.55009 0.511746 0.0287273 0.106863 2
0 0.258504 0.591277 0.0372631 0.131121 3
0 0.665948 0.574885 0.0286209 0.126099 4
0 0.608039 0.517507 0.0359768 0.117182 5
0 0.171514 0.778907 0.0509058 0.171391 6
0 0.407463 0.921666 0.0486205 0.156667 7
0 0.293373 0.807848 0.0501237 0.133645 8
0 0.474821 0.476915 0.0251092 0.109706 9
0 0.160243 0.62909 0.0477281 0.0858046 10
0 0.108477 0.170537 0.0129932 0.0514995 11
0 0.435541 0.501744 0.0279016 0.116466 12
2 0.031394 0.625288 0.062788 0.0824564 13
0 0.176376 0.462088 0.0237364 0.0857235 14
0 0.22621 0.594137 0.0231204 0.123528 15
0 0.118685 0.252298 0.0158709 0.0526626 16
0 0.52389 0.457808 0.0225673 0.12393 17
0 0.509009 0.440677 0.0278591 0.107986 18
0 0.298775 0.358196 0.0209875 0.0981655 19
0 0.469056 0.367085 0.02044 0.0603743 20
0 0.086162 0.164098 0.0137374 0.0675572 21
1 0.0340657 0.494594 0.0331554 0.0851825 22
0 0.329413 0.366677 0.0230713 0.0854223 23
1 0.212064 0.448096 0.0252187 0.0622761 24
0 0.335252 0.267242 0.0126886 0.0653548 25
0 0.328522 0.807355 0.0659447 0.117648 26
0 0.223563 0.626312 0.0348531 0.184407 27
0 0.0588451 0.18014 0.0146935 0.0540328 28
0 0.0360805 0.493791 0.03044 0.0821547 29
1 0.231551 0.703994 0.0570335 0.127978 30
0 0.00702911 0.449625 0.0140582 0.0932688 31
0 0.105654 0.520611 0.0323423 0.0659146 32
0 0.027687 0.171986 0.0130293 0.0542392 33
0 0.277337 0.299717 0.018309 0.0513019 34
