0 0.733205 0.665457 0.0344686 0.132457 1
0 0.321963 0.610811 0.0385574 0.126517 2
0 0.32148 0.366298 0.0166836 0.0833208 3
0 0.481168 0.609682 0.0296857 0.136959 4
0 0.645097 0.488438 0.0219057 0.0993908 5
0 0.546065 0.449745 0.0249748 0.102472 6
0 0.466881 0.508542 0.0278091 0.109492 7
0 0.0658813 0.403441 0.0227888 0.092814 8
0 0.222806 0.56961 0.0228723 0.097423 9
0 0.200747 0.419478 0.0168238 0.0788123 10
0 0.571565 0.571955 0.0289574 0.116264 11
0 0.252974 0.58456 0.0365562 0.12924 12
0 0.750116 0.510608 0.0284979 0.101777 13
0 0.285359 0.793059 0.0355968 0.0912187 14
0 0.525827 0.371384 0.0196665 0.072665 15
0 0.141749 0.498383 0.0262829 0.0638036 16
0 0.0294792 0.398808 0.0332096 0.11346 17
0 0.0212199 0.372374 0.0289535 0.0876845 18
0 0.39609 0.972308 0.0323311 0.0537674 19
0 0.629157 0.303457 0.012052 0.0452176 20
0 0.504452 0.375194 0.0190417 0.0678136 21
0 0.164649 0.602399 0.0409693 0.0771472 22
1 0.258496 0.771828 0.0339163 0.10064 23
0 0.117244 0.151241 0.0140182 0.0490261 24
0 0.312733 0.467904 0.0200977 0.0540052 25
0 0.0109917 0.35828 0.0187587 0.0826913 26
0 0.755576 0.276663 0.0147376 0.0403385 27
0 0.238961 0.247901 0.0148532 0.0321835 28
0 0.332949 0.880483 0.0361505 0.108687 29
0 0.674214 0.406691 0.0245066 0.0521763 30
0 0.114175 0.177387 0.0123439 0.0584074 31
0 0.092385 0.46744 0.0288227 0.0852535 32
0 0.195977 0.406045 0.018971 0.0742298 33
1 0.235478 0.435369 0.0317225 0.0524287 34
0 0.0149834 0.179946 0.0105175 0.0417712 35
0 0.228332 0.164812 0.0112617 0.0457507 36
1 0.210456 0.680143 0.0479651 0.101794 37
0 0.377653 0.374487 0.0187814 0.0683926 38
0 0.0674732 0.588631 0.0320971 0.0705086 39
1 0.165044 0.602548 0.0440748 0.0766834 40
0 0.0703504 0.470237 0.0230695 0.0757485 41
0 0.182944 0.212445 0.0113465 0.0450204 42
