0 0.211714 0.704821 0.0434285 0.152796 1
0 0.0802269 0.560631 0.0276822 0.0975525 2
0 0.365717 0.700751 0.0393526 0.154803 3
0 0.490085 0.517693 0.0288986 0.113136 4
0 0.192901 0.424833 0.0262939 0.101911 5
0 0.0217143 0.648448 0.0434286 0.0798413 6
0 0.36181 0.922509 0.0570223 0.134126 7
0 0.0216159 0.436729 0.0207295 0.0764659 8
0 0.255371 0.696897 0.0586774 0.164406 9
0 0.409349 0.923785 0.0694853 0.138774 10
0 0.23702 0.828491 0.0555304 0.165789 11
0 0.51351 0.54284 0.0255073 0.128654 12
0 0.538811 0.511634 0.0256699 0.110531 13
0 0.139571 0.764355 0.0569307 0.109702 14
0 0.690997 0.941066 0.0373583 0.115549 15
0 0.427042 0.525711 0.0358216 0.159269 16
0 0.576868 0.431885 0.027861 0.0990233 17
0 0.548076 0.962474 0.0411795 0.0734039 18
0 0.568768 0.504581 0.0281871 0.125007 19
0 0.203544 0.305558 0.0176858 0.0694753 20
0 0.585165 0.239318 0.0111549 0.0386234 21
0 0.516044 0.464061 0.0218241 0.101571 22
0 0.465125 0.300716 0.0114437 0.0495495 23
0 0.505372 0.52493 0.0415224 0.134146 24
0 0.40278 0.383364 0.0203288 0.0725046 25
0 0.223883 0.543734 0.0253965 0.0652794 26
0 0.117399 0.533438 0.0318727 0.0742573 27
1 0.431214 0.346141 0.018263 0.0509349 28
0 0.217887 0.4007 0.0210384 0.0731449 29
0 0.466471 0.334885 0.0192831 0.0566611 30
