0 0.560702 0.449165 0.0260211 0.10527 1
0 0.485596 0.482256 0.0256126 0.111127 2
0 0.534099 0.673372 0.032259 0.152936 3
0 0.345214 0.569806 0.0265708 0.128408 4
0 0.600556 0.442074 0.027359 0.0799473 5
0 0.392217 0.172533 0.0125743 0.0516174 6
0 0.264353 0.478715 0.0303548 0.117526 7
0 0.0998659 0.275338 0.022106 0.0700871 8
0 0.439667 0.495347 0.0223982 0.102363 9
0 0.520569 0.576698 0.0279247 0.115242 10
0 0.421077 0.307167 0.0152685 0.0773799 11
0 0.0873137 0.679879 0.0420413 0.126129 12
0 0.056483 0.256159 0.0175117 0.0609585 13
0 0.176209 0.144847 0.0130819 0.0462935 14
0 0.0456768 0.315358 0.0204272 0.0743506 15
0 0.603567 0.362165 0.0225455 0.0790243 16
0 0.0954436 0.396086 0.0264434 0.0733339 17
0 0.109869 0.665707 0.0315655 0.138339 18
0 0.411672 0.471594 0.0236171 0.0989951 19
0 0.583187 0.363642 0.0186607 0.0650808 20
0 0.0085709 0.290373 0.0171418 0.0755844 21
0 0.0210826 0.151688 0.0126936 0.0528023 22
0 0.227687 0.254202 0.0146724 0.0630467 23
0 0.310173 0.28566 0.0145146 0.0573663 24
0 0.346959 0.121002 0.0107656 0.0553108 25
0 0.364224 0.0279384 0.0093506 0.0306318 26
0 0.243384 0.122019 0.00991678 0.05107 27
0 0.156913 0.157876 0.0131024 0.0407431 28
0 0.226432 0.439356 0.0245647 0.108064 29
0 0.208911 0.278184 0.0147674 0.0592023 30
0 0.302465 0.0490221 0.00865384 0.036904 31
0 0.228354 0.31176 0.0183447 0.0687614 32
0 0.351537 0.0635194 0.00988379 0.0415653 33
0 0.488897 0.140568 0.0100161 0.0435323 34
0 0.413792 0.136492 0.0113738 0.0430767 35
0 0.0436278 0.271701 0.017488 0.0542196 36
0 0.365866 0.388351 0.0148264 0.0460025 37
0 0.131962 0.188864 0.0143485 0.0466371 38
1 0.341561 0.362957 0.0275153 0.0758477 39
0 0.00528194 0.176235 0.0105639 0.0494325 40
0 0.0802073 0.101558 0.00917511 0.0278575 41
0 0.56828 0.244893 0.015215 0.0640816 42
1 0.165143 0.569924 0.0365494 0.0993954 43
0 0.340916 0.36889 0.0262752 0.0859052 44
0 0.141024 0.409698 0.0304166 0.0665003 45
0 0.0933908 0.063984 0.00993547 0.0425341 46
0 0.237174 0.375448 0.0196032 0.0701114 47
0 0.316351 0.0471969 0.00878009 0.0383065 48
0 0.00629068 0.156046 0.0125814 0.0517791 49
0 0.348856 0.0288878 0.0103204 0.0354462 50
0 0.503026 0.144921 0.0101379 0.0523087 51
0 0.491525 0.314094 0.0212333 0.0483946 52
0 0.215427 0.140199 0.0102136 0.0357498 53
0 0.21805 0.0763293 0.011383 0.0285775 54
0 0.138069 0.189374 0.0139951 0.0480792 55
1 0.188746 0.492563 0.0288389 0.0748323 56
0 0.199282 0.445919 0.0214181 0.0699834 57
