0 0.280761 0.548919 0.0285747 0.124583 1
0 0.0248652 0.489626 0.0257896 0.0809427 2
0 0.576491 0.470566 0.0239885 0.0956746 3
0 0.21386 0.516281 0.0262011 0.112367 4
0 0.471638 0.52854 0.0280706 0.110211 5
0 0.226365 0.777855 0.0283673 0.124169 6
0 0.435692 0.463106 0.0228409 0.0824114 7
0 0.382451 0.466154 0.0269279 0.0990648 8
0 0.451396 0.556316 0.0232416 0.123444 9
0 0.564227 0.368806 0.0204588 0.0700198 10
0 0.364425 0.33658 0.0157087 0.0779393 11
0 0.143242 0.345004 0.0212031 0.0807443 12
0 0.0657324 0.153419 0.0117476 0.0467843 13
0 0.237026 0.195693 0.0137919 0.0503629 14
0 0.385598 0.255338 0.0124932 0.0445968 15
0 0.537943 0.470529 0.029756 0.0977859 16
0 0.339859 0.182855 0.00993127 0.0382182 17
0 0.00571183 0.196817 0.0114155 0.0522096 18
0 0.0429989 0.173684 0.0131079 0.0497463 19
0 0.239754 0.51542 0.0219462 0.115487 20
0 0.119986 0.341797 0.0220343 0.0848799 21
0 0.178079 0.159702 0.0120981 0.0467455 22
0 0.118986 0.314529 0.0208537 0.0925115 23
0 0.54125 0.372303 0.0182741 0.0618056 24
0 0.483906 0.621313 0.025802 0.131849 25
0 0.190537 0.829636 0.0331465 0.16477 26
1 0.41647 0.330073 0.018578 0.0586834 27
0 0.169174 0.523923 0.0320578 0.0734817 28
0 0.483742 0.234096 0.0111422 0.045006 29
0 0.184168 0.5921 0.0493061 0.0967113 30
0 0.481749 0.252934 0.0135069 0.0500575 31
0 0.404436 0.0966999 0.00908606 0.0350366 32
0 0.103078 0.0636262 0.00980201 0.0360513 33
1 0.179409 0.434862 0.0291621 0.0508126 34
1 0.0870834 0.493251 0.0373204 0.0691272 35
0 0.416201 0.3314 0.0179497 0.0599613 36
0 0.00385978 0.234136 0.00771956 0.0543915 37
0 0.0881789 0.497287 0.0412291 0.0668442 38
0 0.123721 0.212626 0.0154868 0.0337047 39
1 0.433776 0.330291 0.0178032 0.058485 40
0 0.0919238 0.0956642 0.0099602 0.0278024 41
0 0.706122 0.42024 0.0241994 0.051898 42
