0 0.416421 0.815346 0.0368326 0.168106 1
0 0.22835 0.658835 0.0363072 0.139839 2
0 0.313287 0.668253 0.0420386 0.145704 3
0 0.386458 0.494871 0.0260591 0.113972 4
0 0.425095 0.572947 0.0290048 0.113301 5
0 0.508065 0.446092 0.0229488 0.100613 6
0 0.355004 0.885747 0.0584474 0.105571 7
0 0.0715204 0.53484 0.0279222 0.0928362 8
0 0.466161 0.945091 0.040696 0.105443 9
0 0.413017 0.499658 0.0243004 0.0995915 10
0 0.554362 0.538344 0.0323693 0.11953 11
0 0.183225 0.67253 0.0344924 0.140629 12
0 0.303521 0.879439 0.0554854 0.14362 13
0 0.0633773 0.463295 0.0259106 0.0872789 14
0 0.193528 0.791378 0.0513624 0.142167 15
0 0.46139 0.548428 0.0244638 0.106602 16
0 0.10674 0.721797 0.0545549 0.09784 17
0 0.539763 0.555934 0.0347084 0.131118 18
0 0.472256 0.439453 0.0253488 0.0974886 19
0 0.190719 0.408529 0.021031 0.0968158 20
0 0.208146 0.297159 0.0189538 0.0677335 21
0 0.467133 0.299833 0.0150912 0.0692994 22
0 0.546753 0.379653 0.0185496 0.0526355 23
0 0.302124 0.283096 0.0178887 0.0577773 24
0 0.0151033 0.604412 0.0302066 0.0901649 25
0 0.110709 0.505944 0.0339809 0.0668682 26
0 0.517448 0.949223 0.0336096 0.0975159 27
0 0.00756733 0.609914 0.0151347 0.084963 28
0 0.241507 0.451823 0.0160896 0.0573903 29
0 0.178749 0.399357 0.0204519 0.10138 30
0 0.580247 0.24223 0.0101731 0.0382392 31
0 0.209866 0.52339 0.02492 0.0691442 32
0 0.232665 0.384983 0.0222002 0.065446 33
0 0.21412 0.380423 0.018698 0.061006 34
0 0.256191 0.224626 0.00907126 0.0366247 35
