0 0.339576 0.619386 0.0300313 0.128812 1
0 0.261214 0.799295 0.0541677 0.126055 2
0 0.296816 0.369136 0.0177465 0.0847469 3
0 0.691929 0.626649 0.0326715 0.122122 4
0 0.581922 0.477684 0.0307423 0.107271 5
0 0.692784 0.495991 0.0342972 0.109313 6
0 0.0211458 0.704856 0.0422915 0.13953 7
0 0.364297 0.921431 0.0537649 0.156066 8
0 0.514732 0.451994 0.0278284 0.102614 9
0 0.0314978 0.422283 0.0286156 0.10212 10
0 0.545866 0.556164 0.0255285 0.119663 11
0 0.249095 0.590188 0.0374297 0.13463 12
0 0.22226 0.594557 0.0411683 0.131956 13
0 0.549401 0.431456 0.0236372 0.0956287 14
0 0.192357 0.446323 0.0223491 0.077604 15
0 0.460239 0.52615 0.0296274 0.194665 16
0 0.157989 0.617092 0.0402863 0.0852547 17
0 0.135419 0.116829 0.0129813 0.0549183 18
0 0.301813 0.801444 0.0401678 0.0994537 19
0 0.365808 0.270196 0.0142694 0.0700273 20
0 0.352807 0.363593 0.0247202 0.0925354 21
0 0.650161 0.399574 0.0248161 0.0550457 22
0 0.458372 0.482418 0.0241501 0.110909 23
0 0.00413779 0.454399 0.00814955 0.0856255 24
0 0.243198 0.264861 0.0167299 0.0417666 25
0 0.0342627 0.603722 0.0646314 0.0901417 26
0 0.502762 0.364001 0.0219732 0.0759035 27
0 0.115209 0.175297 0.0146738 0.051854 28
0 0.140189 0.169671 0.0129532 0.053272 29
0 0.167776 0.169004 0.0136449 0.0520493 30
2 0.0379406 0.604855 0.0578133 0.0840111 31
0 0.0626285 0.483776 0.0319921 0.0886946 32
0 0.11863 0.511963 0.0424288 0.0674329 33
0 0.0563153 0.15365 0.0161414 0.0536247 34
0 0.482501 0.369721 0.0177073 0.0718062 35
