0 0.545454 0.551008 0.0268496 0.120706 1
0 0.49808 0.515445 0.0392408 0.142904 2
0 0.25532 0.842894 0.0519979 0.141355 3
0 0.379463 0.934164 0.0529612 0.126653 4
0 0.623936 0.563024 0.0307781 0.0972799 5
0 0.280745 0.697307 0.042328 0.14349 6
0 0.435145 0.934441 0.0625103 0.128578 7
0 0.097894 0.564298 0.0277086 0.0945221 8
0 0.440934 0.495063 0.0267548 0.113304 9
0 0.380749 0.71291 0.0424492 0.165267 10
0 0.639904 0.437302 0.0239383 0.0912518 11
0 0.203542 0.428781 0.0233512 0.104919 12
0 0.154255 0.77427 0.0561101 0.116192 13
0 0.0265119 0.422082 0.0177717 0.0738159 14
0 0.233389 0.700333 0.0330538 0.117416 15
0 0.0262091 0.657616 0.0505908 0.0788388 16
0 0.591751 0.457371 0.0233521 0.0980362 17
0 0.562144 0.397335 0.0187972 0.0503683 18
0 0.130955 0.536563 0.0292912 0.0688997 19
0 0.2832 0.34946 0.0146774 0.0514326 20
0 0.590271 0.244265 0.0108009 0.0399777 21
0 0.415554 0.392468 0.0187016 0.0713947 22
0 0.20836 0.310879 0.0209051 0.0715695 23
0 0.0405265 0.244871 0.0120352 0.0404593 24
0 0.392927 0.397455 0.0171157 0.0663572 25
0 0.405295 0.392681 0.0165542 0.0719204 26
