0 0.720766 0.671845 0.0325865 0.130574 1
0 0.48035 0.624211 0.031926 0.128991 2
0 0.322275 0.363589 0.0171645 0.0848219 3
0 0.578883 0.567926 0.0260328 0.106875 4
0 0.52634 0.463279 0.0235231 0.106867 5
0 0.0691119 0.399518 0.0253079 0.0947219 6
0 0.303548 0.609852 0.028466 0.123689 7
0 0.470719 0.532324 0.030196 0.114884 8
0 0.641615 0.498342 0.0217948 0.0781622 9
0 0.155653 0.594739 0.0445446 0.079982 10
0 0.0179154 0.24759 0.0181079 0.0625853 11
0 0.0387446 0.172975 0.0166462 0.0545665 12
0 0.508411 0.452042 0.019148 0.0979838 13
0 0.195155 0.404891 0.01859 0.0718172 14
0 0.246482 0.576132 0.0245745 0.122202 15
0 0.0370366 0.403505 0.0268524 0.0898333 16
0 0.352841 0.965899 0.0333903 0.064838 17
0 0.213358 0.577852 0.0228726 0.116963 18
0 0.0957824 0.185848 0.0125015 0.0385733 19
1 0.230231 0.77594 0.0435338 0.103621 20
0 0.0244779 0.350099 0.0256335 0.0756802 21
0 0.744372 0.516439 0.0280597 0.10029 22
0 0.308654 0.913423 0.0382324 0.171992 23
0 0.267033 0.788292 0.0327752 0.0923377 24
0 0.525868 0.374711 0.0204579 0.0716441 25
0 0.184622 0.180865 0.0142797 0.0540405 26
0 0.50501 0.37507 0.0197636 0.0671047 27
0 0.14002 0.493339 0.0248148 0.057157 28
0 0.307595 0.466638 0.0207361 0.0525526 29
0 0.760702 0.283485 0.0134963 0.039891 30
2 0.0515846 0.58578 0.0538023 0.0692311 31
1 0.365858 0.340034 0.0233833 0.0710672 32
0 0.24406 0.165294 0.0125656 0.0466396 33
0 0.521324 0.384861 0.0194516 0.0671702 34
0 0.207585 0.168583 0.010687 0.0406472 35
0 0.379363 0.347556 0.0250612 0.0687637 36
0 0.364973 0.340488 0.0215126 0.0704773 37
0 0.404878 0.249944 0.0132602 0.0376572 38
0 0.403918 0.269512 0.0160438 0.065873 39
0 0.187354 0.192361 0.0124093 0.066612 40
0 0.675321 0.411949 0.024894 0.0509929 41
