0 0.488798 0.625659 0.0261856 0.131324 1
0 0.473512 0.480461 0.0230341 0.102066 2
0 0.272559 0.531632 0.0264453 0.124197 3
0 0.23433 0.498422 0.0250916 0.114247 4
0 0.518806 0.448292 0.0223321 0.116004 5
0 0.342318 0.469651 0.0251459 0.112411 6
0 0.571465 0.366761 0.0211645 0.0719189 7
0 0.210135 0.498187 0.0257078 0.107634 8
0 0.148676 0.79195 0.0457115 0.142732 9
0 0.0385618 0.465263 0.025876 0.0810715 10
0 0.215871 0.144062 0.0116285 0.0499927 11
0 0.16282 0.330216 0.0204036 0.0766196 12
0 0.373997 0.329897 0.0161763 0.0796432 13
0 0.0519009 0.183231 0.0172966 0.0593015 14
0 0.431829 0.454723 0.0197882 0.099771 15
0 0.0891214 0.169739 0.0129215 0.0467249 16
0 0.113689 0.14639 0.0106431 0.0449695 17
0 0.287172 0.187132 0.0125333 0.0554084 18
0 0.00577944 0.219857 0.0115589 0.0457551 19
0 0.547972 0.369574 0.0186407 0.0634856 20
0 0.440916 0.494017 0.0245842 0.124163 21
0 0.503079 0.244447 0.01437 0.0487686 22
0 0.0601715 0.0981777 0.00993712 0.0298966 23
0 0.142977 0.318032 0.0231372 0.0889958 24
0 0.0968236 0.472836 0.0356695 0.0713637 25
0 0.447143 0.328317 0.0171542 0.0537384 26
0 0.226381 0.0840633 0.00976526 0.0313068 27
0 0.157435 0.0608257 0.00950007 0.0345461 28
0 0.428855 0.32487 0.0203322 0.0582975 29
0 0.401731 0.152708 0.0104426 0.0452348 30
0 0.143298 0.293785 0.0175098 0.072734 31
0 0.344654 0.149524 0.0109744 0.0419761 32
0 0.176511 0.522322 0.0410616 0.107378 33
1 0.178329 0.547149 0.045988 0.123204 34
0 0.171593 0.0582226 0.00887308 0.0382907 35
0 0.1827 0.665726 0.0516375 0.106341 36
0 0.208094 0.0588477 0.00970495 0.0414517 37
0 0.219534 0.0439231 0.00773743 0.0453589 38
1 0.173138 0.647065 0.0326661 0.0998316 39
0 0.389376 0.147674 0.0100531 0.0484302 40
1 0.490778 0.323377 0.0151255 0.0500784 41
0 0.30664 0.397648 0.0289936 0.0864166 42
0 0.185103 0.0638634 0.00868817 0.0353849 43
