0 0.568597 0.511682 0.0294815 0.11122 1
0 0.202464 0.816766 0.0525824 0.150741 2
0 0.230389 0.68011 0.0439062 0.146225 3
0 0.317151 0.902447 0.048975 0.126367 4
0 0.0606031 0.552236 0.0278189 0.0964963 5
0 0.337402 0.692319 0.0332924 0.141933 6
0 0.500541 0.868787 0.0517426 0.152339 7
0 0.18198 0.692199 0.0399707 0.150385 8
0 0.415846 0.523179 0.0274921 0.115756 9
0 0.0317236 0.449718 0.0206228 0.0731626 10
0 0.36571 0.908775 0.0751569 0.138398 11
0 0.179324 0.41943 0.0218515 0.0991845 12
0 0.519626 0.523825 0.0269099 0.11812 13
0 0.469184 0.530379 0.0284679 0.11919 14
0 0.49976 0.955119 0.0559604 0.0878591 15
0 0.547903 0.961179 0.0325785 0.0776427 16
0 0.462525 0.451865 0.0267517 0.0809905 17
0 0.104494 0.74846 0.0516959 0.106545 18
0 0.189382 0.305452 0.0186432 0.0671009 19
0 0.367721 0.387429 0.0208148 0.0649717 20
0 0.446644 0.523951 0.0300909 0.0988317 21
0 0.518152 0.433233 0.0252666 0.0917138 22
0 0.213959 0.431056 0.0203515 0.0714371 23
0 0.452983 0.299908 0.0126988 0.055288 24
0 0.0977553 0.521688 0.0328945 0.0714389 25
0 0.384936 0.383224 0.0189944 0.0663045 26
0 0.16621 0.419163 0.022032 0.10275 27
0 0.273749 0.275946 0.0131516 0.0679762 28
0 0.405123 0.50466 0.0374153 0.116041 29
0 0.53824 0.382873 0.0138853 0.0499825 30
0 0.230246 0.343848 0.0169708 0.0569041 31
0 0.21187 0.391182 0.0287778 0.0663821 32
0 0.572595 0.235521 0.0108786 0.0348434 33
0 0.199683 0.53863 0.0271996 0.065054 34
0 0.179753 0.552525 0.0322501 0.0701373 35
0 0.375171 0.384848 0.0235494 0.070678 36
0 0.16265 0.402468 0.0176166 0.0766286 37
1 0.0963538 0.522599 0.034828 0.072153 38
