0 0.228545 0.657226 0.0377587 0.14097 1
0 0.311828 0.667124 0.0400483 0.144159 2
0 0.1937 0.79228 0.0522241 0.141978 3
0 0.385416 0.494434 0.0259354 0.113971 4
0 0.464949 0.944144 0.0412685 0.108291 5
0 0.508264 0.44512 0.0226763 0.100737 6
0 0.540623 0.564795 0.0338757 0.123478 7
0 0.425195 0.570733 0.0320531 0.10559 8
0 0.356264 0.883454 0.0561686 0.100437 9
0 0.182376 0.669837 0.0342182 0.139733 10
0 0.302964 0.8788 0.0560766 0.141431 11
0 0.411333 0.812303 0.0390031 0.174272 12
0 0.107072 0.721233 0.0545861 0.0982643 13
0 0.412529 0.500289 0.0254299 0.103257 14
0 0.192814 0.406904 0.0207463 0.0958468 15
0 0.474636 0.438896 0.0257652 0.0974698 16
0 0.0653363 0.46606 0.0251136 0.0922506 17
0 0.0734099 0.534577 0.0260081 0.0917867 18
0 0.550045 0.546034 0.0344763 0.129087 19
0 0.460858 0.549514 0.0257582 0.110886 20
0 0.20926 0.296883 0.017554 0.0702446 21
0 0.113217 0.504825 0.033395 0.0657737 22
0 0.304557 0.285405 0.0148011 0.0563077 23
0 0.0162196 0.605652 0.0324391 0.0884393 24
0 0.242185 0.450724 0.014998 0.0594711 25
0 0.181496 0.399632 0.0218795 0.101336 26
0 0.010146 0.962723 0.0202921 0.0745535 27
0 0.580583 0.241331 0.0105444 0.0423888 28
0 0.467359 0.30125 0.0155252 0.0719485 29
0 0.515962 0.94831 0.0335916 0.0986209 30
0 0.208961 0.514445 0.0265508 0.0749089 31
0 0.102586 0.19007 0.00993513 0.036314 32
0 0.547021 0.379935 0.0208382 0.0535447 33
0 0.230142 0.382007 0.0229887 0.063198 34
0 0.41031 0.333238 0.0156032 0.0508556 35
0 0.186114 0.53754 0.0305652 0.0662273 36
0 0.400852 0.37487 0.0194204 0.066172 37
