0 0.328133 0.552511 0.0317367 0.12619 1
0 0.367309 0.170992 0.012062 0.0490561 2
0 0.439121 0.511636 0.0238411 0.115107 3
0 0.506098 0.56905 0.0254564 0.119296 4
0 0.414862 0.476292 0.0285748 0.100893 5
0 0.547188 0.677266 0.0307746 0.151474 6
0 0.0615076 0.290363 0.0237041 0.0688712 7
0 0.407852 0.310362 0.014834 0.073506 8
0 0.0937918 0.69953 0.0498726 0.132733 9
0 0.192621 0.29105 0.0176078 0.0669945 10
0 0.554358 0.450364 0.0236457 0.103628 11
0 0.0177413 0.267646 0.0217549 0.0629398 12
0 0.257152 0.48857 0.0324887 0.119721 13
0 0.00866439 0.344835 0.0173288 0.071028 14
0 0.114933 0.684877 0.0312189 0.146986 15
0 0.474933 0.47807 0.0208328 0.0998394 16
0 0.14675 0.148746 0.0139169 0.0484025 17
0 0.212095 0.30856 0.0181315 0.0574563 18
0 0.593858 0.357485 0.021801 0.0720556 19
0 0.208392 0.25785 0.0140461 0.059756 20
0 0.330168 0.374354 0.0265358 0.0830349 21
0 0.235919 0.448146 0.0211798 0.104536 22
0 0.217733 0.0733441 0.00840907 0.0294384 23
0 0.270826 0.0503056 0.00721854 0.0326378 24
0 0.128339 0.165082 0.0127272 0.0441569 25
0 0.217287 0.4542 0.022566 0.0936269 26
0 0.298915 0.303941 0.0144621 0.0604699 27
0 0.128193 0.416498 0.0290593 0.0679062 28
0 0.565144 0.447515 0.0241365 0.104593 29
0 0.0781394 0.409182 0.0255366 0.0739195 30
0 0.141632 0.14735 0.01137 0.0485639 31
0 0.188273 0.459037 0.0238619 0.0731251 32
0 0.464536 0.141516 0.00961835 0.0460629 33
0 0.214352 0.122627 0.00917478 0.0456744 34
0 0.182089 0.502139 0.0308567 0.0886597 35
0 0.572604 0.360012 0.0201126 0.0619074 36
0 0.355319 0.390967 0.0166127 0.0456771 37
0 0.188579 0.142831 0.010493 0.0372266 38
0 0.107374 0.195292 0.0184816 0.044601 39
0 0.333209 0.0259767 0.00816974 0.0279924 40
0 0.454767 0.308196 0.0167078 0.0579349 41
0 0.324121 0.127982 0.0109797 0.0484736 42
0 0.164793 0.598342 0.0393628 0.0766807 43
0 0.477232 0.155724 0.00939446 0.0371546 44
0 0.403928 0.138392 0.0105423 0.0359458 45
0 0.216007 0.367899 0.0243852 0.0783044 46
0 0.388872 0.137072 0.0103426 0.0412994 47
0 0.105743 0.123843 0.0112535 0.0439385 48
0 0.421615 0.138236 0.0119179 0.0433185 49
0 0.871231 0.323048 0.0149805 0.0489493 50
0 0.526615 0.0975428 0.00943897 0.039007 51
0 0.427421 0.141589 0.0101671 0.0357018 52
0 0.181838 0.0826766 0.00930667 0.0292405 53
