0 0.718094 0.643526 0.0329546 0.134567 1
0 0.729201 0.500657 0.0244102 0.105267 2
0 0.339931 0.613562 0.039965 0.137565 3
0 0.35548 0.913888 0.0516911 0.159383 4
0 0.314443 0.369752 0.0175835 0.0852802 5
0 0.568446 0.443679 0.0222791 0.0980272 6
0 0.473052 0.581219 0.0281174 0.131321 7
0 0.261895 0.791783 0.0518138 0.116197 8
0 0.0535169 0.413551 0.0243864 0.0958606 9
0 0.55497 0.564737 0.0252304 0.113364 10
0 0.533144 0.458946 0.0247988 0.106233 11
0 0.465841 0.486514 0.0284767 0.106327 12
0 0.0166916 0.426009 0.0324496 0.0947715 13
0 0.253097 0.587724 0.0390017 0.130192 14
0 0.615404 0.474437 0.0196439 0.0966173 15
0 0.51739 0.36623 0.0209057 0.0801385 16
0 0.171394 0.60682 0.0377451 0.0777303 17
0 0.301483 0.795532 0.0409342 0.0937753 18
0 0.665416 0.402611 0.0219283 0.0522688 19
0 0.350823 0.340204 0.0231459 0.0670331 20
0 0.225207 0.591803 0.0295032 0.132274 21
0 0.214147 0.434089 0.0334289 0.0767715 22
0 0.166391 0.112 0.0118597 0.0580045 23
0 0.496062 0.37491 0.0155044 0.0618947 24
0 0.208831 0.161247 0.0144598 0.051858 25
0 0.206877 0.219366 0.014118 0.047514 26
0 0.00420748 0.149023 0.00841497 0.0457679 27
0 0.574613 0.342644 0.0178465 0.0473233 28
0 0.369145 0.339859 0.030701 0.0911079 29
0 0.146539 0.17522 0.0136434 0.0498974 30
0 0.240733 0.250957 0.016293 0.0456769 31
0 0.0109983 0.742938 0.0219965 0.0883362 32
0 0.140081 0.504698 0.0298313 0.0610149 33
0 0.0847188 0.470625 0.0271002 0.0772187 34
2 0.051456 0.595318 0.0614991 0.0752383 35
1 0.214194 0.433727 0.0343193 0.0726297 36
1 0.237836 0.439037 0.032902 0.0599107 37
0 0.169526 0.165709 0.0110615 0.0469572 38
0 0.737406 0.272964 0.0147959 0.0427849 39
1 0.215856 0.683509 0.0413656 0.110035 40
0 0.0862253 0.173166 0.0156206 0.0633046 41
0 0.413159 0.980625 0.0294254 0.0387491 42
