0 0.549687 0.531798 0.0259388 0.113739 1
0 0.680521 0.605326 0.036297 0.120493 2
0 0.285013 0.801917 0.053119 0.128848 3
0 0.264711 0.592873 0.0365506 0.13596 4
0 0.0936964 0.69634 0.0461378 0.132965 5
0 0.341543 0.62058 0.0310995 0.140013 6
0 0.665311 0.503513 0.0289781 0.115907 7
0 0.0275621 0.418585 0.026 0.097781 8
0 0.30639 0.359881 0.0191961 0.100468 9
0 0.468297 0.526814 0.0315323 0.112162 10
0 0.397087 0.921421 0.0593725 0.153998 11
0 0.231454 0.594571 0.0290509 0.131047 12
0 0.523355 0.440522 0.0255392 0.112444 13
0 0.473732 0.47619 0.027487 0.105187 14
0 0.168498 0.619198 0.0433317 0.0868104 15
0 0.19835 0.446035 0.0230295 0.0746896 16
0 0.167449 0.240218 0.0134916 0.0523488 17
0 0.00904699 0.191179 0.0122943 0.0408817 18
0 0.326392 0.802503 0.0449063 0.101615 19
0 0.50375 0.358052 0.0217901 0.0743836 20
0 0.360413 0.265262 0.0138645 0.0664641 21
0 0.102565 0.177455 0.0129187 0.0473587 22
0 0.65399 0.393212 0.0221518 0.0556619 23
0 0.148117 0.164313 0.0107579 0.0524662 24
0 0.0744358 0.172206 0.0140182 0.0489598 25
0 0.352845 0.360455 0.0244038 0.0802768 26
0 0.551565 0.492248 0.0270203 0.129818 27
0 0.484174 0.365459 0.0184942 0.0669454 28
0 0.285286 0.283201 0.0151681 0.0457498 29
0 0.247121 0.594221 0.062453 0.133727 30
0 0.0602527 0.483927 0.0303155 0.0848202 31
0 0.229345 0.440377 0.0220373 0.0562923 32
0 0.330093 0.349551 0.019458 0.0548867 33
1 0.121867 0.513594 0.0305528 0.064015 34
0 0.0346465 0.494381 0.0283798 0.0726349 35
0 0.126611 0.163758 0.0115467 0.0600498 36
0 0.596295 0.294953 0.0122362 0.0472132 37
0 0.206338 0.448048 0.0251872 0.0714693 38
0 0.156139 0.163915 0.00962088 0.0540155 39
