0 0.310787 0.611387 0.0382897 0.145461 1
0 0.651062 0.577755 0.0298502 0.133493 2
0 0.204087 0.936864 0.0581394 0.125186 3
0 0.526225 0.507708 0.0297655 0.120512 4
0 0.293875 0.818932 0.0619581 0.133332 5
0 0.382295 0.502951 0.0380724 0.121772 6
0 0.434348 0.918584 0.0530728 0.162833 7
0 0.248006 0.600857 0.0334794 0.133815 8
0 0.244475 0.369322 0.0229829 0.0940203 9
0 0.128099 0.479592 0.0249431 0.0908004 10
0 0.0504297 0.277046 0.0177542 0.0538558 11
0 0.423053 0.48844 0.0259859 0.115033 12
0 0.497726 0.492004 0.0278965 0.124978 13
0 0.200968 0.600275 0.0288094 0.112463 14
0 0.595636 0.370392 0.0206816 0.0550761 15
0 0.255123 0.68727 0.045344 0.154586 16
0 0.0271226 0.171046 0.0141422 0.0660186 17
0 0.493458 0.443152 0.0292911 0.120359 18
0 0.00469043 0.187039 0.00938086 0.0518303 19
0 0.444538 0.354177 0.0222054 0.0703996 20
1 0.442511 0.357607 0.0249077 0.0671607 21
0 0.0532084 0.172349 0.0131181 0.058496 22
0 0.135396 0.650833 0.0475211 0.0925059 23
1 0.284467 0.362538 0.0273009 0.080042 24
0 0.230474 0.307063 0.0173604 0.056224 25
0 0.0493742 0.152745 0.012343 0.0473104 26
0 0.0579755 0.546481 0.0457273 0.0707765 27
