0 0.502304 0.632476 0.0280966 0.135554 1
0 0.517802 0.445792 0.0245558 0.114193 2
0 0.339808 0.490464 0.0251334 0.109225 3
0 0.270371 0.523144 0.0259441 0.123065 4
0 0.378665 0.326516 0.0172982 0.0800527 5
0 0.231535 0.491032 0.0255921 0.112678 6
0 0.131064 0.144441 0.0113351 0.0431821 7
0 0.576006 0.364717 0.0216604 0.0728876 8
0 0.304017 0.185761 0.0129205 0.0535826 9
0 0.0230021 0.214691 0.0170216 0.0482763 10
0 0.440243 0.485373 0.0220502 0.0976944 11
0 0.456812 0.541846 0.0353544 0.123762 12
0 0.431102 0.45154 0.0209433 0.104954 13
0 0.0831079 0.0943948 0.00866377 0.0311612 14
0 0.065517 0.166455 0.012985 0.0639151 15
0 0.211083 0.485493 0.0279613 0.119446 16
0 0.171301 0.33006 0.0234901 0.0791712 17
0 0.236466 0.137055 0.011854 0.0520436 18
0 0.141244 0.754959 0.0443384 0.164883 19
0 0.0454001 0.455438 0.0268418 0.0806744 20
0 0.150782 0.321108 0.021433 0.080402 21
0 0.397581 0.133121 0.010716 0.0490253 22
0 0.240139 0.0411926 0.00885366 0.0430266 23
0 0.551695 0.3679 0.020449 0.0633517 24
0 0.402815 0.145244 0.0104406 0.0480081 25
0 0.106738 0.159961 0.0135401 0.0492067 26
0 0.509125 0.24812 0.0132895 0.0547878 27
0 0.415087 0.142218 0.0101705 0.0502338 28
0 0.152107 0.0835027 0.00870265 0.031429 29
0 0.316721 0.144621 0.0110917 0.0407224 30
0 0.440042 0.323554 0.0281842 0.0605487 31
0 0.194907 0.0553747 0.0100267 0.0416274 32
0 0.22898 0.0565289 0.00982132 0.0395156 33
1 0.439586 0.322833 0.0258978 0.0555016 34
1 0.177644 0.56273 0.0384828 0.0740804 35
1 0.171002 0.629267 0.0366058 0.101432 36
