0 0.241527 0.792659 0.033782 0.117858 1
0 0.457456 0.561146 0.0307673 0.117705 2
0 0.214621 0.520076 0.0257119 0.109123 3
0 0.609827 0.489953 0.0244516 0.0918072 4
0 0.511294 0.542889 0.0449083 0.13137 5
0 0.283295 0.554109 0.0295023 0.12458 6
0 0.40493 0.470866 0.0277702 0.103629 7
0 0.0224505 0.496717 0.0263152 0.0827389 8
0 0.240579 0.523565 0.0221071 0.118096 9
0 0.44441 0.467865 0.0239269 0.0835961 10
0 0.54753 0.473126 0.0283483 0.0940906 11
0 0.48251 0.61951 0.0279623 0.130886 12
0 0.320014 0.185547 0.0106975 0.0437568 13
0 0.165685 0.158867 0.0110561 0.0447955 14
0 0.361092 0.337446 0.0151761 0.0722377 15
0 0.221482 0.195296 0.0129896 0.0491985 16
0 0.56129 0.368909 0.0217258 0.0671056 17
0 0.0516628 0.160788 0.0116911 0.0432781 18
0 0.138796 0.345705 0.0198503 0.075889 19
0 0.0302933 0.177027 0.0142756 0.0560405 20
0 0.377578 0.259084 0.0106088 0.0472385 21
0 0.110869 0.305117 0.017281 0.0702375 22
0 0.197796 0.840603 0.0369 0.169979 23
0 0.0776629 0.0969745 0.00974901 0.0312353 24
0 0.331885 0.435746 0.0181397 0.0498543 25
0 0.180018 0.438388 0.0201669 0.0538346 26
0 0.113355 0.216025 0.0151525 0.0369601 27
0 0.53996 0.374626 0.0191649 0.06371 28
0 0.478036 0.245525 0.0131086 0.0501238 29
1 0.418419 0.328647 0.0232213 0.0627334 30
0 0.169811 0.529837 0.0285186 0.0801161 31
0 0.343108 0.152544 0.00915327 0.041216 32
0 0.0873664 0.506873 0.0373171 0.0691814 33
0 0.0896053 0.0655815 0.0110499 0.0352347 34
1 0.184355 0.608368 0.0510208 0.0938232 35
1 0.429023 0.331867 0.020052 0.0583436 36
0 0.11658 0.357773 0.0181836 0.068005 37
1 0.0849923 0.504002 0.0397531 0.069148 38
0 0.304009 0.427043 0.0279747 0.0718031 39
0 0.836789 0.305582 0.0163231 0.0562125 40
0 0.292947 0.402981 0.0214127 0.0703452 41
1 0.290489 0.401843 0.0191947 0.0668071 42
0 0.70396 0.41984 0.0217298 0.0522983 43
