0 0.567392 0.581836 0.0350546 0.124027 1
0 0.215753 0.533412 0.025207 0.111668 2
0 0.359206 0.346309 0.0187196 0.0810095 3
0 0.645479 0.501461 0.0344711 0.125871 4
0 0.533409 0.527441 0.0299261 0.100924 5
0 0.261049 0.814889 0.0303199 0.123287 6
0 0.242117 0.533478 0.0235992 0.116316 7
0 0.286162 0.563363 0.0303411 0.130427 8
0 0.194264 0.201303 0.011465 0.0545492 9
0 0.149603 0.15614 0.0126342 0.054083 10
0 0.128347 0.362666 0.0208651 0.0847972 11
0 0.555795 0.372571 0.0204409 0.067948 12
0 0.0357884 0.165321 0.0115307 0.0451994 13
0 0.53594 0.374336 0.0201485 0.0650718 14
0 0.100828 0.313644 0.0179149 0.0714321 15
0 0.467925 0.551047 0.0245498 0.0958135 16
0 0.214775 0.855289 0.034734 0.179839 17
0 0.364446 0.258886 0.0138855 0.0478732 18
0 0.56786 0.468836 0.0211762 0.089564 19
1 0.415369 0.3349 0.0336108 0.0629483 20
0 0.105589 0.369566 0.0214691 0.0685089 21
1 0.015254 0.510737 0.027796 0.0811023 22
0 0.186511 0.61875 0.0527425 0.0992102 23
0 0.471401 0.609657 0.0310083 0.153469 24
1 0.279785 0.402465 0.0305224 0.0538626 25
0 0.0549157 0.0978296 0.0103484 0.0323531 26
1 0.202947 0.699486 0.0339814 0.0749668 27
0 0.0828032 0.0645554 0.00985265 0.0392205 28
0 0.291452 0.197538 0.012288 0.0427539 29
0 0.065916 0.0696186 0.0128343 0.0371563 30
0 0.24095 0.345045 0.0191124 0.0516382 31
0 0.175195 0.447032 0.0229891 0.0567693 32
0 0.334586 0.149599 0.0126339 0.0520032 33
0 0.221617 0.724612 0.0343494 0.0910298 34
0 0.699045 0.421323 0.0270188 0.0529329 35
1 0.205263 0.714756 0.0562728 0.104472 36
0 0.132943 0.435901 0.0229483 0.088376 37
0 0.450719 0.49513 0.0316185 0.106838 38
0 0.171999 0.542085 0.0296524 0.0725438 39
0 0.0961188 0.222573 0.0167382 0.0334828 40
0 0.0116746 0.181026 0.0146718 0.046702 41
0 0.021191 0.0865813 0.00845264 0.035388 42
