0 0.47473 0.479751 0.0215877 0.101412 1
0 0.48766 0.625216 0.0270609 0.130454 2
0 0.273585 0.532134 0.0265938 0.124265 3
0 0.234044 0.500681 0.0249571 0.113827 4
0 0.341846 0.460748 0.0265615 0.123253 5
0 0.518882 0.450225 0.0222953 0.11572 6
0 0.0374089 0.465758 0.0248363 0.0803595 7
0 0.209681 0.498076 0.0250142 0.108362 8
0 0.163227 0.330947 0.0202053 0.0730397 9
0 0.214052 0.14599 0.0128143 0.0547955 10
0 0.570997 0.366766 0.0217851 0.0717897 11
0 0.37312 0.32995 0.0160961 0.0786087 12
0 0.285321 0.188674 0.0117935 0.0537439 13
0 0.11122 0.147952 0.0109931 0.0466846 14
0 0.148637 0.795258 0.0426826 0.140406 15
0 0.0589506 0.0983591 0.00995828 0.0312092 16
0 0.432539 0.454376 0.0209419 0.101304 17
0 0.0500795 0.184809 0.0177209 0.06173 18
0 0.00513853 0.22107 0.0102771 0.0469917 19
0 0.140783 0.322966 0.0219937 0.0870475 20
0 0.547434 0.370145 0.0186661 0.0639122 21
0 0.096633 0.474191 0.0347875 0.0715049 22
0 0.0872991 0.168825 0.0117505 0.0458669 23
0 0.438176 0.478187 0.0274414 0.141038 24
1 0.284884 0.33968 0.0165946 0.056612 25
0 0.175963 0.521738 0.0382469 0.10428 26
0 0.447182 0.328859 0.0169811 0.0553728 27
1 0.42872 0.323584 0.0195314 0.0602569 28
0 0.392023 0.142581 0.0108124 0.0535524 29
0 0.428664 0.322756 0.0202735 0.0589182 30
0 0.206286 0.0614 0.00910187 0.0388465 31
1 0.179264 0.547969 0.0438813 0.122621 32
0 0.1539 0.0570955 0.0100102 0.0387358 33
0 0.503687 0.244553 0.013698 0.0481673 34
0 0.23769 0.131329 0.0100389 0.0389328 35
0 0.158616 0.204382 0.0166204 0.0373857 36
0 0.34284 0.148233 0.011906 0.0428257 37
1 0.302659 0.39314 0.0327487 0.0742785 38
0 0.170946 0.0559955 0.00967923 0.0400992 39
0 0.216648 0.0393553 0.00796218 0.0411102 40
1 0.491036 0.324229 0.0154463 0.051412 41
0 0.38192 0.137466 0.0101713 0.0493209 42
