0 0.651482 0.572271 0.031903 0.122368 1
0 0.142689 0.640866 0.0520039 0.0891015 2
0 0.424986 0.916995 0.0485283 0.16601 3
0 0.391274 0.500269 0.0319973 0.119054 4
0 0.541057 0.518201 0.033785 0.111466 5
0 0.0710567 0.268704 0.0159172 0.0563658 6
0 0.317382 0.612911 0.0373161 0.138045 7
0 0.207263 0.598708 0.0341491 0.121321 8
0 0.291447 0.812995 0.0505478 0.13378 9
0 0.251796 0.596939 0.0394652 0.134943 10
0 0.516747 0.5084 0.0262604 0.11336 11
0 0.261086 0.35955 0.0234389 0.109405 12
0 0.205046 0.90597 0.046033 0.17898 13
0 0.431644 0.485531 0.0356844 0.11331 14
0 0.491583 0.451156 0.0281723 0.129643 15
0 0.542758 0.288372 0.0151794 0.0627516 16
0 0.301773 0.368711 0.024088 0.0921874 17
0 0.0563657 0.173461 0.0132004 0.0573807 18
0 0.609735 0.373404 0.0214168 0.0556383 19
0 0.144655 0.477013 0.0215671 0.0875627 20
0 0.00503354 0.189008 0.0100671 0.046351 21
2 0.0196835 0.638533 0.039367 0.0935998 22
0 0.322802 0.815486 0.0832357 0.124445 23
0 0.241066 0.301924 0.0154219 0.0488781 24
0 0.44275 0.371875 0.0198408 0.0519599 25
0 0.455332 0.353375 0.017172 0.07091 26
0 0.0294574 0.174752 0.0130339 0.0601497 27
0 0.0235539 0.116346 0.0118169 0.0517225 28
1 0.184008 0.456869 0.0254431 0.0690999 29
0 0.0703496 0.535773 0.0380514 0.0732312 30
2 0.441478 0.919369 0.0651043 0.161263 31
0 0.211831 0.199739 0.0147273 0.066714 32
0 0.447525 0.354315 0.0191051 0.0682359 33
0 0.467653 0.351285 0.0165694 0.073538 34
