0 0.590084 0.604779 0.0275021 0.115801 1
0 0.542574 0.54076 0.0229387 0.106847 2
0 0.270807 0.83733 0.0279672 0.121593 3
0 0.212812 0.544423 0.0274199 0.113092 4
0 0.665647 0.498582 0.0311434 0.109942 5
0 0.225653 0.876707 0.035172 0.164508 6
0 0.240155 0.547327 0.0223563 0.120098 7
0 0.35412 0.351011 0.0159035 0.0800855 8
0 0.574799 0.481555 0.0252034 0.0956107 9
0 0.477426 0.496963 0.0268946 0.10699 10
0 0.117188 0.364534 0.0215083 0.0753381 11
0 0.166348 0.20984 0.0136529 0.0539791 12
0 0.0180977 0.171134 0.0150032 0.0434532 13
0 0.551037 0.374419 0.0189043 0.065678 14
0 0.0869227 0.321182 0.0164339 0.0672228 15
0 0.529441 0.376902 0.0193188 0.0632036 16
0 0.286793 0.574592 0.0276439 0.130549 17
0 0.446268 0.512253 0.0281652 0.118817 18
0 0.12745 0.162245 0.0128911 0.0500308 19
0 0.398253 0.341143 0.0201215 0.0638808 20
0 0.228554 0.352672 0.0200628 0.0600768 21
0 0.268556 0.17982 0.0114395 0.0571534 22
0 0.0374744 0.152729 0.0186467 0.0569253 23
0 0.812861 0.302298 0.0170139 0.0511553 24
0 0.169375 0.459921 0.0223757 0.054312 25
0 0.316508 0.160859 0.00941208 0.040968 26
0 0.162861 0.55517 0.033679 0.0737071 27
0 0.123242 0.447605 0.0241331 0.0921133 28
1 0.209282 0.725593 0.0370451 0.0986574 29
0 0.416802 0.346273 0.0168139 0.0516383 30
0 0.0107217 0.525386 0.0214434 0.0850126 31
0 0.271194 0.189102 0.0120392 0.0573406 32
0 0.0385276 0.074048 0.0116094 0.0362502 33
0 0.456495 0.539848 0.0296955 0.085581 34
0 0.242369 0.15939 0.0103307 0.0362863 35
0 0.190564 0.630062 0.0415634 0.10628 36
1 0.191343 0.632615 0.0451019 0.113039 37
0 0.226241 0.744662 0.0281847 0.0949663 38
0 0.45842 0.610604 0.0308552 0.151594 39
0 0.0291469 0.101077 0.0110807 0.0346867 40
0 0.353471 0.164764 0.00880988 0.0418042 41
0 0.456831 0.242545 0.0133553 0.04571 42
0 0.0905556 0.352044 0.0249472 0.121768 43
0 0.340652 0.152103 0.0094755 0.0472738 44
0 0.231035 0.151762 0.0102897 0.0415056 45
0 0.076984 0.227411 0.0152162 0.0349534 46
0 0.286111 0.162193 0.00866452 0.0406093 47
0 0.347969 0.260442 0.0116618 0.045988 48
0 0.344486 0.143408 0.00938552 0.0406342 49
0 0.227031 0.140615 0.00941515 0.0446046 50
0 0.357225 0.161664 0.0104506 0.0440932 51
0 0.695069 0.423521 0.0268706 0.050972 52
1 0.400244 0.337537 0.0207085 0.0683281 53
0 0.468172 0.523938 0.0337747 0.110806 54
0 0.107756 0.091485 0.00939376 0.0385703 55
0 0.324668 0.449225 0.0202399 0.0488065 56
0 0.056262 0.0655095 0.0106309 0.0365775 57
