0 0.339694 0.622529 0.0305165 0.129121 1
0 0.261049 0.799535 0.0532183 0.125955 2
0 0.579369 0.479255 0.0287144 0.108368 3
0 0.295825 0.369609 0.0170126 0.0857044 4
0 0.513435 0.450357 0.025957 0.102193 5
0 0.247365 0.589315 0.0389329 0.133995 6
0 0.689737 0.625336 0.0322346 0.12436 7
0 0.0305106 0.421724 0.0296973 0.102614 8
0 0.024039 0.702026 0.0479603 0.147766 9
0 0.692656 0.495758 0.0349548 0.110187 10
0 0.366983 0.920573 0.0494333 0.153456 11
0 0.224721 0.59589 0.0459918 0.13586 12
0 0.545211 0.55873 0.0305781 0.125439 13
0 0.458472 0.533553 0.0339926 0.174621 14
0 0.300501 0.80312 0.0436179 0.101283 15
0 0.548307 0.431393 0.0222082 0.0931427 16
0 0.193382 0.445994 0.0254441 0.0785448 17
0 0.364529 0.27028 0.0139629 0.0674661 18
0 0.157483 0.617461 0.0416474 0.0851855 19
0 0.0343235 0.602774 0.0635769 0.0931175 20
0 0.506195 0.364247 0.0165635 0.074641 21
0 0.114081 0.175943 0.0148948 0.0533015 22
0 0.115751 0.512873 0.0468968 0.0675436 23
0 0.133395 0.116332 0.0121278 0.0529225 24
0 0.165807 0.167216 0.0131747 0.05149 25
0 0.138723 0.169437 0.0116244 0.0550949 26
0 0.649722 0.398154 0.0245894 0.0578217 27
0 0.715152 0.286004 0.0174394 0.0683444 28
0 0.0819913 0.176193 0.011693 0.043548 29
0 0.351557 0.361909 0.024933 0.0861178 30
0 0.177392 0.165182 0.0106497 0.0526422 31
0 0.270684 0.481732 0.0296223 0.0630112 32
0 0.458483 0.479918 0.0237612 0.104988 33
0 0.210428 0.69982 0.0700239 0.12103 34
0 0.330437 0.338809 0.0234896 0.0745858 35
0 0.225905 0.445806 0.026912 0.0655408 36
0 0.0610567 0.48096 0.0317088 0.0840253 37
0 0.556236 0.340588 0.0177527 0.0476746 38
0 0.0948156 0.179039 0.0133771 0.043093 39
