0 0.274136 0.532667 0.0271321 0.12409 1
0 0.474278 0.479472 0.0229072 0.0994398 2
0 0.487112 0.623801 0.0269877 0.13027 3
0 0.233768 0.500276 0.0251062 0.114589 4
0 0.037191 0.467101 0.0251088 0.0817848 5
0 0.210192 0.498864 0.0254217 0.112127 6
0 0.340092 0.459281 0.0221166 0.113275 7
0 0.51946 0.448535 0.0224021 0.118725 8
0 0.149599 0.795794 0.0445719 0.141924 9
0 0.283633 0.188793 0.0117778 0.050019 10
0 0.0489169 0.183399 0.0194535 0.0628517 11
0 0.372362 0.330331 0.0158235 0.080529 12
0 0.162653 0.333028 0.0217514 0.0781373 13
0 0.570644 0.366235 0.0221509 0.07223 14
0 0.00499087 0.221953 0.00998174 0.0528412 15
0 0.433969 0.45504 0.0228668 0.101307 16
0 0.10926 0.148159 0.011992 0.0442095 17
0 0.547054 0.370061 0.0180617 0.0629779 18
0 0.212975 0.145395 0.0132428 0.0567897 19
0 0.141155 0.294382 0.0180438 0.0781541 20
0 0.0568118 0.0966077 0.0105967 0.0300772 21
0 0.438417 0.481174 0.0259153 0.108113 22
0 0.4422 0.535206 0.0245142 0.123475 23
0 0.140691 0.319759 0.0223898 0.0917404 24
0 0.503195 0.243137 0.0145909 0.0504755 25
0 0.394551 0.140318 0.0102502 0.0512004 26
0 0.174859 0.523467 0.0379716 0.104821 27
0 0.153351 0.0594644 0.0091631 0.0358655 28
1 0.42874 0.323939 0.020099 0.0612283 29
0 0.341073 0.149593 0.0112819 0.0434299 30
0 0.204819 0.0605299 0.0093359 0.0379908 31
0 0.181368 0.0688003 0.00925803 0.0332564 32
1 0.284227 0.336556 0.0158094 0.0507831 33
0 0.168539 0.0542254 0.010153 0.0424066 34
0 0.213966 0.034125 0.0102286 0.0334494 35
1 0.173263 0.662498 0.0432056 0.108397 36
1 0.178854 0.547345 0.0447043 0.126449 37
0 0.0971734 0.476911 0.0337517 0.0686752 38
0 0.298529 0.140035 0.0101623 0.0414748 39
0 0.383611 0.143274 0.0105271 0.0493487 40
1 0.446703 0.327629 0.0175463 0.0573846 41
0 0.0846109 0.166169 0.013311 0.0458356 42
1 0.302138 0.393986 0.0325274 0.0768416 43
0 0.318041 0.148846 0.0109482 0.034898 44
0 0.465779 0.167622 0.00991494 0.0352479 45
