0 0.375203 0.703205 0.0377288 0.159412 1
0 0.489754 0.509691 0.0271664 0.114423 2
0 0.27692 0.692487 0.039363 0.147231 3
0 0.0944981 0.561604 0.0307645 0.0936401 4
0 0.251519 0.836322 0.0513225 0.149912 5
0 0.0223906 0.427029 0.0215242 0.0761614 6
0 0.200678 0.425123 0.0243217 0.100746 7
0 0.522861 0.535775 0.0284887 0.107456 8
0 0.431734 0.502401 0.0319528 0.146707 9
0 0.224014 0.714403 0.041821 0.149214 10
0 0.429153 0.922623 0.0600853 0.117645 11
0 0.546122 0.526796 0.0245587 0.110622 12
0 0.37567 0.930839 0.0472355 0.129776 13
0 0.615043 0.431746 0.0226271 0.0900523 14
0 0.0230397 0.655635 0.0453853 0.079119 15
0 0.152281 0.763834 0.0520629 0.103093 16
0 0.287028 0.343818 0.0160143 0.0555488 17
0 0.566146 0.456495 0.0237246 0.0935606 18
0 0.263457 0.281665 0.0163635 0.0626532 19
0 0.204604 0.309231 0.014984 0.0708923 20
0 0.593216 0.525993 0.0335524 0.104487 21
0 0.589182 0.24455 0.0119777 0.042742 22
0 0.560285 0.392613 0.0179213 0.04951 23
0 0.127784 0.533023 0.031363 0.0728531 24
0 0.796815 0.973151 0.0309694 0.0536983 25
0 0.407955 0.391081 0.017956 0.0680172 26
0 0.568832 0.966647 0.0437477 0.0652791 27
0 0.0840458 0.201916 0.00985887 0.0370671 28
0 0.238082 0.400355 0.0212188 0.0559953 29
0 0.231664 0.547476 0.0272408 0.0656143 30
0 0.435855 0.474974 0.0253368 0.0945619 31
0 0.62726 0.963639 0.0358062 0.0727226 32
1 0.232693 0.397831 0.0290972 0.0612899 33
