0 0.274266 0.53291 0.027523 0.123573 1
0 0.474539 0.479876 0.0228229 0.0992481 2
0 0.486601 0.62333 0.0276184 0.134277 3
0 0.340151 0.459283 0.0217935 0.11395 4
0 0.233675 0.499383 0.0248208 0.113154 5
0 0.0365268 0.468351 0.0257079 0.0814895 6
0 0.519372 0.44859 0.022316 0.120742 7
0 0.210896 0.499389 0.0254162 0.111636 8
0 0.0467886 0.183945 0.0174667 0.0626351 9
0 0.280588 0.193799 0.0124229 0.0517261 10
0 0.371896 0.330681 0.0157486 0.0805647 11
0 0.570456 0.365625 0.0213506 0.0724342 12
0 0.151062 0.797031 0.0453102 0.140945 13
0 0.10807 0.149669 0.0113467 0.0420278 14
0 0.210648 0.144295 0.0109917 0.0569023 15
0 0.16076 0.333143 0.0200659 0.0767942 16
0 0.547099 0.370067 0.0189371 0.064269 17
0 0.434455 0.455197 0.0225247 0.0981755 18
0 0.0834012 0.168629 0.0131088 0.0494777 19
0 0.44415 0.542647 0.0260805 0.122104 20
0 0.00463266 0.223905 0.00926531 0.0513409 21
0 0.140678 0.289508 0.0156532 0.0693309 22
0 0.43982 0.473368 0.0222147 0.0969515 23
1 0.283681 0.340699 0.0170367 0.0557793 24
0 0.396485 0.147406 0.0100303 0.0481011 25
0 0.394382 0.139061 0.00945073 0.0531495 26
0 0.341019 0.150591 0.00998931 0.0398866 27
0 0.332205 0.151025 0.0106596 0.0426131 28
0 0.499443 0.24675 0.0125177 0.0489601 29
1 0.428846 0.321675 0.0209945 0.0616513 30
0 0.413914 0.262599 0.0114949 0.052912 31
0 0.382979 0.143277 0.0105202 0.0471827 32
1 0.172521 0.51928 0.0374936 0.0946803 33
1 0.156091 0.205807 0.0152678 0.0357315 34
0 0.185821 0.67669 0.0484073 0.106099 35
0 0.172635 0.52119 0.0318384 0.0986363 36
0 0.151331 0.0621102 0.0099569 0.0323926 37
0 0.298386 0.143831 0.0102722 0.0374469 38
0 0.131938 0.0820053 0.00921316 0.0374373 39
0 0.436008 0.323168 0.0329937 0.0669797 40
0 0.166536 0.0566176 0.00875122 0.0398691 41
0 0.421167 0.156082 0.00971413 0.0383612 42
0 0.0981516 0.478687 0.0330572 0.0664278 43
1 0.302339 0.394814 0.0275835 0.0765617 44
1 0.177084 0.662984 0.0430301 0.10019 45
1 0.190043 0.417905 0.0248357 0.0534434 46
