0 0.586712 0.478988 0.0278341 0.100335 1
0 0.452373 0.558311 0.0240408 0.119484 2
0 0.282459 0.550529 0.0287352 0.127297 3
0 0.229359 0.782307 0.0303186 0.128544 4
0 0.0246035 0.491817 0.0265396 0.0831076 5
0 0.438689 0.471838 0.024164 0.0958633 6
0 0.21465 0.517598 0.025779 0.109819 7
0 0.539509 0.472155 0.0257573 0.0960302 8
0 0.232499 0.194776 0.0143384 0.0511166 9
0 0.364111 0.337146 0.0167247 0.0768985 10
0 0.481692 0.616657 0.0269709 0.140216 11
0 0.0397688 0.176619 0.0132231 0.0548977 12
0 0.56356 0.369091 0.0212026 0.0684392 13
0 0.142646 0.344139 0.0214017 0.0786829 14
0 0.240088 0.512366 0.0218037 0.104464 15
0 0.174098 0.154422 0.0113935 0.0525223 16
0 0.386069 0.443516 0.0211716 0.0681901 17
0 0.478455 0.522722 0.0262686 0.10578 18
0 0.117652 0.30427 0.0186965 0.072255 19
0 0.192242 0.829794 0.0359727 0.163154 20
0 0.0632534 0.155367 0.011703 0.041072 21
0 0.383895 0.256475 0.0118315 0.0463105 22
0 0.541134 0.372789 0.0185303 0.0615655 23
1 0.417129 0.328359 0.0201507 0.0591827 24
0 0.118978 0.357137 0.0200252 0.0616003 25
0 0.30669 0.153542 0.0107033 0.0413428 26
0 0.170602 0.526014 0.0306071 0.0759438 27
0 0.128796 0.0706854 0.00919943 0.0340534 28
0 0.483446 0.503898 0.0288818 0.0867038 29
0 0.00492126 0.201249 0.00984251 0.049351 30
0 0.0982857 0.0624471 0.0100166 0.0340232 31
0 0.0879758 0.50399 0.0421277 0.0645503 32
0 0.321771 0.0948085 0.0102464 0.0386102 33
0 0.179561 0.592783 0.0585679 0.104052 34
1 0.431719 0.332207 0.0175189 0.0564102 35
0 0.11675 0.0630786 0.00988126 0.0377008 36
0 0.332021 0.433402 0.0177596 0.0475911 37
0 0.119044 0.215449 0.0148236 0.0345966 38
0 0.338945 0.139963 0.00998154 0.0487496 39
0 0.370727 0.141581 0.0106432 0.0472451 40
0 0.101206 0.0662574 0.0106585 0.0315391 41
0 0.480421 0.250603 0.0121645 0.0504002 42
0 0.144125 0.0365316 0.00903168 0.0347746 43
0 0.333761 0.183131 0.00960225 0.0411224 44
0 0.335825 0.130621 0.0102995 0.0405111 45
0 0.469948 0.542912 0.0409095 0.150499 46
1 0.0867786 0.496687 0.0414455 0.0701692 47
0 0.706043 0.420015 0.0225044 0.0512137 48
0 0.35099 0.143905 0.0107906 0.0470583 49
0 0.310912 0.433948 0.0172472 0.05118 50
