0 0.0705096 0.559884 0.0294378 0.0966763 1
0 0.0231157 0.441901 0.0230331 0.0763553 2
0 0.50808 0.550362 0.0253109 0.11568 3
0 0.481046 0.516418 0.0302515 0.118021 4
0 0.357167 0.699479 0.034571 0.146958 5
0 0.203746 0.704988 0.0388435 0.151593 6
0 0.533813 0.50767 0.0229346 0.113288 7
0 0.401837 0.917335 0.0655754 0.125385 8
0 0.227976 0.831876 0.0521605 0.155185 9
0 0.573267 0.517358 0.0344558 0.104268 10
0 0.559781 0.43279 0.0231259 0.0960228 11
0 0.417832 0.526198 0.0394584 0.174159 12
0 0.248983 0.706302 0.056039 0.184266 13
0 0.638467 0.932204 0.0370674 0.130677 14
0 0.346553 0.91987 0.0489972 0.129522 15
0 0.0169725 0.643712 0.0339449 0.0898291 16
0 0.536356 0.961033 0.0444855 0.0772464 17
0 0.186603 0.423678 0.0277571 0.103579 18
0 0.397786 0.384639 0.0189364 0.070471 19
0 0.583013 0.243381 0.0118332 0.0422708 20
0 0.590766 0.96592 0.0321387 0.06816 21
0 0.488356 0.458294 0.0222242 0.0782956 22
0 0.121295 0.761787 0.0387221 0.106873 23
0 0.460732 0.300104 0.0118957 0.0505212 24
0 0.382526 0.388345 0.018904 0.0675753 25
1 0.220822 0.396078 0.0298681 0.0660644 26
0 0.427862 0.345697 0.0244545 0.052665 27
1 0.112526 0.531634 0.0286925 0.0709354 28
0 0.0772704 0.200051 0.00965143 0.0368743 29
