0 0.545156 0.549606 0.0263702 0.121372 1
0 0.280056 0.699144 0.0424291 0.144615 2
0 0.380572 0.932543 0.0479597 0.125808 3
0 0.621515 0.560991 0.0328316 0.0933268 4
0 0.637581 0.436632 0.0226395 0.0918328 5
0 0.255135 0.840424 0.0522465 0.135628 6
0 0.434379 0.933917 0.0637635 0.128414 7
0 0.493273 0.514 0.028599 0.130031 8
0 0.441422 0.498436 0.0277861 0.116597 9
0 0.0973155 0.564295 0.0276772 0.0946829 10
0 0.202714 0.427994 0.0230021 0.104421 11
0 0.377976 0.71179 0.0445632 0.164437 12
0 0.154367 0.773984 0.0549741 0.115407 13
0 0.232425 0.707148 0.0348484 0.13346 14
0 0.588819 0.454441 0.0267647 0.104353 15
0 0.0263803 0.422477 0.0171702 0.0748628 16
0 0.0263439 0.657055 0.0509745 0.0791582 17
0 0.503106 0.530652 0.0361408 0.111374 18
0 0.561947 0.396857 0.0187725 0.0476319 19
0 0.284149 0.348431 0.0147386 0.0530126 20
0 0.207334 0.310724 0.0189676 0.0722689 21
0 0.590345 0.244924 0.0112606 0.0388442 22
0 0.131024 0.536489 0.0298281 0.068092 23
0 0.447466 0.480345 0.0287298 0.0977205 24
0 0.39297 0.397531 0.0182643 0.0670078 25
0 0.0716659 0.210076 0.0114527 0.0439348 26
0 0.0832126 0.205403 0.00965283 0.0395616 27
0 0.0407777 0.239436 0.0122994 0.0471941 28
0 0.216283 0.565189 0.0433465 0.0731925 29
0 0.414864 0.391868 0.0200569 0.0709552 30
