0 0.517865 0.446322 0.024773 0.115452 1
0 0.269534 0.522598 0.0262051 0.122151 2
0 0.504787 0.634767 0.032181 0.137993 3
0 0.338844 0.489026 0.0254629 0.110713 4
0 0.379617 0.326059 0.0163384 0.0794111 5
0 0.575973 0.364175 0.0222316 0.0729923 6
0 0.2311 0.490255 0.0257946 0.11263 7
0 0.132478 0.144863 0.0109534 0.0458041 8
0 0.0252334 0.215942 0.0178848 0.0513268 9
0 0.3057 0.187523 0.0125927 0.0485169 10
0 0.43199 0.451351 0.0229041 0.109438 11
0 0.439748 0.484921 0.0235393 0.0988803 12
0 0.172405 0.325701 0.0233983 0.0770836 13
0 0.0667597 0.174611 0.0138109 0.0701545 14
0 0.0845589 0.095195 0.00947808 0.0320084 15
0 0.397606 0.136932 0.00983788 0.0492178 16
0 0.210144 0.47839 0.0275119 0.131913 17
0 0.238038 0.139446 0.0126423 0.0493206 18
0 0.414597 0.14344 0.010547 0.0513069 19
0 0.404752 0.142358 0.00977362 0.0482075 20
0 0.045822 0.454326 0.0265685 0.0799729 21
0 0.19583 0.0553775 0.00967668 0.0403187 22
0 0.466621 0.483962 0.0298871 0.103139 23
0 0.151977 0.319606 0.02234 0.0853894 24
0 0.551606 0.3667 0.0204614 0.0636522 25
0 0.441314 0.322902 0.0308188 0.062662 26
0 0.230776 0.0578477 0.0102601 0.0431035 27
1 0.166346 0.628919 0.032238 0.0966532 28
0 0.459897 0.538731 0.033832 0.130083 29
0 0.127778 0.77603 0.0464435 0.135725 30
0 0.3185 0.143973 0.0111297 0.0415195 31
0 0.304892 0.097895 0.00998554 0.0354436 32
0 0.152728 0.0844517 0.00878992 0.0314424 33
1 0.440193 0.322227 0.0284282 0.0580052 34
0 0.312363 0.39629 0.0304543 0.0915942 35
0 0.358674 0.149067 0.0136226 0.0411824 36
1 0.0463732 0.454033 0.0282671 0.0808397 37
0 0.487506 0.322238 0.0181485 0.0536908 38
0 0.156583 0.294921 0.0185729 0.0756791 39
0 0.108665 0.162479 0.0145788 0.0543405 40
0 0.101479 0.458701 0.0356406 0.0738774 41
0 0.242465 0.0435964 0.00892128 0.0477983 42
