0 0.507454 0.642444 0.0334543 0.136622 1
0 0.518347 0.445532 0.0240759 0.112499 2
0 0.26841 0.52041 0.0252206 0.123702 3
0 0.38153 0.325296 0.0161068 0.0782516 4
0 0.339455 0.495618 0.0251999 0.116219 5
0 0.232031 0.490187 0.0249352 0.116112 6
0 0.244061 0.139868 0.011345 0.0480053 7
0 0.210085 0.484077 0.0262779 0.117392 8
0 0.139221 0.143593 0.0117904 0.040691 9
0 0.0718393 0.166173 0.0145939 0.0614788 10
0 0.576323 0.36351 0.0216719 0.0696997 11
0 0.0469135 0.450204 0.0268235 0.0809478 12
0 0.437967 0.471922 0.0314524 0.130157 13
0 0.0301201 0.2185 0.0179947 0.0520883 14
0 0.440872 0.319139 0.0293343 0.0663611 15
0 0.115058 0.156958 0.0115431 0.0466859 16
0 0.311828 0.18468 0.0115728 0.0476036 17
0 0.154154 0.31673 0.0206338 0.0814088 18
0 0.40662 0.141051 0.0103798 0.0474932 19
0 0.381765 0.140276 0.00930922 0.0395809 20
0 0.175215 0.32258 0.0241125 0.0759313 21
0 0.157735 0.0790367 0.00839099 0.0370846 22
0 0.421465 0.141421 0.00994178 0.0486755 23
0 0.174877 0.500242 0.0268156 0.0919308 24
0 0.46436 0.522579 0.0319427 0.168354 25
0 0.312605 0.393515 0.0302967 0.0933211 26
0 0.323388 0.139948 0.00999128 0.0419594 27
0 0.0919514 0.0928622 0.00890639 0.0291612 28
0 0.552617 0.365641 0.0205526 0.0631978 29
0 0.428825 0.267002 0.0146241 0.0667048 30
1 0.16586 0.62886 0.0314475 0.0938471 31
0 0.465864 0.485735 0.0239351 0.103885 32
0 0.10362 0.457121 0.0348935 0.0742022 33
0 0.340547 0.414413 0.0197105 0.0493978 34
0 0.366243 0.145375 0.0114431 0.0419522 35
0 0.510902 0.246871 0.0134766 0.0557151 36
1 0.303808 0.376821 0.0345309 0.0616394 37
0 0.203988 0.055604 0.00883913 0.0387954 38
0 0.13822 0.747027 0.0424986 0.16016 39
0 0.449736 0.321791 0.0173567 0.0552788 40
0 0.445331 0.153146 0.0112459 0.0443014 41
0 0.166592 0.285873 0.0203289 0.0657039 42
0 0.0713122 0.188936 0.015892 0.0886904 43
0 0.380747 0.0913416 0.00875323 0.0371369 44
