0 0.528084 0.653796 0.0283619 0.142629 1
0 0.263533 0.506258 0.026228 0.124527 2
0 0.53042 0.437827 0.0303854 0.114069 3
0 0.473803 0.555826 0.0268332 0.113351 4
0 0.388711 0.317606 0.0162136 0.0781549 5
0 0.436198 0.479549 0.0323864 0.117368 6
0 0.209338 0.471482 0.0241897 0.106747 7
0 0.579713 0.35982 0.0197157 0.0727519 8
0 0.0429044 0.219075 0.0150635 0.054488 9
0 0.229557 0.474137 0.0212829 0.108966 10
0 0.0581831 0.206984 0.0148865 0.0457463 11
0 0.340639 0.514265 0.0247723 0.115583 12
0 0.0982383 0.159901 0.0133568 0.0462106 13
0 0.431641 0.448287 0.0298519 0.0842024 14
0 0.333174 0.178607 0.0119653 0.0431818 15
0 0.160818 0.137162 0.0100493 0.0420882 16
0 0.0854294 0.169515 0.0125699 0.0490571 17
0 0.105769 0.741198 0.0468174 0.134955 18
0 0.0065078 0.331075 0.0129953 0.0683133 19
0 0.184182 0.309636 0.0232177 0.0803619 20
0 0.440821 0.317233 0.0199782 0.0623059 21
0 0.163561 0.303177 0.0161245 0.0716373 22
0 0.316192 0.385285 0.0254585 0.0907533 23
0 0.176149 0.0775189 0.0102581 0.0319874 24
0 0.428147 0.14342 0.0109888 0.0447719 25
0 0.271908 0.138366 0.00912778 0.0431564 26
0 0.0544099 0.43271 0.0250812 0.0796386 27
0 0.139366 0.154529 0.0116681 0.0462661 28
0 0.0889667 0.152766 0.0101951 0.0499566 29
0 0.452008 0.473163 0.0320038 0.115356 30
0 0.42349 0.137533 0.0100449 0.0447684 31
1 0.166098 0.609883 0.038996 0.0931371 32
0 0.173811 0.482979 0.0280692 0.0807984 33
0 0.342436 0.405803 0.0173644 0.047736 34
0 0.523852 0.250334 0.0121656 0.0636182 35
0 0.178855 0.276884 0.0171355 0.0582128 36
0 0.215528 0.0535866 0.00910132 0.0366488 37
0 0.107959 0.436412 0.0328112 0.0706069 38
0 0.557399 0.363524 0.0225874 0.0640145 39
1 0.171785 0.483899 0.0342571 0.0838359 40
0 0.0220992 0.130157 0.0109841 0.0456873 41
0 0.345592 0.130995 0.00973104 0.0368503 42
0 0.123625 0.0893857 0.0100358 0.0312995 43
0 0.121285 0.72289 0.0424338 0.158657 44
0 0.385471 0.143922 0.0128829 0.0426563 45
0 0.293608 0.331815 0.0190912 0.0695709 46
1 0.108134 0.436622 0.0309295 0.0695623 47
1 0.202965 0.190249 0.0130783 0.0340985 48
0 0.276988 0.0321442 0.0091607 0.0335061 49
0 0.241817 0.0601052 0.00822735 0.0286142 50
0 0.266176 0.0602232 0.0084117 0.0317564 51
0 0.232378 0.049333 0.00887337 0.0366006 52
