0 0.720914 0.672175 0.0339245 0.130174 1
0 0.480884 0.625217 0.0311287 0.130542 2
0 0.322193 0.363736 0.0169652 0.0854196 3
0 0.304119 0.610992 0.0283904 0.125607 4
0 0.526131 0.464003 0.0299397 0.108857 5
0 0.578173 0.567945 0.0243376 0.108803 6
0 0.640658 0.504419 0.0225004 0.0920727 7
0 0.0682263 0.401771 0.0233291 0.0954346 8
0 0.158549 0.594946 0.0390874 0.0790856 9
0 0.0150956 0.250261 0.0217771 0.0587109 10
0 0.196486 0.406322 0.0209378 0.0736931 11
0 0.470424 0.528388 0.0271647 0.109688 12
0 0.0915247 0.186551 0.0129254 0.0371444 13
0 0.0368542 0.173833 0.0150157 0.0525302 14
1 0.231804 0.773921 0.0435224 0.103707 15
0 0.246592 0.568098 0.0237381 0.108719 16
0 0.21359 0.578524 0.0239922 0.117534 17
0 0.354666 0.966253 0.0346999 0.0637252 18
0 0.023676 0.351138 0.0245243 0.0779017 19
0 0.0362191 0.411999 0.0270583 0.0697243 20
0 0.744498 0.517057 0.0315924 0.0963146 21
0 0.268554 0.788648 0.0319855 0.0915025 22
0 0.184661 0.185176 0.0145353 0.0620412 23
0 0.404098 0.269349 0.0157596 0.0669649 24
0 0.50527 0.375972 0.0202688 0.0687348 25
0 0.526364 0.374964 0.0205522 0.0722528 26
0 0.760398 0.282208 0.0134743 0.0426366 27
0 0.203584 0.111414 0.0116388 0.0524529 28
0 0.510798 0.450457 0.0176104 0.0991864 29
0 0.12888 0.150631 0.0138473 0.0463083 30
0 0.13953 0.493358 0.0246408 0.0561255 31
0 0.364931 0.339197 0.0218293 0.0726249 32
0 0.244826 0.165811 0.0127206 0.0463007 33
0 0.379964 0.347472 0.0247595 0.069414 34
0 0.311126 0.913679 0.0363672 0.171138 35
0 0.23131 0.15482 0.0115902 0.0571423 36
0 0.307896 0.466682 0.0205584 0.0524373 37
0 0.161025 0.171593 0.0126936 0.0356894 38
2 0.0524476 0.585986 0.0523965 0.0682806 39
0 0.372511 0.351507 0.0248153 0.0704223 40
0 0.227494 0.151622 0.0093709 0.0549469 41
0 0.454337 0.310574 0.0158945 0.0621867 42
0 0.675336 0.41161 0.0244854 0.0517511 43
0 0.520654 0.384733 0.0187024 0.0663544 44
