0 0.516312 0.645109 0.0317744 0.136186 1
0 0.266059 0.514712 0.0272333 0.124258 2
0 0.524042 0.441541 0.0260835 0.114613 3
0 0.337184 0.503884 0.025 0.112767 4
0 0.230145 0.485815 0.0241261 0.115671 5
0 0.384494 0.324235 0.0156252 0.0807887 6
0 0.178421 0.322001 0.0235322 0.0850323 7
0 0.577596 0.361889 0.0223714 0.0724516 8
0 0.083063 0.160819 0.0164735 0.0550213 9
0 0.155755 0.312706 0.0186187 0.0732833 10
0 0.254482 0.139679 0.0105387 0.0436252 11
0 0.429481 0.448171 0.0220509 0.0961658 12
0 0.0415028 0.20677 0.0156914 0.0433846 13
0 0.121678 0.753844 0.0577001 0.143602 14
0 0.0185771 0.233504 0.0165303 0.0589822 15
0 0.0503223 0.442707 0.0256164 0.0779385 16
0 0.443649 0.478918 0.0238368 0.110597 17
0 0.146499 0.141997 0.012102 0.0432151 18
0 0.209214 0.475763 0.0234268 0.116301 19
0 0.321663 0.184927 0.0100065 0.0472626 20
0 0.171587 0.548652 0.0463741 0.084206 21
0 0.465287 0.530229 0.0322798 0.156937 22
0 0.107146 0.452754 0.0332063 0.0690395 23
0 0.164375 0.0805316 0.0090355 0.0359993 24
0 0.174694 0.491637 0.0242441 0.0813441 25
0 0.410671 0.137665 0.00948829 0.0450995 26
0 0.0768295 0.172457 0.00994451 0.0488311 27
0 0.104525 0.0912236 0.00853166 0.0292027 28
0 0.415924 0.144031 0.0100151 0.0414715 29
0 0.125914 0.158558 0.0109823 0.0464673 30
0 0.518153 0.253177 0.014455 0.0625336 31
0 0.173123 0.510076 0.0363821 0.119785 32
0 0.439892 0.317037 0.0233838 0.064219 33
0 0.331936 0.136281 0.0101922 0.0379283 34
0 0.259299 0.0432862 0.00742722 0.0439142 35
0 0.432151 0.138901 0.0104845 0.048797 36
0 0.169275 0.278578 0.0172131 0.0632446 37
0 0.1727 0.630512 0.0468564 0.110338 38
0 0.219938 0.480164 0.040887 0.1209 39
0 0.938353 0.448174 0.0162468 0.0288726 40
0 0.202102 0.404996 0.0218125 0.0600588 41
0 0.190081 0.197062 0.0163997 0.0344482 42
0 0.462686 0.476989 0.0268532 0.0895987 43
1 0.552748 0.363056 0.0199495 0.0600273 44
0 0.553883 0.363989 0.0224104 0.063 45
0 0.248016 0.0387747 0.00898093 0.0404173 46
1 0.167732 0.627632 0.0506555 0.115801 47
1 0.297424 0.34947 0.0252582 0.0737099 48
1 0.103314 0.447577 0.0339357 0.0662847 49
0 0.389009 0.0965458 0.0100224 0.0431835 50
