0 0.646415 0.584356 0.0344895 0.12964 1
0 0.269989 0.692735 0.0383449 0.141628 2
0 0.306527 0.614531 0.0380026 0.150311 3
0 0.192949 0.928652 0.0484279 0.141033 4
0 0.385302 0.507296 0.0284042 0.116118 5
0 0.436588 0.91859 0.050917 0.16282 6
0 0.292704 0.817753 0.0599937 0.129345 7
0 0.120112 0.483205 0.0243749 0.0896619 8
0 0.243975 0.605065 0.0304528 0.132014 9
0 0.419392 0.489147 0.0243191 0.115173 10
0 0.0386977 0.279661 0.0179984 0.0538677 11
0 0.236909 0.371483 0.0236741 0.0997495 12
0 0.51729 0.28537 0.0148661 0.0614667 13
0 0.197188 0.611685 0.0347621 0.128158 14
0 0.504277 0.43072 0.0263069 0.0897481 15
0 0.5159 0.540917 0.0444899 0.138774 16
0 0.317838 0.822222 0.0834687 0.140873 17
0 0.0090808 0.175155 0.017024 0.0624738 18
0 0.050988 0.55289 0.0287549 0.0783896 19
0 0.588704 0.367902 0.0199929 0.048437 20
0 0.438714 0.353834 0.0222622 0.0682297 21
0 0.161132 0.461926 0.027779 0.0642272 22
0 0.127514 0.655677 0.0488792 0.093654 23
1 0.279579 0.354459 0.0225274 0.0608651 24
0 0.0336274 0.152322 0.0129716 0.0523312 25
0 0.524455 0.513942 0.0286226 0.104779 26
0 0.241677 0.48154 0.0329756 0.0702024 27
0 0.0286013 0.56849 0.0260062 0.0697749 28
0 0.0102984 0.621267 0.0205426 0.169355 29
1 0.0287501 0.564614 0.0256215 0.0596575 30
