0 0.257253 0.849688 0.0518167 0.151668 1
0 0.385337 0.715075 0.042466 0.163155 2
0 0.526038 0.558032 0.0229183 0.112317 3
0 0.28235 0.701466 0.0414276 0.145976 4
0 0.0980619 0.565928 0.0278683 0.0971992 5
0 0.201629 0.433221 0.0244446 0.108223 6
0 0.611393 0.588233 0.0308468 0.12101 7
0 0.437849 0.936582 0.0580727 0.12399 8
0 0.657945 0.44225 0.0222329 0.100144 9
0 0.613154 0.461462 0.0256714 0.100309 10
0 0.383744 0.937203 0.0526721 0.125594 11
0 0.504414 0.503011 0.0240551 0.117734 12
0 0.233926 0.716113 0.0351242 0.145906 13
0 0.150847 0.778213 0.0525684 0.117171 14
0 0.462143 0.503847 0.0325451 0.154865 15
0 0.0269033 0.658473 0.0528333 0.0804728 16
0 0.0254252 0.427075 0.0231567 0.0649154 17
0 0.277466 0.350303 0.0145963 0.0631084 18
0 0.456505 0.478868 0.0230192 0.110671 19
0 0.563309 0.39753 0.020266 0.049978 20
0 0.131512 0.539516 0.0322001 0.0671987 21
0 0.214972 0.291879 0.0194055 0.0495057 22
0 0.592247 0.247363 0.0140462 0.0423885 23
0 0.0406711 0.240782 0.0123643 0.0440514 24
0 0.592181 0.272215 0.0153181 0.0701303 25
0 0.413371 0.389609 0.0215813 0.0771549 26
0 0.579398 0.97118 0.046446 0.0576403 27
0 0.394663 0.400065 0.0177186 0.063766 28
0 0.576788 0.284859 0.0102274 0.0407506 29
0 0.292281 0.276221 0.0107461 0.0403809 30
1 0.238629 0.404579 0.0259616 0.0570708 31
