0 0.548674 0.675137 0.0325136 0.154648 1
0 0.328045 0.540698 0.0218632 0.116323 2
0 0.438709 0.503976 0.021693 0.0942342 3
0 0.0928916 0.710434 0.0488321 0.12883 4
0 0.257694 0.492181 0.0269405 0.119416 5
0 0.414848 0.474595 0.0256347 0.0993154 6
0 0.549146 0.446344 0.0254459 0.107639 7
0 0.133336 0.151569 0.0129778 0.0478242 8
0 0.35533 0.172121 0.0113363 0.0464691 9
0 0.496295 0.569302 0.026166 0.126009 10
0 0.113042 0.692292 0.0348194 0.150497 11
0 0.0411196 0.304303 0.0189157 0.0770962 12
0 0.231485 0.458931 0.0254855 0.109291 13
0 0.467888 0.480992 0.0216336 0.0987094 14
0 0.400768 0.313823 0.0158504 0.0771827 15
0 0.0860356 0.201359 0.0127183 0.0532621 16
0 0.588759 0.358049 0.0207882 0.0728568 17
0 0.181263 0.294789 0.0177268 0.067227 18
0 0.541217 0.24754 0.0156199 0.0696534 19
0 0.291058 0.306631 0.0170447 0.0657571 20
0 0.198975 0.264459 0.0156676 0.0631169 21
0 0.1143 0.168769 0.0120104 0.0451056 22
0 0.324776 0.375752 0.0244272 0.0885584 23
0 0.44662 0.308643 0.0189922 0.0587632 24
0 0.56297 0.362217 0.0232835 0.0703104 25
0 0.204638 0.0726318 0.00846504 0.0278518 26
0 0.21307 0.455407 0.0231586 0.101604 27
0 0.0703867 0.414081 0.0258443 0.0728512 28
0 0.0936555 0.202068 0.0148416 0.0543203 29
0 0.376315 0.138148 0.0107475 0.0372384 30
0 0.45409 0.135892 0.0099089 0.0500962 31
0 0.19867 0.130097 0.00994555 0.0374644 32
0 0.311506 0.130967 0.0106973 0.0465935 33
0 0.255061 0.0508923 0.00852662 0.0362417 34
0 0.270988 0.0478557 0.008212 0.0393751 35
0 0.18033 0.468732 0.0304671 0.0816461 36
0 0.349117 0.395694 0.0165094 0.0450629 37
0 0.054618 0.0214258 0.0090856 0.0301055 38
0 0.120493 0.428161 0.0328911 0.0681929 39
0 0.173443 0.145785 0.011346 0.0443412 40
0 0.20926 0.369313 0.0262171 0.0846089 41
1 0.179071 0.472597 0.0320736 0.0892755 42
0 0.188892 0.355059 0.0223232 0.0640581 43
0 0.161405 0.596709 0.0444431 0.0983213 44
0 0.408091 0.139843 0.0110666 0.0407003 45
0 0.175959 0.509562 0.0340896 0.0864209 46
