0 0.340966 0.566282 0.0290476 0.125698 1
0 0.0347975 0.324481 0.0194988 0.0720648 2
0 0.485514 0.482135 0.0261917 0.0983979 3
0 0.518061 0.576246 0.0267088 0.119899 4
0 0.0927447 0.688031 0.0511463 0.128129 5
0 0.0456166 0.260191 0.0165353 0.0638608 6
0 0.205948 0.288393 0.0161379 0.072364 7
0 0.26242 0.481463 0.0303225 0.118252 8
0 0.559868 0.449746 0.024325 0.104609 9
0 0.413693 0.473167 0.0221959 0.10303 10
0 0.167659 0.145666 0.0144566 0.0496873 11
0 0.417603 0.307837 0.0150204 0.0779554 12
0 0.11337 0.669163 0.0293753 0.141807 13
0 0.441046 0.493572 0.0212233 0.102504 14
0 0.225241 0.441341 0.0257428 0.106944 15
0 0.0882351 0.280774 0.0182354 0.0710982 16
0 0.386485 0.172056 0.0121362 0.0503512 17
0 0.541643 0.672943 0.026076 0.153108 18
0 0.603092 0.360617 0.0205811 0.0736268 19
0 0.34067 0.122007 0.0101613 0.0512351 20
0 0.222546 0.252389 0.0143152 0.060913 21
0 0.591846 0.434268 0.0186582 0.0803969 22
0 0.224216 0.301339 0.0209041 0.0637548 23
0 0.0113538 0.151791 0.0163503 0.0540722 24
0 0.406374 0.133721 0.0108708 0.045293 25
0 0.149899 0.162565 0.0130583 0.0444003 26
0 0.193965 0.451575 0.0271258 0.0767312 27
0 0.308755 0.0461104 0.00899038 0.0387001 28
0 0.5795 0.359451 0.0180655 0.0670519 29
0 0.126646 0.194679 0.0142254 0.0481003 30
0 0.306804 0.29224 0.0145166 0.0580323 31
0 0.0922271 0.400606 0.0274424 0.0733789 32
0 0.56315 0.247872 0.0136652 0.0651671 33
0 0.294099 0.048673 0.00928484 0.0351341 34
0 0.339467 0.373506 0.0252199 0.0813597 35
0 0.222826 0.272259 0.0185249 0.0994144 36
0 0.139076 0.410013 0.029194 0.0641325 37
0 0.480615 0.131806 0.0105501 0.0523063 38
0 0.357454 0.0282926 0.00890398 0.0279138 39
1 0.16455 0.575786 0.037828 0.102437 40
0 0.208457 0.142877 0.011214 0.0391465 41
0 0.10228 0.0200406 0.00861347 0.0285183 42
0 0.0048431 0.332001 0.00968621 0.0603308 43
0 0.364845 0.388306 0.0164732 0.047984 44
0 0.235698 0.125649 0.00959464 0.045354 45
0 0.228239 0.368034 0.0260671 0.0821371 46
0 0.317334 0.049888 0.00899294 0.0372545 47
1 0.339237 0.370364 0.0266828 0.0857973 48
0 0.344476 0.0646201 0.00882991 0.0339389 49
0 0.0348672 0.278573 0.0156199 0.0517337 50
