0 0.368921 0.700858 0.0433631 0.158275 1
0 0.271523 0.686662 0.0372524 0.146464 2
0 0.493088 0.518739 0.0307579 0.119275 3
0 0.087215 0.55866 0.0264321 0.0965497 4
0 0.243325 0.832777 0.0517164 0.151716 5
0 0.430804 0.510589 0.035103 0.152531 6
0 0.0209151 0.650039 0.0418303 0.0777982 7
0 0.417893 0.919819 0.0722345 0.135661 8
0 0.0221392 0.429758 0.0202268 0.0737377 9
0 0.196992 0.425451 0.0294445 0.100162 10
0 0.364281 0.921369 0.0512165 0.123978 11
0 0.144199 0.762341 0.0541265 0.104436 12
0 0.538806 0.509494 0.0279421 0.106354 13
0 0.589608 0.428777 0.0265496 0.0939909 14
0 0.204249 0.306641 0.0152085 0.0715732 15
0 0.217883 0.705012 0.0387924 0.148201 16
0 0.568765 0.50199 0.0389362 0.11943 17
0 0.730594 0.950169 0.0413445 0.0966563 18
0 0.516079 0.548208 0.0274664 0.122662 19
0 0.284606 0.341398 0.0143512 0.0522999 20
0 0.406658 0.384517 0.0198273 0.0702584 21
0 0.265319 0.286405 0.0131236 0.0602579 22
0 0.557494 0.963518 0.0428112 0.0729648 23
0 0.121936 0.532543 0.0318092 0.0744509 24
0 0.557665 0.390003 0.0180901 0.0510469 25
0 0.53735 0.46088 0.0228726 0.0984198 26
0 0.385795 0.394796 0.016568 0.0625844 27
1 0.23314 0.397789 0.0244779 0.060259 28
0 0.586234 0.241746 0.0112584 0.0355588 29
0 0.227045 0.542826 0.0283166 0.0717589 30
0 0.397158 0.385969 0.0161128 0.0687617 31
0 0.46801 0.295527 0.00995899 0.0410909 32
