0 0.682779 0.605838 0.0347982 0.126569 1
0 0.336562 0.614395 0.0401425 0.140602 2
0 0.543187 0.538762 0.0284109 0.109615 3
0 0.0258361 0.416395 0.0272989 0.0946764 4
0 0.25589 0.58928 0.0348072 0.129999 5
0 0.464744 0.509678 0.0334471 0.166274 6
0 0.300657 0.366539 0.0178714 0.0887067 7
0 0.672942 0.495162 0.0264885 0.113762 8
0 0.563109 0.48383 0.0289133 0.107203 9
0 0.517765 0.44759 0.0234711 0.0971064 10
0 0.195738 0.445809 0.0232433 0.079114 11
0 0.386645 0.922298 0.055756 0.15412 12
0 0.224374 0.588461 0.028853 0.119767 13
0 0.0674253 0.696586 0.0550434 0.16328 14
0 0.276619 0.80257 0.0511891 0.124965 15
0 0.0777676 0.170481 0.0163602 0.0512338 16
0 0.15316 0.164913 0.0129793 0.0530379 17
0 0.533934 0.423669 0.0158038 0.0860997 18
0 0.323583 0.339884 0.0249133 0.0726878 19
0 0.351207 0.364514 0.0237224 0.0860413 20
0 0.103261 0.175556 0.0132921 0.0509036 21
0 0.484152 0.365538 0.0181747 0.0739944 22
0 0.467741 0.480354 0.0253063 0.109763 23
0 0.502072 0.363466 0.0212392 0.0729736 24
0 0.128236 0.1678 0.0127994 0.0560683 25
1 0.162786 0.61831 0.0363038 0.086224 26
0 0.360602 0.267218 0.0132392 0.0689472 27
1 0.0597382 0.485209 0.0292371 0.0860722 28
1 0.117715 0.513111 0.03637 0.0649894 29
0 0.651267 0.392446 0.0200455 0.0514333 30
0 0.594669 0.29326 0.0122918 0.0439116 31
0 0.173696 0.234104 0.0135109 0.0550213 32
0 0.0309971 0.182255 0.0126065 0.0459313 33
0 0.316821 0.805459 0.0465713 0.103716 34
0 0.00553562 0.12645 0.0110712 0.0464008 35
0 0.538056 0.440042 0.0254007 0.112223 36
0 0.527363 0.441933 0.0337786 0.106661 37
0 0.226896 0.442701 0.0224236 0.0612266 38
1 0.227333 0.442452 0.0214393 0.0603833 39
