0 0.524397 0.540799 0.0256493 0.107636 1
0 0.322039 0.679366 0.0351832 0.158541 2
0 0.192325 0.806226 0.0520966 0.148946 3
0 0.390551 0.494781 0.0281603 0.117382 4
0 0.451777 0.83984 0.0438549 0.171439 5
0 0.30793 0.893771 0.0593901 0.145397 6
0 0.50474 0.445706 0.0239394 0.0979015 7
0 0.562008 0.518744 0.0292234 0.103823 8
0 0.0615706 0.543853 0.0271299 0.0972606 9
0 0.221222 0.670812 0.0487962 0.147665 10
0 0.418996 0.509084 0.0225028 0.111905 11
0 0.0453503 0.461639 0.0266862 0.0875244 12
0 0.104266 0.737818 0.0543652 0.103457 13
0 0.176864 0.413105 0.0320744 0.100752 14
0 0.351488 0.900406 0.0764926 0.139453 15
0 0.175041 0.680255 0.0397365 0.139925 16
0 0.455988 0.299635 0.0131617 0.067638 17
0 0.47514 0.948875 0.0499994 0.102249 18
0 0.465048 0.45018 0.0259596 0.0964346 19
0 0.098012 0.51606 0.0371464 0.0735114 20
0 0.0416357 0.234022 0.0113603 0.0445999 21
0 0.282923 0.283169 0.0133293 0.0613345 22
0 0.45806 0.525419 0.0366354 0.131238 23
0 0.192047 0.300046 0.0143221 0.0686496 24
0 0.226365 0.448626 0.0222898 0.0758132 25
0 0.540031 0.380516 0.0209747 0.0475155 26
0 0.571991 0.236971 0.00964137 0.0303396 27
0 0.463337 0.490198 0.0284348 0.174136 28
0 0.372223 0.379636 0.0252352 0.0743906 29
0 0.207068 0.364939 0.0222903 0.0926571 30
