0 0.265609 0.51135 0.0259604 0.123717 1
0 0.525323 0.44086 0.0265547 0.116544 2
0 0.515923 0.644131 0.0413488 0.141587 3
0 0.112712 0.751543 0.0487138 0.13151 4
0 0.337881 0.511084 0.0251133 0.115248 5
0 0.23004 0.482392 0.022844 0.115428 6
0 0.180707 0.317636 0.0248635 0.0898248 7
0 0.209694 0.475417 0.0243629 0.11003 8
0 0.385573 0.322735 0.0159176 0.0784357 9
0 0.46698 0.549585 0.0323825 0.123242 10
0 0.107488 0.449879 0.0335758 0.0726839 11
0 0.428531 0.448213 0.0223941 0.0946738 12
0 0.157778 0.311459 0.0184441 0.0721923 13
0 0.260397 0.136068 0.0110299 0.0506506 14
0 0.129879 0.154992 0.0115472 0.0471985 15
0 0.0888009 0.163219 0.0135755 0.0471589 16
0 0.442561 0.480278 0.0254265 0.113266 17
0 0.0519487 0.439677 0.02518 0.0792782 18
0 0.17338 0.547185 0.0421634 0.0825397 19
0 0.417576 0.142726 0.0106199 0.0434413 20
0 0.176013 0.488224 0.0239812 0.0832302 21
0 0.0259407 0.227428 0.0137088 0.0554484 22
0 0.325846 0.184845 0.0114107 0.0444543 23
0 0.0833395 0.16267 0.0126698 0.0557449 24
0 0.0799066 0.169095 0.0131932 0.0581714 25
0 0.577418 0.36177 0.0237199 0.0713426 26
0 0.434679 0.463787 0.0328327 0.127688 27
0 0.151553 0.141943 0.0115662 0.0404018 28
0 0.168873 0.0823219 0.00887535 0.0375597 29
0 0.0483652 0.205334 0.013789 0.0378089 30
0 0.440622 0.31767 0.0219145 0.0617174 31
0 0.17238 0.286125 0.0168939 0.074132 32
0 0.33598 0.139954 0.00984869 0.0400258 33
1 0.554068 0.363076 0.0209049 0.0623553 34
0 0.170537 0.626758 0.0462001 0.115962 35
1 0.165606 0.621984 0.0478695 0.118215 36
0 0.460393 0.478579 0.0273576 0.0954033 37
0 0.266551 0.0400257 0.00871722 0.0436332 38
0 0.521234 0.250729 0.0124989 0.0632436 39
0 0.111168 0.0886702 0.0101603 0.0274667 40
1 0.296568 0.339298 0.0217373 0.0675554 41
0 0.378047 0.145713 0.0120159 0.0411435 42
0 0.169007 0.381292 0.0242971 0.0804296 43
0 0.220829 0.0507145 0.00915085 0.0395999 44
0 0.256594 0.0552436 0.011362 0.0420782 45
