0 0.184053 0.658722 0.0388667 0.136982 1
0 0.548859 0.562614 0.0340921 0.15235 2
0 0.383605 0.779676 0.0395851 0.163352 3
0 0.0200015 0.598898 0.0400029 0.0773723 4
0 0.0664818 0.937106 0.047851 0.124541 5
0 0.2283 0.645504 0.0411708 0.136841 6
0 0.0828156 0.523957 0.0256026 0.0885187 7
0 0.382007 0.503377 0.0322126 0.126797 8
0 0.45631 0.938379 0.0508232 0.119522 9
0 0.303623 0.650931 0.0286154 0.146618 10
0 0.459495 0.571788 0.0315638 0.119042 11
0 0.402051 0.509187 0.0267708 0.119782 12
0 0.303627 0.867061 0.0567519 0.142654 13
0 0.422095 0.612086 0.046174 0.139542 14
0 0.500377 0.438969 0.0309822 0.0999868 15
0 0.247806 0.445513 0.0193529 0.051128 16
0 0.202262 0.401216 0.0193854 0.0904818 17
0 0.120601 0.497903 0.0319933 0.0681612 18
0 0.194272 0.776605 0.0504661 0.141736 19
0 0.0815607 0.487276 0.0244844 0.13374 20
0 0.110658 0.70923 0.0556789 0.0962073 21
0 0.354317 0.869238 0.0777844 0.116191 22
0 0.478316 0.295267 0.0140266 0.0628999 23
0 0.22441 0.287822 0.0130979 0.0672125 24
0 0.556513 0.378784 0.0181559 0.0519796 25
0 0.507425 0.941296 0.0334118 0.109756 26
0 0.243066 0.378943 0.0182854 0.057654 27
0 0.309673 0.262184 0.0138621 0.04631 28
0 0.207459 0.333101 0.0183908 0.0609703 29
0 0.115451 0.224931 0.0126368 0.053468 30
0 0.331829 0.872371 0.0894245 0.137919 31
0 0.23018 0.374389 0.0179319 0.0594237 32
0 0.388146 0.369102 0.0190041 0.0720941 33
0 0.41147 0.368536 0.0193125 0.0682436 34
