0 0.347656 0.577117 0.0256951 0.123186 1
0 0.0213357 0.282628 0.0202455 0.0727842 2
0 0.0692788 0.25003 0.0151319 0.0562279 3
0 0.117669 0.26918 0.0207791 0.067385 4
0 0.557735 0.447169 0.0259633 0.102391 5
0 0.0880847 0.667398 0.0407889 0.129814 6
0 0.482726 0.482771 0.0273803 0.106923 7
0 0.439215 0.494192 0.0222413 0.103622 8
0 0.108328 0.653519 0.0311706 0.13935 9
0 0.265806 0.474888 0.0259457 0.114523 10
0 0.525883 0.58536 0.0281661 0.124131 11
0 0.411917 0.470469 0.0235785 0.0999243 12
0 0.0633134 0.305438 0.0180531 0.0717617 13
0 0.584105 0.361308 0.0205203 0.0679931 14
0 0.35541 0.121953 0.0108184 0.0451355 15
0 0.188121 0.141757 0.0120803 0.0455452 16
0 0.425841 0.305877 0.015703 0.0774979 17
0 0.611346 0.436987 0.0210285 0.0980602 18
0 0.531994 0.669741 0.0297064 0.15156 19
0 0.167675 0.15482 0.011665 0.0420226 20
0 0.23657 0.24956 0.0141956 0.0571292 21
0 0.314178 0.279899 0.0173332 0.0652156 22
0 0.220166 0.283225 0.0195383 0.0734093 23
0 0.612878 0.365427 0.0199623 0.0801397 24
0 0.0898695 0.0985162 0.00907054 0.0317532 25
0 0.40054 0.169576 0.0122116 0.0475327 26
0 0.101151 0.391862 0.0256579 0.0701225 27
0 0.201963 0.448899 0.0210913 0.0707138 28
0 0.60627 0.361502 0.0214899 0.0755814 29
0 0.0363255 0.150193 0.0113436 0.0456456 30
0 0.0189301 0.168235 0.0109476 0.0376241 31
0 0.254039 0.120783 0.0101338 0.0487013 32
0 0.145009 0.183854 0.0140748 0.0438952 33
0 0.130378 0.1865 0.0126305 0.046798 34
0 0.227007 0.136906 0.0100909 0.0361498 35
0 0.0356981 0.136067 0.0101448 0.040808 36
0 0.377425 0.0290915 0.00893765 0.0340008 37
0 0.231803 0.0772032 0.0102291 0.0297614 38
0 0.190874 0.491 0.0272918 0.0737723 39
0 0.315938 0.0480187 0.00950727 0.0363319 40
0 0.344605 0.363848 0.0263864 0.0860014 41
0 0.00567212 0.170331 0.0112808 0.0376693 42
0 0.146127 0.408208 0.029355 0.0623076 43
0 0.231154 0.28874 0.0167955 0.0799378 44
0 0.498062 0.13788 0.00965268 0.0409464 45
0 0.239222 0.38097 0.0220165 0.063987 46
0 0.331015 0.0454411 0.00864542 0.0392219 47
0 0.363971 0.0431765 0.00992003 0.0407752 48
0 0.42371 0.13574 0.0106962 0.0404238 49
0 0.441701 0.187005 0.0108841 0.0364887 50
1 0.49625 0.314592 0.021977 0.0473856 51
0 0.574026 0.243653 0.0120237 0.063823 52
0 0.361714 0.0281065 0.0109973 0.0402098 53
