0 0.73575 0.663917 0.0324109 0.132381 1
0 0.325585 0.609617 0.0393934 0.128109 2
0 0.321305 0.367376 0.0167771 0.0829373 3
0 0.643408 0.486743 0.0208843 0.101694 4
0 0.481128 0.607325 0.0298521 0.135514 5
0 0.564303 0.570048 0.0325508 0.11421 6
0 0.0656283 0.407097 0.023937 0.100531 7
0 0.549564 0.451228 0.0242068 0.108904 8
0 0.748795 0.506154 0.0255395 0.104742 9
0 0.468182 0.502996 0.0270609 0.104731 10
0 0.253999 0.584563 0.0378211 0.133298 11
0 0.400731 0.973265 0.0307266 0.0525959 12
0 0.0287752 0.397593 0.0334615 0.111423 13
0 0.166337 0.602242 0.0408734 0.0778096 14
0 0.223885 0.579063 0.0241783 0.114148 15
0 0.201551 0.422053 0.0194333 0.0825961 16
0 0.525669 0.372766 0.0198257 0.0698696 17
0 0.628244 0.300328 0.0121157 0.0408986 18
0 0.141684 0.498657 0.0293775 0.0628465 19
0 0.548523 0.303277 0.0143671 0.053181 20
1 0.25893 0.772575 0.0359468 0.104299 21
0 0.753581 0.278375 0.0149403 0.0392362 22
0 0.504036 0.376352 0.018954 0.064813 23
0 0.00858192 0.358099 0.0167015 0.0834746 24
0 0.312932 0.467565 0.0202132 0.0552575 25
0 0.0670794 0.588813 0.0340358 0.0715103 26
0 0.379446 0.361243 0.0212132 0.0686393 27
0 0.230389 0.16677 0.0116937 0.0462424 28
0 0.166438 0.174791 0.0132535 0.0464393 29
0 0.0923042 0.463254 0.0271404 0.0774139 30
1 0.210329 0.689659 0.0655332 0.107863 31
1 0.236247 0.43558 0.0310065 0.0545926 32
0 0.187213 0.210633 0.0174845 0.0457052 33
0 0.115875 0.151035 0.0127217 0.0489941 34
0 0.671651 0.406655 0.0230128 0.0519747 35
