0 0.0351498 0.279535 0.0221597 0.0770648 1
0 0.478937 0.478939 0.0239532 0.104763 2
0 0.429112 0.303798 0.0150961 0.0774799 3
0 0.353582 0.575591 0.0351593 0.123459 4
0 0.437385 0.495122 0.0227273 0.105381 5
0 0.555194 0.445404 0.0250545 0.103773 6
0 0.196778 0.1381 0.0119157 0.0479246 7
0 0.26541 0.470665 0.0284232 0.117371 8
0 0.129034 0.262602 0.0161397 0.068214 9
0 0.106628 0.647001 0.0309523 0.139518 10
0 0.091942 0.655805 0.0452534 0.130893 11
0 0.410792 0.469091 0.0230519 0.0986508 12
0 0.52801 0.585134 0.030154 0.117892 13
0 0.178024 0.153768 0.0115125 0.044258 14
0 0.618279 0.440276 0.0205081 0.0985834 15
0 0.0779134 0.300551 0.018071 0.0689269 16
0 0.406674 0.171289 0.0116633 0.0485072 17
0 0.00837751 0.436126 0.016755 0.0706785 18
0 0.0472597 0.147473 0.0123885 0.0501372 19
0 0.0772259 0.246255 0.0158586 0.0584356 20
0 0.243212 0.247537 0.0144278 0.0609791 21
0 0.151654 0.182099 0.0135938 0.0470327 22
0 0.588264 0.360971 0.0197331 0.0684991 23
0 0.531585 0.64464 0.032943 0.185316 24
0 0.616592 0.361033 0.0167803 0.0779323 25
0 0.150313 0.402582 0.0283733 0.0667744 26
0 0.104336 0.390118 0.0230405 0.0744124 27
0 0.237099 0.132815 0.00882224 0.0374168 28
0 0.141679 0.185574 0.0133062 0.0491075 29
0 0.0302047 0.168995 0.0105364 0.0382427 30
0 0.362681 0.123157 0.0102127 0.0515996 31
0 0.318002 0.276242 0.0166693 0.0643807 32
0 0.348907 0.362452 0.0262523 0.0843231 33
0 0.0184881 0.164962 0.0118264 0.0391875 34
0 0.262234 0.122396 0.0095664 0.0403952 35
0 0.238119 0.359497 0.0268609 0.0849803 36
0 0.137661 0.187764 0.0133059 0.0477256 37
0 0.22975 0.285209 0.0220324 0.0793517 38
0 0.245178 0.0754196 0.00862855 0.0274587 39
0 0.38933 0.0252676 0.00911844 0.0286383 40
0 0.609206 0.358056 0.0235444 0.0726401 41
0 0.327407 0.0489541 0.00849733 0.0360159 42
0 0.580379 0.246393 0.0151566 0.0643899 43
0 0.506559 0.135461 0.00975627 0.0412967 44
0 0.230925 0.422895 0.0281357 0.117856 45
0 0.433313 0.133342 0.0116896 0.0421979 46
1 0.348758 0.360074 0.0267251 0.0833118 47
1 0.192011 0.486575 0.0304829 0.0841408 48
0 0.0984995 0.098569 0.00960575 0.0285492 49
0 0.0653142 0.250148 0.0135756 0.0633357 50
0 0.0703707 0.25628 0.0225769 0.074314 51
0 0.373789 0.0299164 0.0103502 0.0412187 52
0 0.241797 0.379859 0.0231459 0.0856425 53
0 0.340587 0.0462945 0.00848974 0.0378326 54
1 0.497749 0.316176 0.0248958 0.041545 55
