0 0.637473 0.589505 0.0344267 0.124054 1
0 0.241439 0.610934 0.0390007 0.137153 2
0 0.511422 0.587813 0.049576 0.140409 3
0 0.114231 0.486954 0.0252804 0.0883689 4
0 0.183541 0.924842 0.0494659 0.146862 5
0 0.193171 0.617577 0.038261 0.129925 6
0 0.41684 0.488979 0.0233774 0.114186 7
0 0.383893 0.505955 0.0277305 0.117034 8
0 0.0321014 0.286015 0.0181994 0.056818 9
0 0.444381 0.920894 0.0490781 0.15672 10
0 0.291491 0.711723 0.0515408 0.152169 11
0 0.307318 0.616857 0.0319756 0.151834 12
0 0.125607 0.664112 0.0514676 0.0906018 13
0 0.293137 0.816775 0.0593986 0.14443 14
0 0.509832 0.432113 0.0342077 0.097679 15
0 0.231409 0.376646 0.0221286 0.0930257 16
0 0.583663 0.368653 0.0183974 0.0529902 17
0 0.149249 0.467462 0.0358456 0.0656167 18
0 0.0511539 0.556046 0.0420022 0.0746297 19
0 0.201552 0.731673 0.0538029 0.134644 20
0 0.508932 0.291173 0.0162472 0.0710867 21
1 0.273736 0.354898 0.0234326 0.0582608 22
0 0.52468 0.514388 0.0256676 0.101886 23
0 0.436751 0.351878 0.021892 0.0704981 24
0 0.326541 0.828242 0.0888913 0.130886 25
0 0.0202667 0.149159 0.0117007 0.0509203 26
0 0.00870849 0.646756 0.017417 0.131785 27
0 0.294606 0.630466 0.0585523 0.177699 28
0 0.239331 0.487571 0.024461 0.0665963 29
0 0.273581 0.353764 0.0221813 0.0573885 30
0 0.430371 0.357022 0.0176764 0.0695133 31
