0 0.733044 0.661527 0.0375799 0.132163 1
0 0.328355 0.609406 0.0378942 0.129584 2
0 0.32077 0.36738 0.0166955 0.0843502 3
0 0.561556 0.570246 0.0342686 0.111396 4
0 0.480068 0.598066 0.0277376 0.128031 5
0 0.747859 0.505485 0.0254129 0.108581 6
0 0.0650412 0.406364 0.0262727 0.0954122 7
0 0.46757 0.497258 0.0256263 0.105092 8
0 0.641424 0.486775 0.0226043 0.103955 9
0 0.0282884 0.410581 0.031225 0.0964254 10
0 0.551665 0.449476 0.0255915 0.108298 11
0 0.255844 0.583729 0.0333357 0.134386 12
0 0.166646 0.602648 0.0415649 0.078272 13
0 0.222387 0.582279 0.0300488 0.122587 14
2 0.054821 0.586879 0.0593844 0.0780631 15
0 0.52493 0.36859 0.0216084 0.0766506 16
0 0.376516 0.336373 0.0271831 0.0963168 17
0 0.406086 0.973407 0.0313737 0.0531862 18
0 0.286912 0.791874 0.041835 0.0995099 19
0 0.75151 0.278868 0.0171164 0.042207 20
0 0.163907 0.171624 0.0135731 0.0494174 21
0 0.19037 0.216096 0.01504 0.050714 22
0 0.338417 0.884892 0.0374779 0.124442 23
0 0.141543 0.499723 0.0332143 0.0627974 24
0 0.0182022 0.375161 0.024524 0.0762631 25
0 0.218434 0.162941 0.0130252 0.0471868 26
0 0.628123 0.302736 0.0119982 0.0416613 27
0 0.503747 0.375492 0.0190271 0.0637759 28
0 0.0079437 0.35736 0.0158874 0.0810985 29
1 0.256644 0.784932 0.0623387 0.119979 30
1 0.239799 0.435977 0.0346455 0.0565463 31
0 0.0902569 0.467955 0.0290017 0.0828914 32
0 0.312949 0.467726 0.0214302 0.0555628 33
0 0.18653 0.113694 0.0111432 0.0524536 34
0 0.671442 0.405726 0.0231266 0.0509764 35
0 0.203509 0.423369 0.0220905 0.0774732 36
0 0.267458 0.791114 0.079747 0.110074 37
