0 0.677303 0.593581 0.0299452 0.123361 1
0 0.141698 0.722894 0.0469345 0.15165 2
0 0.645185 0.509047 0.0300533 0.115913 3
0 0.266282 0.593563 0.0404498 0.142325 4
0 0.339524 0.623078 0.0403098 0.136317 5
0 0.16598 0.621581 0.045999 0.0832013 6
0 0.55697 0.524918 0.0260359 0.110342 7
0 0.5198 0.442773 0.0258654 0.112132 8
0 0.478783 0.473443 0.0232036 0.111071 9
0 0.0167331 0.426733 0.0299861 0.107024 10
0 0.457295 0.508518 0.0289556 0.121272 11
0 0.305393 0.361023 0.0222249 0.0911143 12
0 0.344673 0.360101 0.0260204 0.0854336 13
0 0.191329 0.452011 0.0259855 0.0858448 14
0 0.289536 0.805163 0.0526845 0.129581 15
0 0.415152 0.921466 0.0558002 0.152641 16
0 0.231186 0.595554 0.02933 0.130764 17
0 0.532562 0.475918 0.0262661 0.108068 18
0 0.133333 0.162187 0.0118388 0.0618912 19
0 0.145783 0.24399 0.0136431 0.0571797 20
0 0.353092 0.268496 0.013061 0.0641284 21
2 0.22846 0.709719 0.0681432 0.126334 22
0 0.481673 0.362448 0.0219476 0.0685457 23
0 0.590084 0.302033 0.0154185 0.0749495 24
2 0.0394148 0.614023 0.066625 0.0924233 25
0 0.111947 0.518328 0.0466652 0.0664767 26
0 0.0545557 0.168516 0.0122332 0.0532891 27
0 0.0532792 0.486678 0.0357037 0.0846995 28
0 0.0852351 0.177012 0.014882 0.0535876 29
1 0.110911 0.518874 0.0455934 0.0676256 30
0 0.313654 0.361998 0.0228264 0.0887046 31
1 0.199353 0.45257 0.0295044 0.0756209 32
0 0.329885 0.809826 0.0531506 0.1169 33
1 0.22322 0.443161 0.0272951 0.0642427 34
1 0.290548 0.80398 0.0518352 0.126704 35
0 0.105499 0.112801 0.0114401 0.0572687 36
1 0.415702 0.919009 0.0538515 0.14987 37
0 0.293834 0.296954 0.0192219 0.0501272 38
0 0.064557 0.173515 0.0134775 0.0484005 39
0 0.111337 0.161021 0.0126557 0.0682626 40
0 0.224896 0.443364 0.0246172 0.0638867 41
