0 0.69685 0.62927 0.0383745 0.125406 1
0 0.0209166 0.722386 0.0418332 0.139495 2
0 0.0358428 0.417581 0.0264186 0.0995061 3
0 0.356905 0.917027 0.0474196 0.150819 4
0 0.70312 0.491386 0.0288946 0.105198 5
0 0.302002 0.369855 0.0179869 0.0845603 6
0 0.339404 0.616889 0.0352319 0.129988 7
0 0.51898 0.453076 0.0288963 0.107929 8
0 0.54991 0.554704 0.0264391 0.121207 9
0 0.588305 0.474202 0.0252919 0.11245 10
0 0.463462 0.527927 0.0345771 0.194908 11
0 0.160843 0.614732 0.0418216 0.0842592 12
0 0.253282 0.589255 0.0376073 0.138253 13
0 0.220598 0.593401 0.0353274 0.131762 14
0 0.00769394 0.437436 0.0153879 0.0820697 15
0 0.198707 0.443594 0.0281373 0.077905 16
0 0.557234 0.438334 0.024276 0.108104 17
0 0.655173 0.399471 0.0238605 0.0540882 18
0 0.261666 0.796705 0.0545442 0.124018 19
0 0.503179 0.366759 0.0234183 0.0766768 20
0 0.299737 0.800197 0.0459072 0.100558 21
2 0.212734 0.702203 0.0726181 0.117272 22
0 0.125639 0.17655 0.0140824 0.0485381 23
0 0.148567 0.166984 0.0117127 0.0595537 24
0 0.458884 0.47813 0.0263004 0.101028 25
1 0.0670999 0.478734 0.0293365 0.0850765 26
0 0.142845 0.115661 0.0104363 0.0519623 27
0 0.0675318 0.47422 0.028185 0.0750792 28
0 0.372101 0.928521 0.0393947 0.142957 29
0 0.125975 0.510553 0.0307913 0.0712392 30
0 0.572146 0.458151 0.051359 0.143493 31
0 0.560858 0.343958 0.0187303 0.0539076 32
0 0.356462 0.363436 0.0268945 0.0900967 33
0 0.241222 0.262132 0.0124843 0.0389868 34
0 0.33494 0.342314 0.0206467 0.0652283 35
0 0.602539 0.295209 0.0122753 0.0431919 36
0 0.369748 0.267403 0.0137571 0.0646495 37
0 0.72391 0.270214 0.0143848 0.0438934 38
