0 0.346126 0.700969 0.0396524 0.143227 1
0 0.204673 0.826779 0.0534127 0.147219 2
0 0.572613 0.515069 0.0299585 0.107371 3
0 0.059527 0.556839 0.0249478 0.094403 4
0 0.0231865 0.449514 0.0242462 0.0750169 5
0 0.183662 0.697612 0.038353 0.149917 6
0 0.234332 0.680191 0.0408431 0.144576 7
0 0.40496 0.532631 0.0341385 0.143163 8
0 0.174173 0.420108 0.0251248 0.10098 9
0 0.447597 0.515119 0.0286926 0.111134 10
0 0.107805 0.757861 0.0585745 0.105528 11
0 0.382321 0.903147 0.0558517 0.115589 12
0 0.476457 0.540379 0.024843 0.122332 13
0 0.321508 0.911656 0.0495866 0.130541 14
0 0.521503 0.511052 0.0251919 0.11047 15
0 0.534337 0.900947 0.0616072 0.16921 16
0 0.366318 0.390553 0.0191385 0.0642556 17
0 0.243707 0.334701 0.0168629 0.0499271 18
0 0.464604 0.464584 0.0227143 0.0984862 19
0 0.38418 0.38419 0.0206854 0.0680018 20
0 0.450773 0.301697 0.0125809 0.0577274 21
0 0.505444 0.957873 0.0495246 0.0816338 22
0 0.0983185 0.526911 0.0320292 0.0718168 23
0 0.181021 0.303298 0.0139092 0.0684262 24
0 0.210973 0.393488 0.0287535 0.0644923 25
0 0.57246 0.240711 0.0118692 0.0374015 26
0 0.557949 0.961542 0.030854 0.0769169 27
0 0.526515 0.431943 0.021895 0.0914218 28
0 0.188131 0.307823 0.0192909 0.0627675 29
0 0.204203 0.419085 0.0196258 0.0820828 30
0 0.471156 0.487133 0.0230967 0.124638 31
0 0.024451 0.236618 0.0124493 0.0522249 32
0 0.271334 0.27902 0.0151292 0.0486303 33
0 0.200659 0.540611 0.0254126 0.0642909 34
