0 0.725676 0.65303 0.02663 0.125962 1
0 0.737862 0.505351 0.0309406 0.109244 2
0 0.0583861 0.411903 0.0268304 0.0944923 3
0 0.473171 0.586405 0.0270182 0.125397 4
0 0.316566 0.368906 0.0171472 0.0852576 5
0 0.339173 0.60922 0.0360395 0.140773 6
0 0.624043 0.479354 0.0260258 0.103481 7
0 0.168945 0.606617 0.0414326 0.0823051 8
0 0.0199058 0.416341 0.0322423 0.0934168 9
0 0.557287 0.56613 0.0244474 0.112528 10
0 0.255255 0.585049 0.0337582 0.131322 11
0 0.569479 0.443847 0.0200813 0.0984623 12
0 0.465849 0.494801 0.0293183 0.115511 13
0 0.539287 0.455909 0.0270276 0.099708 14
0 0.349763 0.911758 0.0456007 0.172722 15
0 0.225603 0.585186 0.0274215 0.121114 16
0 0.202246 0.214579 0.0143395 0.045254 17
0 0.519557 0.366382 0.0222956 0.0803009 18
0 0.499064 0.375167 0.0174808 0.065844 19
0 0.153137 0.175855 0.0135353 0.044485 20
0 0.20872 0.167251 0.0133739 0.0495791 21
0 0.0873282 0.469506 0.0298078 0.0790095 22
0 0.668707 0.402281 0.0218826 0.055516 23
0 0.0667351 0.595096 0.0321229 0.0706674 24
0 0.208591 0.430717 0.0247344 0.0791906 25
0 0.238769 0.587688 0.054893 0.132303 26
0 0.240051 0.246199 0.0142054 0.0466478 27
0 0.2183 0.167073 0.0123893 0.0486561 28
0 0.3898 0.272019 0.0132816 0.0651038 29
0 0.741915 0.27479 0.0123659 0.0426243 30
2 0.214109 0.691673 0.0667522 0.112622 31
0 0.177316 0.166975 0.0109516 0.0529288 32
0 0.0977728 0.152456 0.0150854 0.0540098 33
0 0.272607 0.791756 0.0823976 0.123449 34
0 0.173795 0.112525 0.0110204 0.0521778 35
0 0.278533 0.161347 0.0109569 0.0375871 36
1 0.261945 0.786683 0.0540238 0.115364 37
1 0.36633 0.35577 0.0396985 0.0829965 38
