0 0.524891 0.505085 0.0255048 0.107376 1
0 0.651621 0.568816 0.0292536 0.117298 2
0 0.199513 0.877124 0.0488166 0.19538 3
0 0.562439 0.523663 0.0322762 0.117582 4
0 0.255395 0.594727 0.0358995 0.130094 5
0 0.322095 0.612208 0.0320217 0.132046 6
0 0.421665 0.916762 0.0456703 0.165794 7
0 0.293383 0.810966 0.0492182 0.131103 8
0 0.147025 0.637428 0.0487629 0.0877799 9
0 0.0807619 0.262078 0.0144508 0.053481 10
0 0.268483 0.364977 0.0197714 0.091593 11
0 0.213891 0.595134 0.0288894 0.121007 12
0 0.447288 0.484339 0.0244181 0.110022 13
0 0.494104 0.447249 0.0284437 0.130815 14
0 0.336133 0.810556 0.0543722 0.113516 15
0 0.0682844 0.166616 0.0127112 0.0618483 16
0 0.446988 0.36168 0.017128 0.0629998 17
2 0.0222795 0.634827 0.0444283 0.0932275 18
0 0.304042 0.365466 0.0196553 0.0885105 19
0 0.397936 0.49583 0.0362866 0.118827 20
0 0.309302 0.351075 0.0271893 0.0637173 21
0 0.152263 0.471083 0.0249502 0.0905353 22
0 0.0818903 0.530111 0.0283822 0.0650414 23
0 0.616578 0.375989 0.0206312 0.0567898 24
0 0.042648 0.171683 0.0134596 0.0549523 25
0 0.0121677 0.625594 0.0243355 0.0928489 26
2 0.216 0.714025 0.0744123 0.143275 27
0 0.0173006 0.184129 0.0139154 0.0480634 28
0 0.461421 0.35697 0.0177779 0.0670996 29
1 0.188591 0.450716 0.0254767 0.0588299 30
0 0.509675 0.974591 0.023518 0.0508171 31
0 0.221544 0.207445 0.0114944 0.0459387 32
0 0.011556 0.491807 0.0231119 0.0827606 33
0 0.309699 0.269011 0.0138865 0.0619209 34
0 0.308494 0.253519 0.0113104 0.0406337 35
