0 0.573621 0.589639 0.0374784 0.121894 1
0 0.472582 0.585837 0.030806 0.115018 2
0 0.234481 0.632811 0.03493 0.140151 3
0 0.534931 0.538048 0.0269066 0.115804 4
0 0.300511 0.635657 0.0431959 0.146825 5
0 0.188799 0.641346 0.0394278 0.133228 6
0 0.457529 0.932525 0.0503206 0.132142 7
0 0.113183 0.922553 0.055691 0.152794 8
0 0.339702 0.786768 0.0690322 0.223503 9
0 0.438502 0.643216 0.0505033 0.138622 10
0 0.298824 0.851719 0.0638341 0.141128 11
0 0.50405 0.439599 0.0242932 0.110928 12
0 0.401423 0.506205 0.028112 0.120469 13
0 0.117483 0.690083 0.0530123 0.0971699 14
0 0.379201 0.501981 0.0269968 0.122693 15
0 0.495992 0.937755 0.0341563 0.117171 16
0 0.198752 0.741903 0.0462225 0.111275 17
0 0.020829 0.581276 0.0385765 0.0771069 18
0 0.489502 0.290858 0.0149928 0.0593742 19
0 0.240425 0.284523 0.0125717 0.0649267 20
0 0.564328 0.376795 0.020787 0.0539975 21
0 0.0952975 0.4823 0.0252797 0.12811 22
0 0.244297 0.435373 0.0152681 0.0652212 23
0 0.335987 0.272381 0.0146588 0.0614724 24
0 0.130929 0.486996 0.0334886 0.0654273 25
0 0.212032 0.388825 0.0209053 0.0982953 26
0 0.254836 0.367434 0.0176749 0.0597744 27
0 0.21703 0.325322 0.0165976 0.0624076 28
0 0.340894 0.270822 0.0161146 0.0600132 29
0 0.416597 0.362091 0.0210099 0.061905 30
