0 0.707771 0.674063 0.0362225 0.129529 1
0 0.577993 0.563987 0.0268453 0.114573 2
0 0.474368 0.541049 0.0259936 0.121359 3
0 0.740617 0.514815 0.0265514 0.107125 4
0 0.298249 0.612791 0.0299285 0.130985 5
0 0.071512 0.401224 0.0250563 0.0954815 6
0 0.338635 0.95671 0.0292946 0.0816959 7
0 0.0550383 0.170859 0.0146927 0.0541784 8
0 0.325145 0.365765 0.0178289 0.0824853 9
0 0.515602 0.468674 0.027078 0.108062 10
0 0.638337 0.500167 0.0225205 0.0783787 11
0 0.211022 0.577628 0.0299703 0.119773 12
0 0.49183 0.456429 0.0227011 0.0935796 13
0 0.0331732 0.240932 0.0175513 0.0615739 14
0 0.241552 0.579256 0.0248075 0.123717 15
0 0.201604 0.394797 0.0195744 0.0696468 16
0 0.526537 0.373575 0.0194199 0.0737121 17
0 0.152784 0.592739 0.044613 0.0805769 18
0 0.195186 0.193588 0.0136459 0.0657998 19
0 0.212335 0.110988 0.0111066 0.0487221 20
0 0.0293429 0.34885 0.0227312 0.0778699 21
1 0.221855 0.772516 0.0425979 0.10591 22
0 0.127225 0.183423 0.0111786 0.0371759 23
0 0.506537 0.378868 0.0190744 0.0666041 24
0 0.257632 0.244984 0.0138252 0.0397361 25
0 0.038327 0.398218 0.0302745 0.100675 26
0 0.243544 0.164199 0.0110015 0.0438797 27
0 0.0594551 0.579225 0.0348651 0.0691966 28
0 0.295163 0.877017 0.0333204 0.112285 29
0 0.410507 0.271569 0.0127869 0.0681694 30
0 0.139583 0.491149 0.0292157 0.059819 31
0 0.767454 0.286313 0.0159433 0.0446952 32
0 0.255813 0.785715 0.0335216 0.0914954 33
0 0.257672 0.165365 0.0104622 0.0428959 34
0 0.0939426 0.460463 0.0289796 0.0850833 35
1 0.382943 0.345682 0.0239376 0.0697174 36
1 0.366438 0.351459 0.0191886 0.0595702 37
0 0.408179 0.25036 0.0134678 0.0411257 38
0 0.283533 0.473357 0.0209702 0.0530025 39
0 0.676398 0.413101 0.0226865 0.0496202 40
0 0.168061 0.166871 0.0127277 0.0397129 41
1 0.248936 0.430048 0.0235014 0.0535776 42
