0 0.616378 0.620067 0.0444815 0.123474 1
0 0.550334 0.548746 0.0254315 0.109588 2
0 0.28704 0.857901 0.029303 0.126686 3
0 0.586992 0.483248 0.0266239 0.102819 4
0 0.211245 0.552502 0.0268703 0.115542 5
0 0.68383 0.504339 0.0331127 0.108505 6
0 0.142176 0.214698 0.0150476 0.0486365 7
0 0.455144 0.622956 0.0331078 0.136193 8
0 0.107479 0.372442 0.0240263 0.0796913 9
0 0.348667 0.356868 0.0180753 0.0797551 10
0 0.544896 0.376272 0.021369 0.0689487 11
0 0.183534 0.641546 0.0603317 0.104255 12
0 0.110535 0.16635 0.0133513 0.0547782 13
0 0.52218 0.377579 0.0192477 0.0668697 14
0 0.236378 0.551993 0.0256581 0.120753 15
0 0.482049 0.495502 0.0286233 0.108014 16
0 0.23861 0.88169 0.042111 0.190527 17
0 0.33384 0.261981 0.0131229 0.0546693 18
0 0.286227 0.581937 0.0318259 0.129345 19
0 0.074484 0.32652 0.0159453 0.0658097 20
0 0.00460357 0.175907 0.00920713 0.0461699 21
0 0.45327 0.536439 0.041701 0.125948 22
0 0.15989 0.5609 0.0359257 0.0802156 23
0 0.115309 0.450985 0.0256447 0.0837356 24
0 0.302275 0.162896 0.00958138 0.0418095 25
0 0.259753 0.189674 0.0128384 0.0591799 26
0 0.688013 0.428066 0.0282686 0.0622854 27
0 0.0609802 0.231987 0.0197085 0.0365608 28
0 0.256366 0.176227 0.0120732 0.0534172 29
0 0.0174108 0.0745643 0.012999 0.0410889 30
0 0.296867 0.458317 0.0201159 0.0488515 31
0 0.0128902 0.10418 0.0118919 0.0377249 32
0 0.274503 0.41877 0.0236238 0.0626534 33
0 0.390546 0.346669 0.0186764 0.0640178 34
1 0.211805 0.737326 0.042735 0.103764 35
0 0.035868 0.0694435 0.0115188 0.0420038 36
0 0.216358 0.360072 0.0198773 0.0616777 37
0 0.251988 0.168131 0.00999975 0.0429246 38
0 0.0679911 0.541071 0.0481763 0.0736891 39
0 0.405718 0.34039 0.0256765 0.0683281 40
0 0.454556 0.325804 0.0150166 0.0624989 41
0 0.319054 0.454362 0.0185681 0.0490135 42
0 0.163011 0.467353 0.0281988 0.0577004 43
0 0.446759 0.252933 0.0135421 0.0481692 44
0 0.330738 0.14108 0.00935373 0.0385311 45
0 0.0833119 0.392427 0.0188128 0.060839 46
0 0.321794 0.140983 0.0100678 0.0433754 47
0 0.0788402 0.0933909 0.011632 0.041617 48
0 0.0633857 0.0307091 0.011327 0.0433346 49
