0 0.349312 0.575663 0.0282516 0.122069 1
0 0.265966 0.474323 0.0287636 0.116694 2
0 0.0881965 0.664164 0.0385784 0.13336 3
0 0.557502 0.446956 0.0246806 0.100849 4
0 0.438753 0.494114 0.0225968 0.104938 5
0 0.122426 0.267353 0.0179082 0.0692227 6
0 0.481889 0.479101 0.0301422 0.106183 7
0 0.108142 0.65126 0.0322794 0.140299 8
0 0.52729 0.587218 0.0296251 0.124886 9
0 0.102419 0.392151 0.0234522 0.0742571 10
0 0.191353 0.141287 0.0123101 0.0480152 11
0 0.427301 0.305159 0.0155363 0.0773783 12
0 0.412042 0.46972 0.0231943 0.0998856 13
0 0.402885 0.171914 0.0135739 0.0516936 14
0 0.614647 0.438327 0.0208228 0.0951808 15
0 0.585134 0.361153 0.0200419 0.0662642 16
0 0.0721368 0.248529 0.016025 0.0589168 17
0 0.0271006 0.281912 0.0219886 0.0703017 18
0 0.614877 0.362104 0.0197287 0.077203 19
0 0.0687786 0.30192 0.018998 0.0708279 20
0 0.238522 0.248333 0.0151824 0.062102 21
0 0.172573 0.156921 0.0114795 0.0380545 22
0 0.0402562 0.147294 0.0136501 0.049384 23
0 0.0929499 0.09509 0.0107844 0.0329372 24
0 0.224662 0.283496 0.0221033 0.0775711 25
0 0.607784 0.359965 0.0212677 0.0750435 26
0 0.316155 0.278385 0.0171265 0.0659004 27
0 0.25692 0.12218 0.0099493 0.0453784 28
0 0.383191 0.0254321 0.00896345 0.0339453 29
0 0.531608 0.665687 0.0350891 0.14739 30
0 0.320824 0.0466165 0.0080513 0.0356784 31
0 0.134439 0.193603 0.0130707 0.0512203 32
0 0.358341 0.116676 0.00974405 0.0468357 33
0 0.148367 0.178953 0.016026 0.0465888 34
0 0.229355 0.133923 0.00982037 0.0379661 35
0 0.347125 0.363536 0.0270805 0.084135 36
0 0.237092 0.361046 0.024719 0.0813136 37
0 0.236576 0.0758183 0.00887489 0.0301347 38
0 0.230079 0.293655 0.0201321 0.0852564 39
0 0.191649 0.487508 0.0275473 0.0792794 40
0 0.147411 0.405407 0.0294782 0.0689853 41
1 0.347387 0.362453 0.0266305 0.082628 42
0 0.427797 0.131568 0.0127476 0.0452737 43
0 0.0202964 0.167176 0.0150617 0.0402548 44
1 0.496028 0.313782 0.0234389 0.0456628 45
0 0.575918 0.245918 0.0122945 0.063233 46
0 0.501948 0.137724 0.00978497 0.0416 47
0 0.33414 0.0462043 0.00798416 0.0386351 48
0 0.228386 0.419923 0.0284746 0.126297 49
0 0.204315 0.445295 0.027234 0.0701712 50
0 0.342085 0.046454 0.0086216 0.0403851 51
0 0.369186 0.044824 0.00902623 0.0411091 52
