0 0.70994 0.674565 0.0348957 0.129052 1
0 0.578175 0.563973 0.0271191 0.115057 2
0 0.474876 0.541059 0.0260567 0.122144 3
0 0.0711485 0.401354 0.0254991 0.0964806 4
0 0.740809 0.515679 0.0269825 0.106062 5
0 0.212272 0.576736 0.0289946 0.116997 6
0 0.0308135 0.24184 0.0179711 0.061101 7
0 0.518314 0.466735 0.0232269 0.105432 8
0 0.340909 0.958325 0.0308792 0.0775248 9
0 0.324657 0.363267 0.0176458 0.0854978 10
0 0.493963 0.457567 0.0218872 0.0951176 11
0 0.638735 0.500352 0.0222933 0.0790546 12
0 0.299337 0.609476 0.0295362 0.12512 13
0 0.0536031 0.171676 0.0149795 0.0541382 14
0 0.242093 0.580804 0.0259438 0.124845 15
0 0.526736 0.373288 0.0196055 0.0740766 16
0 0.201562 0.397853 0.0203288 0.0731085 17
0 0.193674 0.197099 0.0128162 0.0543442 18
0 0.0393519 0.405108 0.027698 0.0853882 19
0 0.0290338 0.348172 0.0221853 0.0754851 20
0 0.409333 0.270229 0.013157 0.0699443 21
0 0.153307 0.593047 0.0448984 0.0812646 22
0 0.506697 0.379331 0.018771 0.0682082 23
0 0.122689 0.182064 0.0119436 0.0420103 24
1 0.224121 0.773388 0.0398808 0.101978 25
0 0.24093 0.165636 0.0108303 0.0443459 26
0 0.25566 0.786603 0.0345888 0.0912879 27
0 0.140054 0.492145 0.0264919 0.0601166 28
0 0.191816 0.182547 0.0145546 0.058335 29
0 0.766287 0.285661 0.0146354 0.0442605 30
0 0.255744 0.241818 0.0130936 0.0403261 31
1 0.383124 0.344193 0.0241837 0.0722226 32
0 0.21165 0.111619 0.0112472 0.0487006 33
0 0.676584 0.413359 0.0227199 0.0499685 34
0 0.0930784 0.460394 0.02861 0.0837957 35
1 0.249557 0.431011 0.0228447 0.0543798 36
0 0.254973 0.165012 0.0121788 0.0453946 37
2 0.0481424 0.583605 0.0601567 0.0726018 38
0 0.167614 0.167997 0.0122497 0.0407999 39
