0 0.545154 0.551753 0.0260962 0.118788 1
0 0.494247 0.515742 0.0345827 0.145036 2
0 0.624519 0.575796 0.0318405 0.119148 3
0 0.255932 0.8421 0.0516556 0.141997 4
0 0.380703 0.93428 0.0524301 0.127375 5
0 0.281361 0.697748 0.0395853 0.144183 6
0 0.441904 0.493743 0.0278973 0.111917 7
0 0.436747 0.934716 0.0593357 0.125916 8
0 0.097231 0.564846 0.026619 0.0954598 9
0 0.381614 0.712263 0.0399848 0.164686 10
0 0.203832 0.429586 0.0243656 0.104368 11
0 0.0262772 0.421196 0.018481 0.0731508 12
0 0.643367 0.440208 0.0263328 0.0953456 13
0 0.594572 0.457066 0.0219213 0.0943143 14
0 0.233694 0.705369 0.0333858 0.127475 15
0 0.155876 0.772173 0.0554155 0.108554 16
0 0.0268727 0.657579 0.0519302 0.0787848 17
0 0.562301 0.397883 0.0182921 0.0508284 18
0 0.590346 0.243824 0.0110697 0.040309 19
0 0.453044 0.463529 0.0222333 0.0933178 20
0 0.130982 0.536472 0.0293502 0.0671614 21
0 0.0406318 0.243841 0.0119689 0.0413001 22
0 0.413381 0.391497 0.0198463 0.0706907 23
0 0.282323 0.349454 0.01507 0.0518366 24
0 0.208851 0.311374 0.0202688 0.0697385 25
1 0.241193 0.404443 0.0195115 0.055158 26
0 0.393028 0.397429 0.0168407 0.0664997 27
