0 0.571206 0.513635 0.0328902 0.10839 1
0 0.34179 0.698793 0.0372858 0.14532 2
0 0.182416 0.695628 0.0403719 0.15073 3
0 0.203607 0.82443 0.0536438 0.142025 4
0 0.059838 0.555212 0.0253545 0.0941288 5
0 0.0249627 0.450309 0.0230904 0.0724001 6
0 0.232738 0.678993 0.040298 0.142377 7
0 0.408553 0.520031 0.0347256 0.142834 8
0 0.381092 0.899813 0.0544532 0.112372 9
0 0.520674 0.50976 0.026904 0.11164 10
0 0.445801 0.518814 0.0282646 0.105068 11
0 0.474257 0.53903 0.0261928 0.123689 12
0 0.323355 0.910667 0.0471557 0.134404 13
0 0.174398 0.420159 0.0252232 0.0996362 14
0 0.103597 0.755072 0.0518676 0.10736 15
0 0.185584 0.304622 0.0208169 0.0701552 16
0 0.52862 0.900626 0.047943 0.178922 17
0 0.36661 0.389495 0.0196471 0.068024 18
0 0.098805 0.524797 0.0319989 0.0708787 19
0 0.239321 0.334766 0.01578 0.0453334 20
0 0.381859 0.382785 0.0193825 0.0686647 21
0 0.463172 0.460431 0.0256785 0.0967385 22
0 0.450431 0.299717 0.0128584 0.0536486 23
0 0.21105 0.394267 0.0288806 0.0613875 24
0 0.571923 0.239858 0.0115575 0.0346583 25
0 0.501077 0.954085 0.0483205 0.0867547 26
0 0.166198 0.417999 0.0254073 0.0963074 27
0 0.524158 0.434525 0.0271419 0.10534 28
0 0.269295 0.283779 0.0137285 0.059983 29
1 0.208298 0.395428 0.0270411 0.0621654 30
0 0.554787 0.960959 0.0311686 0.0780824 31
