0 0.390627 0.495117 0.0272469 0.117279 1
0 0.307402 0.895169 0.0541177 0.144375 2
0 0.523591 0.541506 0.0264482 0.108599 3
0 0.504822 0.446466 0.0238377 0.0978587 4
0 0.0604413 0.544425 0.0263731 0.097923 5
0 0.562611 0.518916 0.0298027 0.105179 6
0 0.458705 0.863483 0.0601188 0.21679 7
0 0.323353 0.681579 0.0372765 0.160579 8
0 0.419213 0.509329 0.0234789 0.110924 9
0 0.192517 0.806665 0.052296 0.151284 10
0 0.0425002 0.460247 0.0261214 0.0873155 11
0 0.220607 0.674479 0.0500127 0.152346 12
0 0.352295 0.90293 0.0775658 0.141664 13
0 0.174589 0.681471 0.0404593 0.142394 14
0 0.180601 0.414408 0.0210807 0.100416 15
0 0.455196 0.305936 0.0138434 0.078761 16
0 0.464041 0.450886 0.0265063 0.0976082 17
0 0.1042 0.741401 0.0548895 0.107962 18
0 0.223383 0.444366 0.0187613 0.0684436 19
0 0.1704 0.410185 0.0278573 0.0997318 20
0 0.0969057 0.516557 0.0386877 0.0737042 21
0 0.477391 0.948317 0.0472803 0.102455 22
0 0.539566 0.380406 0.0220597 0.0502935 23
0 0.45915 0.516224 0.0329845 0.129498 24
0 0.281195 0.283176 0.0139916 0.0627474 25
0 0.221734 0.395711 0.0199511 0.0695621 26
0 0.206427 0.363976 0.0200498 0.0874883 27
0 0.191704 0.299064 0.0131281 0.0661088 28
0 0.0809541 0.200499 0.00931533 0.0361331 29
