0 0.0690082 0.559908 0.0300018 0.0968862 1
0 0.503482 0.548535 0.0251533 0.118077 2
0 0.250723 0.685921 0.0436472 0.150435 3
0 0.477121 0.514571 0.0282122 0.114653 4
0 0.354943 0.700211 0.0343341 0.146668 5
0 0.200408 0.703438 0.039036 0.150292 6
0 0.184339 0.425666 0.0300883 0.101097 7
0 0.532089 0.507749 0.0227483 0.111698 8
0 0.0222494 0.443163 0.0198232 0.0692437 9
0 0.415847 0.553894 0.0311933 0.119576 10
0 0.579301 0.517506 0.0315914 0.105714 11
0 0.342287 0.918137 0.055222 0.131702 12
0 0.226072 0.830347 0.0509433 0.154666 13
0 0.553891 0.428926 0.0234686 0.101356 14
0 0.39643 0.919868 0.0705746 0.134888 15
0 0.014938 0.643541 0.0298759 0.0881581 16
0 0.624332 0.928143 0.0385317 0.139629 17
0 0.218791 0.397998 0.0316085 0.0727292 18
0 0.192064 0.307908 0.0158739 0.0696726 19
0 0.123803 0.763933 0.0559382 0.110405 20
0 0.531004 0.960076 0.0435476 0.0769638 21
0 0.393457 0.386203 0.0173784 0.0684573 22
0 0.267631 0.338744 0.0156499 0.0520996 23
0 0.581836 0.24435 0.0112311 0.0384453 24
0 0.458645 0.316223 0.0140596 0.0749796 25
0 0.45878 0.299316 0.0110868 0.0475291 26
0 0.547903 0.391776 0.0194601 0.0533037 27
0 0.380205 0.386945 0.0220475 0.0668 28
0 0.387518 0.388507 0.0189892 0.0679895 29
0 0.215024 0.541237 0.0245546 0.0722032 30
0 0.606007 0.946303 0.0701303 0.107394 31
