0 0.329962 0.542362 0.0257972 0.114355 1
0 0.547796 0.677875 0.0313929 0.151556 2
0 0.501488 0.570591 0.0273393 0.123869 3
0 0.43882 0.503614 0.0214623 0.0960966 4
0 0.403996 0.312099 0.0152448 0.0776975 5
0 0.0878435 0.70791 0.0394684 0.128435 6
0 0.256645 0.489953 0.0326679 0.119864 7
0 0.414909 0.472183 0.0244969 0.0930632 8
0 0.234477 0.454972 0.0209145 0.109431 9
0 0.556463 0.447188 0.0301769 0.10454 10
0 0.00607748 0.275105 0.0119167 0.0607247 11
0 0.141613 0.151682 0.0113278 0.0436227 12
0 0.36235 0.172348 0.0134773 0.0501949 13
0 0.567139 0.363857 0.0197867 0.0726309 14
0 0.317423 0.132025 0.00983472 0.0438825 15
0 0.0503864 0.294103 0.0192444 0.0691219 16
0 0.11518 0.6879 0.0313455 0.150192 17
0 0.189038 0.295366 0.0160294 0.0727794 18
0 0.121588 0.166195 0.0112761 0.0464973 19
0 0.591027 0.358408 0.0207389 0.0731499 20
0 0.470403 0.479379 0.0189788 0.0996218 21
0 0.296311 0.305425 0.0173342 0.0638054 22
0 0.0751378 0.412707 0.0251469 0.0750837 23
0 0.0963382 0.203273 0.0152274 0.0512414 24
0 0.179468 0.142577 0.0100072 0.0382612 25
0 0.20323 0.255781 0.0153717 0.056534 26
0 0.547472 0.244015 0.0124083 0.0609625 27
0 0.21623 0.451707 0.0239489 0.104466 28
0 0.205109 0.130986 0.00916558 0.0421435 29
0 0.381916 0.136805 0.0107334 0.0422261 30
0 0.102751 0.202222 0.0137476 0.0534714 31
0 0.326629 0.375369 0.025586 0.0841571 32
0 0.180884 0.46256 0.0266562 0.0778594 33
0 0.211747 0.0715487 0.0086711 0.0297531 34
0 0.206885 0.307952 0.018408 0.0623547 35
0 0.354237 0.392728 0.0172399 0.0451127 36
0 0.162616 0.590252 0.042334 0.0972116 37
0 0.31039 0.0276251 0.0092642 0.0342287 38
0 0.260935 0.0497286 0.00951887 0.034484 39
0 0.458664 0.131062 0.0107416 0.0511841 40
0 0.0639345 0.0232233 0.00830734 0.0294847 41
0 0.241037 0.0656229 0.0100681 0.0362343 42
0 0.178496 0.512775 0.0316388 0.0763748 43
0 0.417091 0.139265 0.0125185 0.0402438 44
0 0.326258 0.0274973 0.0100513 0.0282677 45
0 0.277931 0.0481602 0.00808966 0.0369262 46
0 0.18711 0.35435 0.0205175 0.0658658 47
0 0.397766 0.136628 0.0101415 0.0387519 48
0 0.124329 0.426571 0.0309973 0.0621493 49
0 0.450807 0.309526 0.0183803 0.0553369 50
0 0.867498 0.319047 0.0151783 0.0524783 51
0 0.238845 0.187351 0.0138284 0.0345086 52
0 0.173264 0.0820745 0.00939155 0.0267903 53
0 0.099432 0.690294 0.0587704 0.151381 54
1 0.478736 0.315768 0.0158066 0.0489577 55
0 0.289304 0.0606569 0.00907775 0.0284992 56
0 0.0682842 0.107066 0.00907522 0.038208 57
0 0.212087 0.36383 0.027798 0.0890989 58
