0 0.476227 0.595509 0.0288424 0.131132 1
0 0.731095 0.65799 0.0364373 0.129017 2
0 0.319864 0.367348 0.0173697 0.0846454 3
0 0.332356 0.609035 0.0366478 0.13453 4
0 0.561517 0.571439 0.0338988 0.111389 5
0 0.639113 0.4893 0.0341328 0.114285 6
0 0.254502 0.582505 0.0346509 0.128346 7
0 0.465854 0.495706 0.0246315 0.109257 8
0 0.745109 0.501724 0.021558 0.114058 9
0 0.062003 0.40634 0.0256513 0.0930266 10
0 0.169002 0.603339 0.0410214 0.0767409 11
0 0.0276335 0.421025 0.0297375 0.0943537 12
0 0.34519 0.904898 0.0380415 0.164844 13
0 0.224082 0.582832 0.028064 0.118566 14
0 0.546653 0.456682 0.0276016 0.103545 15
0 0.191485 0.211304 0.0137844 0.0457074 16
1 0.257244 0.788825 0.0563914 0.11622 17
0 0.523525 0.367403 0.0219663 0.077841 18
0 0.747424 0.277185 0.0148844 0.0462108 19
0 0.560677 0.450081 0.0285113 0.102724 20
0 0.376982 0.36267 0.023385 0.0828798 21
0 0.204273 0.42651 0.0216615 0.0753567 22
0 0.18075 0.110908 0.0103661 0.0510489 23
0 0.065833 0.590531 0.036364 0.0749993 24
0 0.670691 0.406885 0.0242731 0.0529809 25
0 0.210887 0.161925 0.0108821 0.0493978 26
0 0.222824 0.164322 0.0110258 0.0464467 27
0 0.393792 0.269527 0.0142927 0.0671751 28
0 0.39373 0.253139 0.0131041 0.0399394 29
0 0.580715 0.346296 0.0165578 0.046792 30
0 0.503624 0.378151 0.0188688 0.0608556 31
1 0.247149 0.436526 0.0270508 0.05522 32
0 0.253255 0.140068 0.00982457 0.042151 33
0 0.141724 0.499742 0.0287491 0.0623091 34
0 0.23814 0.244946 0.0134148 0.0374575 35
0 0.163441 0.176632 0.0149087 0.0415889 36
0 0.623395 0.302974 0.0125438 0.0464528 37
0 0.0173496 0.382655 0.0304287 0.0744612 38
1 0.236196 0.435967 0.0339118 0.0557317 39
0 0.404039 0.975662 0.0314079 0.0486759 40
0 0.311612 0.468107 0.0234908 0.0565684 41
0 0.0898849 0.46585 0.0275373 0.0767603 42
0 0.105017 0.151666 0.0147749 0.0505206 43
