0 0.265407 0.509316 0.0249847 0.122992 1
0 0.518191 0.642126 0.0374942 0.144357 2
0 0.526554 0.439901 0.0287752 0.113768 3
0 0.337679 0.510211 0.0253562 0.114255 4
0 0.112145 0.746983 0.0519897 0.137366 5
0 0.208809 0.475557 0.0218509 0.105707 6
0 0.228725 0.479945 0.0236682 0.115854 7
0 0.328301 0.185121 0.0123068 0.0496823 8
0 0.467501 0.554351 0.0329277 0.114486 9
0 0.386563 0.320762 0.0161362 0.0817739 10
0 0.0324937 0.228218 0.0173495 0.0582021 11
0 0.153489 0.138182 0.0106348 0.0453039 12
0 0.0930365 0.162204 0.0113247 0.0451789 13
0 0.175952 0.489741 0.023715 0.0869122 14
0 0.181473 0.316273 0.0206705 0.0820007 15
0 0.0823808 0.171445 0.0103237 0.0437391 16
0 0.441883 0.474957 0.0316213 0.123593 17
0 0.430466 0.448006 0.0263714 0.0949523 18
0 0.0529265 0.203762 0.0124578 0.0384714 19
0 0.578084 0.361067 0.0230171 0.0718838 20
0 0.264005 0.132864 0.0100218 0.0558336 21
0 0.15876 0.305308 0.0167609 0.0672741 22
0 0.442098 0.316908 0.0216861 0.061873 23
0 0.00620773 0.345157 0.0124155 0.0803073 24
0 0.174025 0.548221 0.0399336 0.0777185 25
0 0.0521841 0.437699 0.0246311 0.0781604 26
0 0.232273 0.0588053 0.00749034 0.0360377 27
1 0.0521078 0.437798 0.0254438 0.0773427 28
0 0.0835662 0.150395 0.00888041 0.0417067 29
0 0.0810331 0.15881 0.0094143 0.0543911 30
1 0.168433 0.623199 0.042719 0.112011 31
0 0.126069 0.730183 0.0421028 0.158002 32
0 0.369308 0.0925042 0.00792231 0.0420245 33
0 0.132889 0.154728 0.0115571 0.0483722 34
0 0.170576 0.378807 0.0247954 0.078909 35
0 0.277572 0.122294 0.00946249 0.0474417 36
0 0.11628 0.0925256 0.00895429 0.0301041 37
0 0.208304 0.0540181 0.00802955 0.0337292 38
1 0.197578 0.193286 0.0129424 0.0327262 39
0 0.41632 0.135473 0.00916386 0.0467071 40
0 0.107747 0.450832 0.0331684 0.0678068 41
0 0.340014 0.139861 0.00969042 0.0394495 42
0 0.218866 0.473741 0.0368344 0.112741 43
0 0.170942 0.08155 0.00873347 0.0334658 44
1 0.554405 0.362333 0.0220451 0.0625531 45
1 0.342775 0.408575 0.0241072 0.048912 46
0 0.521923 0.249726 0.0120786 0.0607939 47
0 0.380957 0.144349 0.0123466 0.0413979 48
1 0.314825 0.376713 0.0239442 0.066627 49
0 0.429556 0.142246 0.0109182 0.0452579 50
0 0.438947 0.271936 0.0163923 0.0897552 51
