0 0.24745 0.798669 0.0330418 0.117877 1
0 0.519823 0.546062 0.036486 0.129541 2
0 0.41461 0.478051 0.028492 0.101274 3
0 0.359243 0.34155 0.0162011 0.0770776 4
0 0.459059 0.559955 0.0293581 0.116494 5
0 0.284069 0.557237 0.0280594 0.123613 6
0 0.622692 0.50659 0.0297434 0.10968 7
0 0.23992 0.526835 0.0237851 0.120592 8
0 0.552557 0.47878 0.0301601 0.0980735 9
0 0.478731 0.622464 0.0268831 0.134008 10
0 0.214267 0.524099 0.0243724 0.11153 11
0 0.13524 0.347973 0.0204227 0.0828662 12
0 0.449891 0.475787 0.025527 0.0945072 13
0 0.201402 0.845275 0.0348581 0.165857 14
0 0.0462329 0.161125 0.011056 0.0415407 15
0 0.21502 0.196202 0.0139189 0.0523835 16
0 0.106597 0.31068 0.0205016 0.0711142 17
0 0.161604 0.15309 0.0115287 0.055684 18
0 0.313862 0.181169 0.0115123 0.0513298 19
0 0.560871 0.370131 0.0212217 0.0684659 20
0 0.0211582 0.500286 0.0282782 0.0819095 21
0 0.0262096 0.181225 0.0127363 0.0510818 22
0 0.536792 0.370926 0.0192816 0.0638883 23
0 0.178674 0.441906 0.0223778 0.0569116 24
0 0.0719175 0.0968107 0.0101282 0.0328173 25
0 0.340254 0.148639 0.0107845 0.0485454 26
0 0.37439 0.258218 0.0137302 0.0499064 27
0 0.0846282 0.506783 0.0417925 0.073111 28
0 0.109216 0.215994 0.014252 0.0370305 29
0 0.336034 0.139631 0.0100392 0.0483957 30
0 0.472615 0.255482 0.0176694 0.0563048 31
0 0.704623 0.420474 0.0266584 0.0521813 32
0 0.172324 0.533556 0.0279225 0.0729807 33
0 0.471053 0.60301 0.0387641 0.0988411 34
0 0.429263 0.336836 0.0190389 0.0478139 35
1 0.413283 0.332005 0.0231335 0.058635 36
0 0.353533 0.0345322 0.00953184 0.0407835 37
0 0.392293 0.0962031 0.0100915 0.041437 38
0 0.0844781 0.0684012 0.00939686 0.03543 39
1 0.293801 0.407474 0.0252239 0.0731237 40
0 0.137467 0.423146 0.0218797 0.0721376 41
0 0.330318 0.436169 0.0188315 0.049245 42
1 0.0833769 0.505434 0.0439238 0.0706339 43
0 0.411973 0.332463 0.019499 0.0551988 44
0 0.542904 0.372215 0.0179982 0.0676368 45
1 0.18439 0.602031 0.0543854 0.100922 46
0 0.11502 0.362284 0.0171306 0.0709586 47
0 0.366671 0.121111 0.00935673 0.0388495 48
