0 0.686462 0.673359 0.0298782 0.129808 1
0 0.288879 0.601447 0.037216 0.13099 2
0 0.327711 0.364319 0.0164282 0.08176 3
0 0.568796 0.566974 0.0257429 0.110829 4
0 0.63174 0.488562 0.0257364 0.106434 5
0 0.184161 0.669844 0.0642488 0.112734 6
0 0.31953 0.940589 0.0340984 0.113949 7
0 0.210875 0.76898 0.0462655 0.118755 8
0 0.734948 0.512575 0.0252418 0.11302 9
0 0.50472 0.478419 0.0265349 0.104854 10
0 0.0790452 0.391883 0.0242462 0.0853544 11
0 0.476323 0.557258 0.0275314 0.111877 12
0 0.0608133 0.228295 0.0184207 0.0565615 13
0 0.0673815 0.174736 0.0142008 0.0507273 14
0 0.529344 0.376124 0.020344 0.0690758 15
0 0.0394391 0.342334 0.0222617 0.0751153 16
0 0.235159 0.570705 0.0276338 0.127289 17
0 0.209606 0.191102 0.0143445 0.0689205 18
0 0.151683 0.584872 0.0448344 0.0804733 19
0 0.475359 0.469315 0.0209261 0.0945553 20
0 0.206124 0.566092 0.0261097 0.113539 21
0 0.640999 0.312722 0.0144358 0.0624152 22
0 0.417328 0.269748 0.014496 0.0669508 23
0 0.141049 0.487229 0.0268864 0.061905 24
0 0.0508479 0.41026 0.0248183 0.0703756 25
0 0.506727 0.37895 0.0198733 0.0639882 26
0 0.0623104 0.570537 0.0292736 0.0702042 27
0 0.203661 0.384131 0.0205763 0.0667939 28
0 0.772722 0.289191 0.0128834 0.0455665 29
0 0.0934718 0.481485 0.0249612 0.0834396 30
0 0.472693 0.643666 0.0310733 0.127503 31
0 0.30678 0.463879 0.0202856 0.0522488 32
0 0.011516 0.57451 0.0226684 0.0562629 33
0 0.293357 0.142778 0.010231 0.0382976 34
0 0.259244 0.163261 0.0125786 0.0442187 35
0 0.227323 0.160581 0.0114584 0.0458924 36
1 0.375298 0.340323 0.0243722 0.0725688 37
0 0.101015 0.460707 0.0359013 0.0999881 38
0 0.246134 0.427679 0.0352551 0.0553469 39
0 0.277839 0.856913 0.0312344 0.0972683 40
0 0.23786 0.541382 0.0240253 0.0728738 41
0 0.534668 0.256399 0.0121536 0.0491017 42
1 0.188235 0.666347 0.0565055 0.112833 43
0 0.270435 0.163639 0.0112144 0.0452383 44
1 0.00842113 0.24331 0.0168423 0.0367137 45
