0 0.505822 0.635993 0.0319679 0.136624 1
0 0.338971 0.48704 0.0248588 0.110149 2
0 0.517928 0.445141 0.0243439 0.111782 3
0 0.269653 0.522608 0.0254674 0.121522 4
0 0.380331 0.32589 0.0167463 0.0796149 5
0 0.232171 0.490793 0.0266559 0.116604 6
0 0.576011 0.363374 0.0220623 0.0716177 7
0 0.128081 0.776117 0.0492 0.13567 8
0 0.025818 0.214035 0.0161738 0.0514757 9
0 0.440461 0.486262 0.0235061 0.101046 10
0 0.307595 0.182749 0.0113148 0.0503792 11
0 0.0464692 0.452735 0.0275423 0.080471 12
0 0.210193 0.473948 0.0287203 0.140585 13
0 0.239393 0.142333 0.0113323 0.0481695 14
0 0.431813 0.45235 0.0229386 0.110005 15
0 0.17382 0.324533 0.021429 0.0709331 16
0 0.0680081 0.176757 0.0148713 0.0650661 17
0 0.466354 0.484515 0.0279837 0.101689 18
0 0.461662 0.537209 0.0306197 0.132396 19
0 0.0865448 0.0954879 0.0106731 0.0325278 20
0 0.153055 0.320322 0.0229731 0.0872338 21
0 0.0307992 0.079151 0.0103064 0.038695 22
0 0.438817 0.320642 0.025366 0.0641951 23
0 0.551874 0.366466 0.020117 0.0633453 24
0 0.40534 0.142997 0.0103449 0.0460716 25
1 0.438117 0.320203 0.024218 0.060888 26
0 0.103926 0.459234 0.0348652 0.0760395 27
0 0.258345 0.0874289 0.00790405 0.030877 28
0 0.231264 0.0593903 0.0091689 0.0424892 29
0 0.154761 0.0840668 0.00887791 0.0306836 30
0 0.319828 0.141516 0.0101652 0.0438381 31
0 0.208438 0.061776 0.00773085 0.0358722 32
0 0.134981 0.144037 0.0109507 0.049121 33
0 0.398367 0.138102 0.00971967 0.0491427 34
0 0.138991 0.754308 0.0412243 0.162339 35
1 0.164426 0.629115 0.0385459 0.105946 36
0 0.509182 0.247094 0.0119673 0.0513642 37
0 0.418424 0.143331 0.0114782 0.0522656 38
0 0.11048 0.160006 0.0129232 0.0472925 39
0 0.414281 0.141576 0.0103251 0.0515491 40
0 0.711765 0.424224 0.0272854 0.0555539 41
0 0.303604 0.0996559 0.00943098 0.0413558 42
0 0.240508 0.117624 0.0110272 0.0360927 43
0 0.244844 0.0430543 0.00842176 0.0454399 44
