0 0.481139 0.619689 0.0282887 0.129048 1
0 0.473949 0.485364 0.0239572 0.0992935 2
0 0.276393 0.544323 0.0297327 0.121559 3
0 0.52938 0.459552 0.0273697 0.107324 4
0 0.449878 0.553623 0.0262066 0.117535 5
0 0.0213823 0.18841 0.0195426 0.0730459 6
0 0.213355 0.509624 0.025511 0.1105 7
0 0.207204 0.762172 0.0368855 0.115217 8
0 0.366385 0.333863 0.0161023 0.078702 9
0 0.151111 0.336178 0.0204122 0.0848712 10
0 0.175257 0.819017 0.0354918 0.151795 11
0 0.234715 0.510345 0.0259201 0.114747 12
0 0.0826845 0.152884 0.0119729 0.0414337 13
0 0.0292728 0.479451 0.0253003 0.082449 14
0 0.127718 0.298542 0.0167457 0.0707794 15
0 0.060128 0.172044 0.0155428 0.0564772 16
0 0.255386 0.193723 0.0133964 0.0493908 17
0 0.190558 0.151062 0.0126837 0.0575504 18
0 0.566532 0.366429 0.0208702 0.0689531 19
0 0.0979732 0.493053 0.0304429 0.0609007 20
0 0.542673 0.378938 0.0197943 0.0814068 21
0 0.352713 0.464655 0.021271 0.102497 22
0 0.368129 0.155813 0.0102145 0.0447754 23
0 0.130039 0.354134 0.0194082 0.0632106 24
0 0.489566 0.247983 0.014171 0.0516609 25
0 0.435846 0.473021 0.0259848 0.110736 26
0 0.450801 0.490672 0.022944 0.0937282 27
0 0.13719 0.208423 0.0149919 0.0382881 28
0 0.122499 0.0628399 0.00989914 0.0367829 29
1 0.425277 0.32504 0.0225227 0.060046 30
0 0.147436 0.417561 0.0215166 0.080308 31
0 0.417464 0.0968336 0.00919247 0.037593 32
0 0.322656 0.151032 0.010973 0.0410533 33
0 0.170728 0.51901 0.0333904 0.0763326 34
0 0.153271 0.0695565 0.00935383 0.0319606 35
1 0.440251 0.334525 0.017773 0.0490889 36
0 0.1821 0.0439911 0.00958705 0.0450503 37
0 0.185268 0.597506 0.0418604 0.0976788 38
