0 0.574973 0.56957 0.0308539 0.108714 1
0 0.726685 0.669354 0.0303885 0.131614 2
0 0.322175 0.363831 0.0175084 0.0843031 3
0 0.64405 0.49575 0.0220009 0.0865017 4
0 0.533769 0.459194 0.0343452 0.0959061 5
0 0.308058 0.609606 0.0324538 0.124474 6
0 0.0674422 0.400742 0.0237395 0.0922762 7
0 0.479274 0.619679 0.0286921 0.127093 8
0 0.161124 0.598966 0.0420186 0.0825543 9
0 0.00671779 0.251279 0.0134356 0.0569191 10
0 0.468741 0.519636 0.0279568 0.115659 11
0 0.0690596 0.192434 0.015228 0.0445919 12
0 0.196197 0.408519 0.0196626 0.0752713 13
0 0.0270743 0.172038 0.0157105 0.0531865 14
0 0.183432 0.201954 0.0136469 0.0516245 15
0 0.0353276 0.399126 0.026626 0.0984847 16
0 0.745549 0.515893 0.031499 0.0922533 17
0 0.217128 0.569227 0.0254843 0.100497 18
0 0.020351 0.352012 0.0239814 0.0748598 19
0 0.368482 0.972017 0.0315989 0.0526567 20
0 0.402956 0.271103 0.0136507 0.0660134 21
0 0.249523 0.578855 0.0291783 0.13005 22
0 0.0653983 0.586515 0.0318702 0.0690939 23
0 0.197647 0.111921 0.0105006 0.0514361 24
1 0.249658 0.770717 0.0397325 0.10689 25
0 0.140177 0.496973 0.0265985 0.0621283 26
0 0.505354 0.375878 0.0215059 0.067955 27
0 0.232442 0.165794 0.0121199 0.0446275 28
1 0.320277 0.875504 0.037537 0.0979906 29
0 0.525715 0.372657 0.020306 0.072052 30
0 0.243737 0.24745 0.0148038 0.031303 31
1 0.203303 0.681659 0.0603937 0.113341 32
0 0.267637 0.143846 0.0115464 0.0473946 33
0 0.118573 0.153681 0.0131561 0.046883 34
0 0.371281 0.350148 0.0346983 0.0830049 35
0 0.758549 0.281572 0.0138263 0.0399538 36
2 0.321102 0.910257 0.0388644 0.166382 37
0 0.243149 0.163459 0.0122673 0.04718 38
0 0.200265 0.681531 0.0652863 0.113237 39
0 0.0918039 0.45715 0.0233571 0.068553 40
