0 0.270508 0.525411 0.0254307 0.124696 1
0 0.518343 0.446688 0.0243641 0.119109 2
0 0.340661 0.481549 0.0269651 0.105051 3
0 0.495808 0.631794 0.0372247 0.133285 4
0 0.234077 0.494342 0.0247234 0.111534 5
0 0.377526 0.327654 0.0176908 0.0786769 6
0 0.210476 0.49284 0.0257013 0.108631 7
0 0.168037 0.327235 0.0210354 0.0828564 8
0 0.298565 0.186111 0.0115593 0.0484896 9
0 0.573771 0.365417 0.0227557 0.0709917 10
0 0.0162166 0.21496 0.0141489 0.0397281 11
0 0.432788 0.455052 0.0254574 0.103111 12
0 0.0608198 0.183322 0.0127509 0.0541983 13
0 0.474609 0.484268 0.0174159 0.105272 14
0 0.125331 0.144529 0.0123226 0.042664 15
0 0.449598 0.544338 0.02803 0.121406 16
0 0.228626 0.145178 0.0111689 0.0466636 17
0 0.393465 0.141404 0.0107191 0.0511514 18
0 0.0424862 0.458415 0.0266226 0.0795167 19
0 0.438788 0.490536 0.0280233 0.122247 20
0 0.0603363 0.161702 0.0118085 0.0494741 21
0 0.312891 0.399511 0.0247469 0.0917265 22
0 0.146461 0.0852073 0.00887489 0.0309305 23
0 0.549351 0.365484 0.0190352 0.0593123 24
0 0.144632 0.324615 0.0198559 0.0772664 25
0 0.00726621 0.218685 0.0145152 0.0390372 26
0 0.434441 0.327079 0.0199158 0.0562426 27
1 0.177988 0.559386 0.0417024 0.0929528 28
0 0.407627 0.138703 0.0101119 0.0529146 29
0 0.310549 0.142252 0.0097332 0.0427081 30
0 0.232783 0.0442267 0.00872192 0.0464982 31
0 0.170699 0.0608381 0.0092892 0.0334265 32
0 0.101023 0.164738 0.0113463 0.0457928 33
1 0.168969 0.203505 0.0148615 0.0318185 34
0 0.196053 0.0607133 0.00734114 0.0380906 35
0 0.136857 0.780431 0.053158 0.141495 36
0 0.449243 0.325591 0.0175619 0.0534078 37
0 0.0057556 0.144701 0.0115112 0.0432565 38
0 0.15162 0.287836 0.014574 0.0627578 39
0 0.173253 0.501721 0.029333 0.0817469 40
1 0.170903 0.503566 0.0384094 0.0829926 41
0 0.353361 0.149328 0.0106177 0.0414726 42
1 0.0976729 0.460013 0.0319512 0.0705839 43
0 0.407992 0.124426 0.00931758 0.0416218 44
0 0.159572 0.39199 0.0206809 0.0832277 45
