0 0.321116 0.611468 0.0363642 0.126274 1
0 0.732557 0.665864 0.034729 0.133051 2
0 0.479955 0.611932 0.0292004 0.137133 3
0 0.321908 0.365677 0.0167076 0.0834179 4
0 0.645785 0.488601 0.0229462 0.0978324 5
0 0.467571 0.511014 0.025848 0.111361 6
0 0.544801 0.451413 0.0257962 0.106598 7
0 0.0664219 0.402127 0.0226055 0.0895843 8
0 0.569412 0.571043 0.0287003 0.117754 9
0 0.222585 0.569928 0.0232933 0.0972876 10
0 0.0306461 0.401399 0.0323954 0.10491 11
0 0.253138 0.583335 0.0354505 0.126963 12
0 0.163944 0.602323 0.042229 0.0777639 13
0 0.0168137 0.179867 0.0119379 0.0422265 14
0 0.526608 0.370408 0.018014 0.0731614 15
0 0.19999 0.415455 0.0170709 0.0827528 16
0 0.284596 0.793725 0.0363597 0.0921924 17
0 0.141082 0.498278 0.0281509 0.0639852 18
0 0.749617 0.511277 0.0267712 0.0976013 19
0 0.504774 0.374162 0.0188896 0.0694426 20
0 0.393226 0.972605 0.0327512 0.0522859 21
0 0.240141 0.248059 0.0144942 0.0327098 22
0 0.017607 0.364056 0.0292721 0.0907264 23
0 0.630346 0.306632 0.0118701 0.0505841 24
0 0.067148 0.588837 0.0325037 0.069811 25
0 0.312611 0.468385 0.0202787 0.0533463 26
1 0.252129 0.774754 0.046694 0.106325 27
0 0.195513 0.165892 0.0102883 0.0481229 28
1 0.203402 0.681121 0.0488972 0.104567 29
0 0.229098 0.164567 0.0117808 0.0458261 30
0 0.674247 0.406697 0.0248314 0.0530089 31
0 0.0417614 0.195124 0.0131979 0.0428315 32
0 0.400283 0.269983 0.0142405 0.0680016 33
0 0.171011 0.175068 0.0134925 0.044911 34
0 0.0936017 0.465457 0.028569 0.0826568 35
0 0.755348 0.276108 0.0138474 0.0384212 36
0 0.25243 0.778101 0.0495867 0.114991 37
0 0.361721 0.338876 0.0200141 0.068725 38
0 0.400179 0.253367 0.0131001 0.036805 39
0 0.0686611 0.436762 0.0245475 0.123119 40
0 0.0700599 0.47179 0.0221836 0.0737779 41
0 0.287285 0.477284 0.0260682 0.0551839 42
0 0.18161 0.207218 0.011561 0.0438768 43
0 0.0943935 0.515237 0.0275135 0.0635622 44
1 0.235389 0.43552 0.0320991 0.0525828 45
0 0.377968 0.376222 0.0189606 0.0631926 46
0 0.235418 0.435503 0.0299304 0.0529634 47
