0 0.0816124 0.559682 0.025033 0.0981482 1
0 0.213238 0.705195 0.0432088 0.150661 2
0 0.365801 0.700261 0.0399558 0.153698 3
0 0.193112 0.425768 0.0262311 0.101401 4
0 0.490757 0.517429 0.0294334 0.112419 5
0 0.0197477 0.649304 0.0394953 0.0785979 6
0 0.412775 0.923413 0.0626007 0.135061 7
0 0.0217975 0.436181 0.020295 0.077131 8
0 0.539576 0.511023 0.025839 0.111158 9
0 0.364612 0.923979 0.0602459 0.137229 10
0 0.255948 0.705587 0.0597585 0.180507 11
0 0.429936 0.530769 0.0338753 0.147144 12
0 0.697934 0.941162 0.0368051 0.115599 13
0 0.238013 0.827277 0.0558897 0.167266 14
0 0.138801 0.765838 0.0609155 0.113292 15
0 0.203663 0.305484 0.0163649 0.0699674 16
0 0.519225 0.459395 0.0209866 0.099318 17
0 0.580162 0.43286 0.027297 0.0941449 18
0 0.549545 0.96244 0.0444114 0.0724623 19
0 0.403737 0.383088 0.0204057 0.0722129 20
0 0.514423 0.54204 0.0256304 0.13844 21
0 0.585354 0.240944 0.0108187 0.0374021 22
0 0.567998 0.511571 0.0388643 0.113565 23
0 0.280671 0.340504 0.0152468 0.0464844 24
0 0.11748 0.533237 0.0318266 0.0733793 25
0 0.487028 0.341605 0.0140158 0.0611082 26
0 0.385458 0.391352 0.0210049 0.0645605 27
0 0.465908 0.296301 0.0104849 0.0413353 28
0 0.224476 0.544131 0.0257838 0.0664657 29
0 0.555286 0.388991 0.0142871 0.050127 30
1 0.227363 0.395299 0.0279411 0.0698537 31
0 0.218657 0.400197 0.020945 0.0725411 32
0 0.267793 0.291063 0.014562 0.0529474 33
