0 0.312689 0.61256 0.0362966 0.144538 1
0 0.526007 0.50253 0.0315267 0.117984 2
0 0.650579 0.574978 0.0284895 0.129305 3
0 0.432376 0.918521 0.0517113 0.162957 4
0 0.249548 0.597505 0.0329164 0.129474 5
0 0.292011 0.818205 0.0562272 0.13234 6
0 0.135719 0.479426 0.0326736 0.0966122 7
0 0.205458 0.937985 0.0600851 0.117495 8
0 0.385157 0.504188 0.0405582 0.121692 9
0 0.248846 0.368819 0.0221433 0.0980638 10
0 0.0329303 0.175253 0.0137046 0.0595227 11
0 0.0532188 0.275442 0.0228546 0.0529537 12
0 0.495336 0.488452 0.0243823 0.12204 13
0 0.52916 0.285798 0.0154188 0.0634214 14
0 0.485133 0.430681 0.0266852 0.101775 15
0 0.425435 0.484863 0.0230454 0.109577 16
0 0.135747 0.650347 0.0482088 0.092796 17
0 0.205922 0.610763 0.0351142 0.13492 18
0 0.254287 0.687433 0.0375244 0.151832 19
0 0.455148 0.923214 0.0542497 0.153573 20
0 0.597823 0.373732 0.0213183 0.0529034 21
0 0.00774876 0.182151 0.0133789 0.0596548 22
0 0.318038 0.821718 0.094645 0.131078 23
0 0.288414 0.375451 0.02336 0.0930691 24
0 0.191657 0.203969 0.0127579 0.0628253 25
0 0.398207 0.27303 0.0119535 0.0585264 26
0 0.454164 0.351319 0.0219985 0.073341 27
0 0.174226 0.458655 0.0324499 0.0668802 28
