0 0.492171 0.626277 0.030611 0.131615 1
0 0.271351 0.530364 0.0262698 0.123474 2
0 0.234308 0.495724 0.0244265 0.111547 3
0 0.518429 0.446687 0.0222365 0.116277 4
0 0.210253 0.497007 0.0252512 0.106117 5
0 0.142162 0.790016 0.0495941 0.138927 6
0 0.341697 0.476308 0.0229841 0.1037 7
0 0.573415 0.364776 0.0215506 0.0680683 8
0 0.117411 0.147632 0.0111448 0.0427746 9
0 0.0406055 0.463033 0.0272276 0.0827304 10
0 0.474832 0.482519 0.0197226 0.10588 11
0 0.291357 0.18623 0.0129061 0.0498689 12
0 0.375787 0.329042 0.0157659 0.0786452 13
0 0.0541153 0.179063 0.014259 0.0633065 14
0 0.00799238 0.21041 0.0154295 0.0458251 15
0 0.221282 0.144056 0.0118194 0.0492064 16
0 0.16539 0.331127 0.0214791 0.0818158 17
0 0.43293 0.455664 0.0239943 0.100598 18
0 0.441885 0.511624 0.033662 0.16608 19
0 0.308735 0.399974 0.0318132 0.0951547 20
0 0.548224 0.367925 0.0177736 0.0594434 21
0 0.505295 0.244418 0.0127737 0.0496373 22
0 0.0667608 0.093905 0.0100364 0.02891 23
0 0.14441 0.323326 0.0226979 0.0863867 24
0 0.391026 0.14227 0.0100561 0.0526962 25
0 0.30479 0.145569 0.011378 0.0397347 26
0 0.289148 0.352483 0.0190779 0.0781188 27
0 0.164047 0.20387 0.0152092 0.0355922 28
0 0.37792 0.13302 0.00835074 0.0429128 29
1 0.172963 0.527597 0.0427475 0.125002 30
0 0.141086 0.0854782 0.00931917 0.0308556 31
0 0.0924501 0.164618 0.0133305 0.0495387 32
0 0.430371 0.326651 0.0200661 0.0550915 33
0 0.180387 0.0592098 0.00922598 0.0400143 34
0 0.345701 0.150901 0.0135021 0.0419531 35
0 0.386093 0.142377 0.0110034 0.0515601 36
0 0.443429 0.0937286 0.00937212 0.0376045 37
0 0.0974836 0.469792 0.0350906 0.0741849 38
0 0.44717 0.327365 0.0172607 0.0527187 39
0 0.417608 0.26202 0.0125362 0.0515683 40
