0 0.351977 0.575599 0.0293952 0.123377 1
0 0.480017 0.479255 0.0255169 0.104722 2
0 0.428156 0.304191 0.0161793 0.0772288 3
0 0.438098 0.494438 0.0229141 0.106676 4
0 0.556176 0.445673 0.0234869 0.104734 5
0 0.107454 0.647508 0.0305009 0.136946 6
0 0.265937 0.471716 0.0258494 0.116449 7
0 0.0313731 0.280118 0.0210244 0.0742736 8
0 0.126564 0.264349 0.0157755 0.0695563 9
0 0.195365 0.137973 0.0116454 0.0471473 10
0 0.0866081 0.659873 0.0350248 0.127463 11
0 0.616316 0.436829 0.0213583 0.0970861 12
0 0.527544 0.588183 0.0303057 0.123011 13
0 0.405268 0.170697 0.011929 0.0501369 14
0 0.411217 0.469501 0.0229235 0.0998065 15
0 0.531732 0.665581 0.0343457 0.145778 16
0 0.317358 0.276242 0.0169755 0.0643949 17
0 0.587031 0.360322 0.0209108 0.0682312 18
0 0.241285 0.249838 0.0143108 0.0613196 19
0 0.103377 0.391013 0.0221054 0.0725084 20
0 0.136642 0.190425 0.0124117 0.0508542 21
0 0.15029 0.181716 0.0132985 0.0441221 22
0 0.176208 0.156292 0.011481 0.0423299 23
0 0.0451444 0.147424 0.0118771 0.051658 24
0 0.606987 0.361854 0.0157282 0.0704732 25
0 0.0760237 0.299365 0.0184501 0.0676817 26
0 0.0979111 0.099069 0.00970384 0.0303028 27
0 0.615125 0.362403 0.0190942 0.0807397 28
0 0.579137 0.24546 0.0152147 0.0658409 29
0 0.0281494 0.170109 0.0119503 0.0430031 30
0 0.0208031 0.167044 0.0138561 0.038098 31
0 0.0753505 0.246104 0.0167415 0.0563098 32
0 0.504539 0.138309 0.0100576 0.0389643 33
0 0.234898 0.134957 0.00948811 0.0366165 34
0 0.361647 0.117078 0.0111952 0.0518693 35
0 0.241781 0.074804 0.00961844 0.0278976 36
0 0.00754296 0.436981 0.0150859 0.0696661 37
0 0.230383 0.288836 0.0202435 0.0757589 38
0 0.224271 0.277595 0.01861 0.0641323 39
0 0.431333 0.133256 0.0118317 0.0434985 40
0 0.339492 0.046504 0.00957064 0.0383095 41
1 0.349652 0.358236 0.0260779 0.0774499 42
0 0.238205 0.35678 0.0225613 0.0779585 43
0 0.349122 0.36278 0.026746 0.0835403 44
0 0.150068 0.405971 0.02892 0.0619461 45
0 0.323657 0.0463115 0.0102299 0.0373656 46
0 0.203865 0.444762 0.0235985 0.0711156 47
0 0.243485 0.380449 0.0184339 0.0659721 48
0 0.388575 0.0261031 0.0104013 0.0291706 49
1 0.496232 0.315316 0.0260344 0.0423194 50
0 0.260588 0.124839 0.00928259 0.0415172 51
0 0.231071 0.432948 0.0238505 0.100944 52
