0 0.681234 0.667483 0.0328439 0.137643 1
0 0.288792 0.595294 0.0342257 0.133586 2
0 0.626667 0.484727 0.0215868 0.105457 3
0 0.330709 0.363878 0.018532 0.0833913 4
0 0.728026 0.515211 0.0289338 0.110867 5
0 0.315522 0.931749 0.0313869 0.125659 6
0 0.0822022 0.393733 0.026321 0.0960914 7
0 0.56596 0.565891 0.023698 0.106036 8
0 0.497755 0.480114 0.0244416 0.1106 9
0 0.23453 0.569797 0.0279273 0.127778 10
0 0.471129 0.477394 0.0226174 0.102901 11
0 0.043919 0.342253 0.0222893 0.0795119 12
0 0.156622 0.582312 0.031079 0.0805025 13
0 0.530448 0.376793 0.0191721 0.0672093 14
0 0.217107 0.198406 0.0130085 0.0476229 15
0 0.20805 0.564308 0.0283046 0.114243 16
0 0.477298 0.566513 0.0269137 0.120634 17
0 0.183981 0.667167 0.0633589 0.116455 18
1 0.217529 0.761483 0.0513531 0.107822 19
0 0.0717709 0.232098 0.0180955 0.0571938 20
0 0.509004 0.380249 0.0193246 0.0635458 21
0 0.0653536 0.5685 0.0289051 0.0663256 22
0 0.0533315 0.409276 0.0247619 0.0725089 23
0 0.270703 0.910903 0.0368113 0.171058 24
0 0.205297 0.382472 0.0179449 0.0701345 25
1 0.187218 0.665299 0.0546854 0.115448 26
0 0.02227 0.0653612 0.014902 0.0531196 27
0 0.168126 0.149902 0.0140782 0.0505144 28
0 0.0935538 0.477975 0.0352662 0.0985 29
0 0.0729506 0.177355 0.0136323 0.061016 30
1 0.376783 0.339369 0.0230696 0.0736749 31
0 0.677499 0.419628 0.0240278 0.0541665 32
1 0.246754 0.425331 0.033067 0.0539748 33
0 0.267645 0.162778 0.0113863 0.0447139 34
0 0.235372 0.160667 0.0101176 0.0451494 35
0 0.471601 0.647563 0.0358223 0.138833 36
0 0.644993 0.312191 0.0139701 0.0577561 37
0 0.422733 0.267454 0.0131132 0.0651152 38
0 0.207578 0.166462 0.0128678 0.0483415 39
0 0.219645 0.569773 0.051975 0.12709 40
1 0.0163234 0.240731 0.0186493 0.0392048 41
0 0.777148 0.290225 0.0127801 0.0505447 42
0 0.381626 0.343693 0.0278917 0.0648709 43
0 0.347518 0.191054 0.0105243 0.0465145 44
0 0.273071 0.858983 0.032133 0.102762 45
0 0.144143 0.482801 0.0260195 0.0554537 46
0 0.572078 0.313081 0.013539 0.0687853 47
0 0.00528327 0.038557 0.0105665 0.0472808 48
