0 0.489156 0.50971 0.0279936 0.114496 1
0 0.0232219 0.427062 0.0216061 0.0763562 2
0 0.200856 0.425392 0.0245944 0.100254 3
0 0.0947801 0.562191 0.0301846 0.093578 4
0 0.52196 0.535288 0.0289456 0.108315 5
0 0.43145 0.503261 0.0332301 0.140688 6
0 0.277176 0.691555 0.0397533 0.145506 7
0 0.251936 0.835464 0.0518308 0.151909 8
0 0.619483 0.432736 0.0280917 0.0985866 9
0 0.372384 0.704257 0.0456228 0.157656 10
0 0.378791 0.930975 0.0459813 0.129573 11
0 0.547217 0.529204 0.0255778 0.109754 12
0 0.224179 0.712233 0.0446249 0.145848 13
0 0.0250831 0.655381 0.0466873 0.0789753 14
0 0.429954 0.923278 0.0612466 0.118204 15
0 0.153265 0.763622 0.0508852 0.101178 16
0 0.59454 0.535601 0.0359394 0.0911099 17
0 0.569407 0.452744 0.0241921 0.103469 18
0 0.287088 0.343664 0.0159961 0.0552805 19
0 0.589097 0.244394 0.0114637 0.0417318 20
0 0.263364 0.279669 0.0162492 0.0661566 21
0 0.560818 0.394646 0.0187065 0.0514626 22
0 0.128639 0.532639 0.0291455 0.0688637 23
0 0.408886 0.391506 0.0195758 0.0700219 24
0 0.569556 0.967589 0.0441443 0.0648224 25
0 0.205015 0.309036 0.0150052 0.0705552 26
0 0.0839523 0.201589 0.00949381 0.0378113 27
0 0.233159 0.54584 0.0252029 0.0700458 28
0 0.239261 0.401264 0.0192242 0.055092 29
0 0.390488 0.396602 0.0194147 0.066217 30
