0 0.331948 0.621566 0.0416777 0.139528 1
0 0.547905 0.511843 0.030196 0.107744 2
0 0.607401 0.516561 0.0333161 0.112726 3
0 0.408489 0.921846 0.0457254 0.155841 4
0 0.664183 0.574004 0.028713 0.125208 5
0 0.174023 0.782107 0.0511906 0.174832 6
0 0.258736 0.591156 0.0361522 0.130801 7
0 0.471076 0.478888 0.0241297 0.106923 8
0 0.293024 0.807125 0.0507986 0.134452 9
0 0.433155 0.498162 0.0236337 0.111536 10
0 0.106204 0.169091 0.0126786 0.0562625 11
0 0.174522 0.463308 0.0263843 0.0831498 12
2 0.0305971 0.629576 0.0611034 0.0786289 13
0 0.160247 0.629596 0.0468737 0.0872265 14
0 0.22366 0.590684 0.0308277 0.118199 15
0 0.116976 0.256741 0.0148767 0.0570755 16
0 0.506308 0.440224 0.0282661 0.104501 17
0 0.329816 0.364506 0.0227449 0.0912314 18
0 0.52193 0.456778 0.0240106 0.126431 19
0 0.295035 0.363356 0.020848 0.0909385 20
0 0.0826304 0.170901 0.0123825 0.0562204 21
1 0.0342517 0.496088 0.0346055 0.0875825 22
0 0.468525 0.364314 0.0215959 0.0659855 23
1 0.211035 0.448656 0.0248419 0.0618473 24
0 0.335228 0.267158 0.0129849 0.0684872 25
0 0.0556048 0.181175 0.0159872 0.0510074 26
0 0.103572 0.52211 0.0308996 0.0661682 27
0 0.324296 0.807527 0.0767922 0.121236 28
0 0.573045 0.291155 0.0159381 0.0596492 29
0 0.352071 0.249481 0.0120682 0.0453853 30
0 0.0776946 0.113389 0.0126996 0.0581161 31
2 0.231067 0.697792 0.0576108 0.137132 32
0 0.536327 0.329256 0.0165207 0.0473643 33
0 0.0353732 0.494124 0.0306436 0.0811243 34
