0 0.225515 0.774791 0.0281201 0.120349 1
0 0.281216 0.548352 0.0285553 0.124152 2
0 0.572317 0.466836 0.0218309 0.0996782 3
0 0.213712 0.515558 0.0267881 0.112666 4
0 0.0253749 0.489002 0.0261853 0.0815862 5
0 0.535733 0.470149 0.0300672 0.0994749 6
0 0.384084 0.466051 0.0310254 0.0994966 7
0 0.364829 0.336401 0.015354 0.0760254 8
0 0.564653 0.369067 0.0200575 0.0712763 9
0 0.43431 0.466357 0.0240654 0.0867088 10
0 0.0678572 0.152172 0.010396 0.0419571 11
0 0.452916 0.553164 0.0262108 0.130037 12
0 0.239617 0.194457 0.0136872 0.0542535 13
0 0.144193 0.343653 0.0213271 0.0796349 14
0 0.00659708 0.196187 0.0131618 0.054035 15
0 0.466851 0.540345 0.0259689 0.135685 16
0 0.179321 0.159994 0.0128102 0.0516679 17
0 0.342032 0.18247 0.0096733 0.0344895 18
0 0.23946 0.512962 0.0212295 0.110589 19
0 0.480099 0.503609 0.0210382 0.096506 20
0 0.0441481 0.170071 0.0135048 0.0464436 21
0 0.541546 0.372005 0.0190238 0.0629428 22
0 0.118406 0.303879 0.0185156 0.0723776 23
0 0.168605 0.522937 0.0319078 0.0759616 24
1 0.416885 0.329931 0.0190052 0.0593558 25
0 0.120158 0.344478 0.0221628 0.0801146 26
0 0.484386 0.238368 0.0117818 0.0486849 27
0 0.386979 0.256348 0.0120935 0.0471665 28
0 0.189074 0.824952 0.0356482 0.163449 29
0 0.105284 0.0619096 0.0105603 0.0399596 30
0 0.41635 0.331312 0.0180769 0.0597419 31
0 0.00441221 0.239263 0.00882441 0.0522301 32
0 0.121787 0.0605118 0.00973359 0.0417848 33
0 0.485256 0.615122 0.0262491 0.142314 34
0 0.357456 0.149843 0.00954187 0.0446074 35
1 0.179733 0.435098 0.0294716 0.05308 36
0 0.095142 0.0926141 0.00840538 0.0271453 37
0 0.182476 0.587965 0.0504177 0.100424 38
1 0.433571 0.331063 0.0168756 0.0566406 39
0 0.125296 0.212803 0.015779 0.0346858 40
1 0.0869121 0.493126 0.0367844 0.0692666 41
0 0.435787 0.334196 0.0154815 0.0530609 42
