0 0.651854 0.571922 0.0294437 0.121332 1
0 0.202689 0.891695 0.0435897 0.184126 2
0 0.144082 0.638867 0.0527462 0.0891869 3
0 0.31944 0.614491 0.0361687 0.135569 4
0 0.433311 0.917111 0.0649242 0.165779 5
0 0.395108 0.49962 0.0336025 0.116509 6
0 0.291959 0.812745 0.050191 0.132688 7
0 0.548873 0.519431 0.0388045 0.11091 8
0 0.520045 0.506916 0.024551 0.112363 9
0 0.436974 0.487761 0.0350986 0.114635 10
0 0.210507 0.600666 0.0365038 0.125994 11
0 0.264409 0.36666 0.0196842 0.0895627 12
0 0.0746092 0.266846 0.0155194 0.0512159 13
0 0.251048 0.602624 0.0418819 0.143012 14
0 0.0209726 0.635174 0.0418426 0.0911093 15
0 0.492582 0.449129 0.0294683 0.127238 16
0 0.146466 0.4755 0.020063 0.0884473 17
0 0.0614215 0.167581 0.0134958 0.0601115 18
0 0.0372661 0.173437 0.0138986 0.0596457 19
0 0.32446 0.815477 0.0800252 0.124304 20
0 0.611393 0.375725 0.0228054 0.0569322 21
0 0.278928 0.351271 0.0177938 0.0558334 22
0 0.0108758 0.187577 0.0120272 0.0462862 23
0 0.30359 0.371611 0.0218996 0.0950038 24
0 0.544713 0.286175 0.014868 0.0569302 25
1 0.186989 0.451633 0.0251349 0.0601235 26
0 0.0723647 0.534459 0.0345993 0.0690541 27
2 0.43722 0.918054 0.0685766 0.163893 28
0 0.186427 0.451497 0.0252871 0.0575819 29
0 0.0857874 0.14672 0.0122004 0.0581654 30
0 0.0860719 0.166915 0.0105668 0.0583946 31
0 0.444974 0.362678 0.0218721 0.0655226 32
0 0.241565 0.299192 0.0142591 0.0437895 33
0 0.341923 0.806985 0.0466332 0.100869 34
0 0.24255 0.673882 0.0426361 0.138706 35
