0 0.58834 0.603882 0.0288738 0.117256 1
0 0.665505 0.501565 0.0313209 0.106513 2
0 0.541694 0.537848 0.0242222 0.102066 3
0 0.213175 0.543114 0.0273263 0.111034 4
0 0.270024 0.835006 0.0306382 0.121206 5
0 0.354605 0.350216 0.0162455 0.0806391 6
0 0.118119 0.364144 0.0227338 0.0791033 7
0 0.224803 0.877783 0.0354203 0.159998 8
0 0.574 0.480089 0.0251435 0.0945712 9
0 0.239627 0.54485 0.0230816 0.120414 10
0 0.477828 0.499862 0.0275953 0.101584 11
0 0.0218851 0.170679 0.0163242 0.0445209 12
0 0.088028 0.324917 0.0174386 0.0788651 13
0 0.129648 0.160944 0.012309 0.0500985 14
0 0.286685 0.573726 0.029134 0.129725 15
0 0.169867 0.210603 0.0130785 0.0478678 16
0 0.444492 0.505506 0.0253458 0.115948 17
0 0.551303 0.374618 0.0187388 0.065418 18
1 0.21034 0.72763 0.0412147 0.101089 19
0 0.285136 0.100968 0.0115751 0.042315 20
0 0.190242 0.631091 0.0476166 0.104517 21
0 0.399576 0.340465 0.0217 0.0655908 22
0 0.27313 0.186769 0.0140406 0.0655244 23
0 0.010994 0.523039 0.021988 0.0868939 24
0 0.318294 0.159598 0.00984869 0.0401971 25
0 0.460351 0.613589 0.0304396 0.140939 26
0 0.287142 0.160258 0.00923711 0.0414776 27
0 0.162661 0.554504 0.0341225 0.0729153 28
0 0.814145 0.303247 0.0159302 0.0496261 29
1 0.528756 0.377002 0.0200351 0.0632629 30
0 0.416841 0.340702 0.0199144 0.0611586 31
0 0.529139 0.376266 0.0203472 0.0624864 32
0 0.0911696 0.357996 0.0239054 0.101382 33
0 0.0323038 0.103884 0.0131104 0.0358114 34
0 0.163627 0.459088 0.0313272 0.0546878 35
0 0.224132 0.744569 0.0324385 0.0991075 36
0 0.0803934 0.226004 0.0167779 0.0387631 37
0 0.228241 0.350047 0.0210704 0.0557996 38
0 0.124436 0.44257 0.0271294 0.0836448 39
0 0.695941 0.422502 0.0254244 0.0486532 40
0 0.350318 0.262039 0.0123077 0.0471669 41
0 0.060176 0.0666794 0.010608 0.0400942 42
0 0.459347 0.544078 0.0251337 0.081978 43
0 0.0875945 0.0313769 0.0102202 0.0423274 44
1 0.40296 0.335574 0.0248841 0.0736561 45
