0 0.315165 0.899573 0.0569496 0.14479 1
0 0.32395 0.685099 0.0371668 0.14812 2
0 0.471206 0.848666 0.0409514 0.154921 3
0 0.192669 0.808891 0.0530003 0.152062 4
0 0.221193 0.674978 0.0486283 0.147793 5
0 0.56308 0.518787 0.0286196 0.106354 6
0 0.521024 0.533923 0.0259526 0.106531 7
0 0.508978 0.443879 0.0214568 0.0959884 8
0 0.0598056 0.547478 0.0270515 0.0953232 9
0 0.360009 0.901073 0.0651053 0.134294 10
0 0.420409 0.509381 0.0242103 0.107299 11
0 0.104695 0.743434 0.0549738 0.107224 12
0 0.482068 0.95058 0.0463691 0.0887504 13
0 0.179547 0.415267 0.0218356 0.096572 14
0 0.175716 0.686302 0.0419549 0.143956 15
0 0.0362659 0.462121 0.024271 0.093507 16
0 0.0949077 0.518467 0.038293 0.072682 17
0 0.394035 0.493456 0.0228028 0.12001 18
0 0.45329 0.296211 0.0131711 0.0589061 19
0 0.45998 0.523472 0.0310051 0.118074 20
0 0.16693 0.413194 0.0276532 0.0986966 21
0 0.460667 0.454687 0.025927 0.093527 22
0 0.214496 0.361833 0.0235776 0.0880088 23
0 0.190802 0.300134 0.0170268 0.0737339 24
0 0.276964 0.279673 0.0164889 0.0626686 25
0 0.538035 0.382762 0.019479 0.0484362 26
0 0.368249 0.381564 0.0198469 0.0721593 27
0 0.115726 0.249325 0.0123826 0.05074 28
0 0.217899 0.420483 0.0188462 0.113787 29
0 0.57155 0.23742 0.00913071 0.0320358 30
0 0.535151 0.954329 0.0335522 0.0874207 31
0 0.21745 0.39386 0.0217876 0.0650881 32
0 0.38169 0.378457 0.0171536 0.0726844 33
