0 0.594773 0.607899 0.0274277 0.119495 1
0 0.543793 0.543082 0.022484 0.110542 2
0 0.575571 0.480984 0.0281339 0.10339 3
0 0.238987 0.548137 0.0231482 0.12239 4
0 0.211451 0.546482 0.026392 0.116464 5
0 0.478467 0.497945 0.0266445 0.106136 6
0 0.669974 0.499492 0.0297712 0.108797 7
0 0.273809 0.841221 0.0300812 0.121311 8
0 0.352593 0.351513 0.0171013 0.0790258 9
0 0.115936 0.368133 0.0235019 0.0774081 10
0 0.160798 0.209308 0.0155629 0.0543184 11
0 0.0136312 0.171114 0.0146191 0.0437804 12
0 0.227689 0.884352 0.0379803 0.167823 13
0 0.0820947 0.324537 0.0162458 0.0720457 14
0 0.54747 0.37629 0.0211569 0.0675981 15
0 0.527565 0.378167 0.0205942 0.0648993 16
0 0.459073 0.613766 0.0356639 0.150763 17
0 0.123856 0.164722 0.0118518 0.0533162 18
0 0.22661 0.357842 0.0225912 0.0643183 19
0 0.164857 0.460438 0.0241122 0.054482 20
0 0.01041 0.530308 0.0208199 0.0803799 21
0 0.397136 0.342001 0.0206185 0.0628645 22
0 0.268452 0.189688 0.011579 0.0577898 23
0 0.343674 0.260108 0.0121573 0.0469559 24
0 0.285089 0.577371 0.0308045 0.129149 25
0 0.0336178 0.0723693 0.0126003 0.0378233 26
1 0.203866 0.726645 0.0385874 0.0949155 27
0 0.315363 0.160445 0.00965911 0.0373416 28
1 0.190685 0.636452 0.0458419 0.107232 29
0 0.161176 0.556477 0.033057 0.0752818 30
0 0.41548 0.346609 0.0165256 0.0521122 31
0 0.281203 0.154325 0.0093597 0.0422024 32
0 0.0239162 0.102883 0.0117845 0.0357798 33
0 0.0728302 0.229175 0.0160239 0.0370584 34
0 0.321718 0.451582 0.0194158 0.0481524 35
0 0.343506 0.143293 0.00921249 0.0425681 36
0 0.118269 0.458354 0.0315799 0.087439 37
0 0.0662558 0.0812448 0.0102994 0.0359459 38
0 0.456099 0.289588 0.0157512 0.0702893 39
0 0.257805 0.164906 0.0127347 0.0414695 40
0 0.229159 0.749529 0.0268335 0.0961388 41
0 0.0790522 0.0362679 0.00955689 0.0392597 42
0 0.193044 0.641237 0.0422064 0.104801 43
0 0.809386 0.304831 0.0168018 0.0513032 44
