0 0.453534 0.55946 0.0248307 0.118651 1
0 0.282605 0.551334 0.0269171 0.126869 2
0 0.44011 0.477963 0.0274149 0.10968 3
0 0.543614 0.474947 0.0261969 0.0978619 4
0 0.023717 0.494095 0.0267802 0.0852938 5
0 0.228389 0.195384 0.0144698 0.0530895 6
0 0.233715 0.78697 0.0277133 0.124379 7
0 0.214361 0.518582 0.0259105 0.109223 8
0 0.487737 0.530271 0.028668 0.112145 9
0 0.59753 0.484181 0.0237898 0.100165 10
0 0.36358 0.338224 0.0171991 0.0783829 11
0 0.240234 0.520435 0.0220817 0.114373 12
0 0.0579695 0.159287 0.0119673 0.0401458 13
0 0.140164 0.344843 0.0202211 0.0785511 14
0 0.392306 0.441573 0.0224803 0.0766592 15
0 0.3282 0.183939 0.0108609 0.0442862 16
0 0.562441 0.368796 0.0222149 0.0699086 17
0 0.380542 0.259322 0.0117097 0.0502163 18
0 0.116244 0.306622 0.0183477 0.0640324 19
0 0.0951743 0.0656182 0.0119263 0.0401273 20
0 0.0834974 0.0938005 0.00911326 0.030976 21
0 0.170087 0.155027 0.0115703 0.0511161 22
0 0.11849 0.359768 0.0194261 0.0618732 23
0 0.4831 0.621763 0.0297207 0.132353 24
0 0.54024 0.373241 0.0189269 0.0614938 25
0 0.332051 0.434489 0.017336 0.0497365 26
0 0.036271 0.169201 0.0150775 0.0461193 27
0 0.342067 0.140128 0.0100471 0.0505146 28
1 0.421746 0.330391 0.0273403 0.0635059 29
0 0.11797 0.214865 0.0141027 0.0348843 30
0 0.173571 0.529533 0.0277145 0.072615 31
0 0.0881888 0.506777 0.0401091 0.0610231 32
0 0.00418411 0.207481 0.00836823 0.047659 33
0 0.192816 0.833664 0.0369364 0.174098 34
0 0.479653 0.250114 0.0133768 0.0529712 35
1 0.290208 0.396237 0.0232737 0.0553426 36
0 0.141562 0.0376565 0.00854821 0.0369625 37
