0 0.480972 0.620664 0.0313409 0.133009 1
0 0.47204 0.478701 0.0218416 0.0964281 2
0 0.522806 0.459448 0.0237545 0.111269 3
0 0.344683 0.457518 0.0302992 0.11004 4
0 0.234753 0.508278 0.0260204 0.116482 5
0 0.275145 0.541836 0.0299501 0.124783 6
0 0.211612 0.508336 0.0261242 0.108744 7
0 0.169107 0.815686 0.0374399 0.133725 8
0 0.368194 0.332667 0.0158381 0.0774341 9
0 0.0288908 0.194433 0.0170265 0.064434 10
0 0.447793 0.552417 0.0258109 0.117237 11
0 0.0893367 0.14853 0.0122715 0.0452768 12
0 0.031507 0.476864 0.0278667 0.0812418 13
0 0.567112 0.366889 0.0192282 0.0705384 14
0 0.262792 0.196163 0.0126235 0.0511222 15
0 0.194763 0.153294 0.0117099 0.0469076 16
0 0.438254 0.462816 0.0254342 0.0972281 17
0 0.0355169 0.101468 0.0109334 0.0323956 18
0 0.152411 0.33908 0.0209286 0.0850794 19
0 0.492187 0.24503 0.0121399 0.0550416 20
0 0.0658535 0.171707 0.0133736 0.051291 21
0 0.543674 0.369987 0.0183765 0.061637 22
1 0.188335 0.685535 0.0448578 0.103947 23
1 0.426136 0.322841 0.0217358 0.0609493 24
0 0.0951599 0.486605 0.0333717 0.0654495 25
0 0.380008 0.143049 0.0108124 0.0539207 26
0 0.377538 0.150551 0.0105794 0.0516554 27
0 0.130342 0.299521 0.0177627 0.0694205 28
0 0.447089 0.508455 0.0252867 0.140614 29
1 0.279045 0.354699 0.0193061 0.0835531 30
0 0.325958 0.146848 0.011046 0.0416512 31
0 0.19417 0.0431465 0.00880793 0.0412674 32
0 0.0393703 0.098738 0.0123605 0.0326991 33
0 0.130431 0.329565 0.0234325 0.0990389 34
0 0.441803 0.334448 0.0158188 0.0475615 35
0 0.115631 0.095406 0.00920477 0.0303445 36
0 0.157713 0.0660915 0.0084955 0.0360395 37
0 0.147229 0.0580048 0.00891881 0.0410821 38
0 0.131997 0.0618837 0.00983444 0.0373706 39
0 0.259325 0.0940981 0.00846643 0.0276569 40
1 0.179694 0.58955 0.0498584 0.0830614 41
0 0.141706 0.407918 0.0250897 0.0880902 42
0 0.161409 0.0677761 0.00815621 0.0302762 43
0 0.174956 0.516083 0.0274483 0.0806474 44
0 0.273188 0.511204 0.0221596 0.0678609 45
