0 0.659344 0.651126 0.0363523 0.129659 1
0 0.566531 0.558052 0.0283254 0.110209 2
0 0.714684 0.513283 0.024988 0.111673 3
0 0.614484 0.48545 0.0203596 0.102629 4
0 0.462893 0.484242 0.0229742 0.0949868 5
0 0.491505 0.484334 0.0254911 0.0995937 6
0 0.287375 0.592375 0.0348352 0.133242 7
0 0.306506 0.911588 0.0300171 0.141919 8
0 0.476406 0.573446 0.0291844 0.112253 9
0 0.0908018 0.387662 0.0217632 0.0890932 10
0 0.337579 0.362019 0.0174402 0.0807646 11
0 0.258834 0.911994 0.0371121 0.150249 12
0 0.461934 0.652077 0.0305867 0.129109 13
0 0.209692 0.561583 0.0284762 0.119243 14
0 0.535747 0.376674 0.0203961 0.0689257 15
0 0.0321985 0.237806 0.018455 0.0382367 16
0 0.0947637 0.22604 0.0166554 0.0608338 17
0 0.238046 0.56319 0.0247456 0.13202 18
0 0.514036 0.379177 0.020349 0.0665112 19
0 0.0540129 0.335063 0.0189516 0.0715479 20
0 0.156164 0.576776 0.0316068 0.0776137 21
0 0.22912 0.182482 0.0133316 0.0627936 22
0 0.0855386 0.176703 0.0175551 0.0561635 23
0 0.39767 0.341182 0.0235402 0.0727448 24
0 0.192961 0.658158 0.0453744 0.109473 25
0 0.786109 0.295022 0.0155632 0.0469422 26
0 0.379544 0.346987 0.0190051 0.0617949 27
0 0.208684 0.374556 0.0178076 0.0663859 28
0 0.289031 0.466876 0.0217113 0.0556357 29
1 0.213292 0.754702 0.0351689 0.105109 30
0 0.651722 0.313466 0.014746 0.0591872 31
0 0.312864 0.458071 0.0208985 0.0520493 32
0 0.432691 0.270099 0.0167785 0.0602513 33
0 0.150724 0.476129 0.0257163 0.0599569 34
0 0.277227 0.161751 0.0109092 0.045334 35
0 0.239605 0.763161 0.0283226 0.0867957 36
0 0.212984 0.758993 0.0565788 0.111108 37
0 0.104753 0.469845 0.0265513 0.0918413 38
0 0.0240461 0.0351105 0.0151215 0.0539438 39
0 0.112048 0.443331 0.0233146 0.074528 40
0 0.0413376 0.0559096 0.0172552 0.0672347 41
1 0.190113 0.653484 0.0500569 0.109833 42
0 0.0966169 0.461423 0.0295702 0.0726131 43
0 0.0616375 0.381246 0.0269709 0.0907533 44
0 0.259975 0.424006 0.0278407 0.0582455 45
1 0.256003 0.422401 0.0341948 0.0542848 46
0 0.430641 0.255841 0.0134369 0.0424428 47
