0 0.257239 0.850096 0.0517444 0.151693 1
0 0.282628 0.701778 0.0399873 0.145372 2
0 0.438804 0.936003 0.0582742 0.122134 3
0 0.0988677 0.566049 0.0278189 0.0969788 4
0 0.385033 0.715844 0.0420983 0.162587 5
0 0.382349 0.937152 0.0539648 0.125697 6
0 0.615306 0.464484 0.0249206 0.0991032 7
0 0.234196 0.714506 0.0346186 0.143113 8
0 0.508589 0.506546 0.0346433 0.127128 9
0 0.199247 0.436158 0.0243501 0.104614 10
0 0.605808 0.588015 0.0441599 0.133414 11
0 0.149956 0.778924 0.0507377 0.116407 12
0 0.0294439 0.427919 0.0311196 0.0648671 13
0 0.659402 0.445637 0.022686 0.089709 14
0 0.0267263 0.658587 0.0522229 0.080236 15
0 0.466762 0.521888 0.0320899 0.111484 16
0 0.516173 0.533881 0.0358463 0.159519 17
0 0.27789 0.353693 0.0144632 0.0603613 18
0 0.455769 0.459628 0.0194195 0.0860073 19
0 0.21458 0.308885 0.0187246 0.0752889 20
0 0.132153 0.538 0.0305827 0.064099 21
0 0.562782 0.397419 0.0205774 0.0491351 22
0 0.59209 0.247649 0.0132588 0.0425022 23
0 0.0406779 0.240982 0.0124232 0.0437374 24
0 0.292307 0.276191 0.0108042 0.040522 25
0 0.592671 0.272596 0.0151377 0.0706846 26
0 0.478396 0.455839 0.0215263 0.0984546 27
0 0.414549 0.39082 0.0218061 0.0766198 28
0 0.579737 0.972008 0.046187 0.0559846 29
