0 0.701598 0.629884 0.0381392 0.128021 1
0 0.522473 0.453705 0.0310188 0.108063 2
0 0.465345 0.529044 0.03712 0.197091 3
0 0.33774 0.614662 0.0392826 0.132499 4
0 0.551817 0.559661 0.0248366 0.11899 5
0 0.256295 0.58979 0.0343243 0.137043 6
0 0.0409092 0.416538 0.0264034 0.101134 7
0 0.709196 0.494987 0.0242884 0.103726 8
0 0.0203064 0.728 0.0404098 0.114856 9
0 0.304845 0.368531 0.0172314 0.0853681 10
0 0.559862 0.438586 0.0238064 0.10569 11
0 0.0090594 0.438241 0.0181188 0.0756275 12
0 0.595629 0.473448 0.0249519 0.116654 13
0 0.197506 0.442528 0.0230094 0.0798008 14
0 0.358957 0.919075 0.0557453 0.156191 15
0 0.22226 0.592804 0.0320297 0.132085 16
0 0.161841 0.613249 0.0403945 0.0837412 17
0 0.148757 0.116613 0.0120076 0.053455 18
0 0.657126 0.39923 0.0240818 0.0528875 19
0 0.0725821 0.472572 0.0274497 0.0786565 20
0 0.506986 0.363364 0.0229288 0.0778259 21
0 0.460751 0.491041 0.0301112 0.123217 22
0 0.300653 0.799072 0.0423646 0.097075 23
0 0.126307 0.507858 0.0262254 0.063461 24
0 0.241923 0.265838 0.0134943 0.049336 25
0 0.128459 0.174296 0.0133317 0.0523464 26
0 0.182108 0.170254 0.0135368 0.0505115 27
1 0.235766 0.440905 0.021776 0.0602687 28
1 0.264197 0.787308 0.0500862 0.107338 29
2 0.214083 0.701857 0.0714726 0.118937 30
0 0.0112161 0.614778 0.0223837 0.0652214 31
0 0.727919 0.270408 0.0149573 0.0369289 32
