0 0.474961 0.595567 0.0290308 0.130869 1
0 0.730987 0.658138 0.0348107 0.131311 2
0 0.333872 0.60952 0.034942 0.136522 3
0 0.061479 0.412536 0.0262571 0.0986155 4
0 0.319327 0.367068 0.0176289 0.0862245 5
0 0.561011 0.5694 0.0313935 0.108244 6
0 0.257184 0.584364 0.0310551 0.133232 7
0 0.744635 0.50104 0.0241089 0.111853 8
0 0.632391 0.480981 0.0236124 0.105545 9
0 0.465811 0.494448 0.0258089 0.108442 10
0 0.168901 0.603706 0.0411708 0.0775338 11
0 0.544246 0.456722 0.030723 0.103839 12
0 0.024522 0.411809 0.0337378 0.108212 13
0 0.194122 0.214555 0.0138269 0.0458755 14
1 0.259199 0.78867 0.057624 0.118372 15
0 0.223533 0.585395 0.0297309 0.123677 16
0 0.52316 0.366378 0.0233564 0.0805769 17
0 0.180392 0.112703 0.0108703 0.051945 18
0 0.671263 0.408688 0.0244009 0.0563609 19
0 0.238299 0.243544 0.0142747 0.0447339 20
0 0.393439 0.27002 0.0132079 0.0670625 21
0 0.346903 0.908351 0.0363034 0.171343 22
0 0.565603 0.444276 0.0236068 0.0964919 23
0 0.375052 0.363683 0.0259706 0.0908331 24
0 0.747797 0.276084 0.0161627 0.0413203 25
0 0.220591 0.165193 0.0124248 0.0460195 26
0 0.0178834 0.389087 0.0357669 0.0966577 27
0 0.557305 0.451231 0.0357096 0.108743 28
0 0.503401 0.375335 0.019963 0.0657274 29
2 0.213468 0.690356 0.0657162 0.110954 30
0 0.141221 0.49995 0.0310067 0.0625298 31
0 0.088374 0.468967 0.0311172 0.0800112 32
0 0.0665683 0.590396 0.0349118 0.0751996 33
1 0.23893 0.436709 0.0351454 0.0567625 34
0 0.256965 0.78825 0.0539583 0.117047 35
0 0.00581058 0.192399 0.0116212 0.0452445 36
2 0.0482789 0.589543 0.071034 0.07802 37
0 0.205839 0.426918 0.0217332 0.0724658 38
0 0.0106676 0.372717 0.0213353 0.0680001 39
0 0.210204 0.157897 0.0112477 0.0569853 40
0 0.104565 0.150976 0.0139085 0.0500753 41
0 0.160798 0.174481 0.0133125 0.0459105 42
