0 0.648141 0.583393 0.0284864 0.133013 1
0 0.259696 0.691426 0.0458351 0.147807 2
0 0.197549 0.933785 0.0460985 0.130269 3
0 0.434101 0.917778 0.0480343 0.164445 4
0 0.308166 0.613669 0.0396295 0.146796 5
0 0.295097 0.819444 0.0623568 0.13173 6
0 0.12297 0.481356 0.0248304 0.091089 7
0 0.3844 0.503855 0.0346226 0.116868 8
0 0.0447859 0.281061 0.0165416 0.0590606 9
0 0.502797 0.517697 0.0262712 0.102977 10
0 0.420648 0.489215 0.0228102 0.116018 11
0 0.0173 0.171991 0.015303 0.0667592 12
0 0.245758 0.600352 0.0314294 0.129999 13
0 0.239885 0.37191 0.0209552 0.0942971 14
0 0.520825 0.29385 0.0179794 0.0746395 15
0 0.199922 0.608903 0.0285794 0.124863 16
0 0.5913 0.369595 0.0166147 0.0523331 17
0 0.523622 0.541825 0.0291788 0.138961 18
0 0.500106 0.43362 0.0273317 0.0936156 19
0 0.277591 0.374233 0.0221808 0.0979919 20
0 0.423993 0.355505 0.0208525 0.0701541 21
0 0.441225 0.351848 0.0244725 0.0697202 22
0 0.058964 0.549676 0.0401578 0.0759023 23
0 0.525442 0.318099 0.0174818 0.0663656 24
0 0.284089 0.353991 0.0240524 0.06445 25
0 0.254877 0.35565 0.0198633 0.0535675 26
0 0.129554 0.655462 0.0509233 0.0970527 27
0 0.320113 0.823522 0.0855967 0.13134 28
0 0.60671 0.261153 0.0111141 0.0338614 29
0 0.0104811 0.617426 0.020938 0.160484 30
0 0.207659 0.69291 0.0436734 0.113118 31
0 0.511763 0.527746 0.0481645 0.124559 32
