0 0.389376 0.502205 0.034345 0.1202 1
0 0.6516 0.571906 0.0339004 0.12122 2
0 0.315713 0.614415 0.0373286 0.138123 3
0 0.141881 0.643325 0.0514509 0.0948511 4
0 0.202712 0.919134 0.0445468 0.16 5
0 0.290982 0.815609 0.053626 0.134125 6
0 0.433309 0.484673 0.0278489 0.11057 7
0 0.491033 0.450569 0.0298148 0.135055 8
0 0.427122 0.917309 0.047952 0.165382 9
0 0.258215 0.370045 0.0211616 0.0929805 10
0 0.206941 0.598314 0.0335232 0.116928 11
0 0.0663768 0.272103 0.0151152 0.0555913 12
0 0.521989 0.509576 0.0377081 0.117364 13
0 0.0515063 0.172885 0.0147813 0.0632643 14
0 0.248712 0.603522 0.0411756 0.146928 15
0 0.0252454 0.169373 0.0148214 0.0696218 16
0 0.14413 0.479225 0.0255626 0.0945979 17
2 0.0190493 0.643789 0.0380986 0.0878044 18
0 0.606976 0.375677 0.0200697 0.0545073 19
0 0.242874 0.670475 0.0471298 0.200321 20
0 0.0671359 0.111953 0.012412 0.0517242 21
0 0.298992 0.357884 0.0271656 0.0713845 22
0 0.206147 0.708177 0.0515634 0.132968 23
0 0.0745632 0.162666 0.0132881 0.0627653 24
0 0.319846 0.81899 0.0889298 0.128567 25
0 0.416434 0.270058 0.0119089 0.0529835 26
0 0.23884 0.301872 0.0146632 0.048233 27
0 0.0628184 0.53981 0.048033 0.0745058 28
0 0.0211428 0.120334 0.0137563 0.0571515 29
0 0.270658 0.362967 0.0173432 0.081889 30
0 0.451052 0.354533 0.0196065 0.0714734 31
1 0.180394 0.453807 0.023509 0.0603403 32
0 0.453189 0.922286 0.0468758 0.152265 33
0 0.276801 0.326721 0.0221487 0.0822701 34
1 0.0188148 0.564109 0.0369866 0.0720878 35
