0 0.612219 0.592128 0.0426214 0.126269 1
0 0.164922 0.919444 0.045976 0.160557 2
0 0.122346 0.676458 0.0549308 0.0934371 3
0 0.484296 0.625679 0.0487607 0.146307 4
0 0.236533 0.620418 0.037427 0.137868 5
0 0.311704 0.706561 0.0329823 0.125994 6
0 0.448033 0.924293 0.0447153 0.149456 7
0 0.503242 0.439734 0.0237095 0.106122 8
0 0.107497 0.495365 0.0262708 0.0897183 9
0 0.528908 0.523218 0.0236452 0.110345 10
0 0.379346 0.503728 0.0251723 0.118957 11
0 0.0210753 0.293542 0.0184498 0.0517248 12
0 0.409126 0.493903 0.0266176 0.119165 13
0 0.520991 0.425275 0.0195437 0.0946899 14
0 0.296187 0.826634 0.0593564 0.124428 15
0 0.306893 0.596707 0.0278489 0.0940179 16
0 0.201273 0.737571 0.0510092 0.131547 17
0 0.192092 0.625778 0.0362051 0.1304 18
0 0.333479 0.834746 0.0744266 0.13015 19
0 0.254732 0.409858 0.015111 0.066507 20
0 0.224512 0.380459 0.0224893 0.0949349 21
0 0.576318 0.373911 0.0193678 0.0514938 22
0 0.484422 0.930497 0.0375407 0.131369 23
0 0.040866 0.565374 0.0438727 0.0716589 24
0 0.144434 0.472151 0.0344443 0.0634065 25
0 0.254357 0.280476 0.0115632 0.0553204 26
0 0.0125642 0.578466 0.023745 0.0499174 27
0 0.234557 0.489799 0.0279943 0.0648807 28
0 0.502789 0.285119 0.0136787 0.0542878 29
0 0.408297 0.362702 0.0171123 0.0669179 30
0 0.219232 0.359991 0.0202923 0.0845176 31
0 0.55001 0.978904 0.0285131 0.0421919 32
0 0.426991 0.358011 0.0202566 0.0675865 33
0 0.0430473 0.118674 0.0104874 0.0313957 34
0 0.00518961 0.699584 0.0103792 0.100227 35
0 0.421476 0.365297 0.0150807 0.0603356 36
