0 0.712676 0.674327 0.0337433 0.130502 1
0 0.298417 0.608861 0.0295924 0.125973 2
0 0.578507 0.564192 0.0271068 0.115417 3
0 0.518782 0.469038 0.0236354 0.10919 4
0 0.0293195 0.243744 0.0180672 0.0630011 5
0 0.0706759 0.402139 0.0253198 0.0970557 6
0 0.473949 0.540549 0.0268061 0.120053 7
0 0.324365 0.362908 0.0178127 0.0853154 8
0 0.212596 0.578118 0.0291352 0.11724 9
0 0.495604 0.456125 0.0209911 0.0972382 10
0 0.638702 0.500351 0.0227609 0.081417 11
0 0.342942 0.958636 0.0335755 0.0777517 12
0 0.741112 0.515766 0.0277827 0.105437 13
0 0.0514684 0.170875 0.0154043 0.055113 14
0 0.242945 0.581977 0.0271877 0.125926 15
0 0.192986 0.198695 0.0131871 0.0535145 16
0 0.15452 0.593669 0.0452585 0.0795651 17
0 0.0387564 0.400841 0.0274869 0.0915915 18
0 0.202138 0.400733 0.0202303 0.0753402 19
0 0.0285768 0.348116 0.021699 0.0734708 20
0 0.526899 0.372124 0.0206663 0.0757831 21
0 0.408836 0.27007 0.0130913 0.06678 22
0 0.11933 0.186475 0.011496 0.0384065 23
0 0.210368 0.111191 0.0111535 0.0504385 24
0 0.240764 0.165484 0.0109297 0.0442343 25
1 0.224113 0.773882 0.0420371 0.102323 26
0 0.0335422 0.364184 0.0305899 0.0964669 27
0 0.254826 0.240478 0.0125135 0.0428045 28
0 0.256315 0.787222 0.0365766 0.0913184 29
0 0.507899 0.379248 0.019429 0.0688095 30
0 0.139958 0.491988 0.0262865 0.0593231 31
0 0.143975 0.147896 0.0122633 0.0506845 32
0 0.25431 0.165392 0.0122663 0.0452301 33
1 0.382087 0.343365 0.0254766 0.0722973 34
0 0.296318 0.912199 0.0386166 0.171063 35
0 0.765488 0.286024 0.0144384 0.0418665 36
2 0.0489264 0.583448 0.0567957 0.0722689 37
0 0.481315 0.63185 0.0313739 0.138949 38
0 0.283051 0.473764 0.0241756 0.0558581 39
0 0.676605 0.413735 0.0253652 0.0519298 40
0 0.134175 0.158857 0.0128953 0.0495546 41
0 0.0919628 0.459544 0.0274706 0.0816874 42
0 0.213797 0.163718 0.0104495 0.0509023 43
1 0.295892 0.891052 0.037819 0.134272 44
0 0.189261 0.676074 0.0658248 0.115919 45
