0 0.475855 0.476067 0.021422 0.108148 1
0 0.0590384 0.271451 0.0194943 0.0731071 2
0 0.538829 0.442777 0.0230082 0.0974504 3
0 0.437658 0.48812 0.020907 0.103714 4
0 0.101985 0.634231 0.0358999 0.13558 5
0 0.628271 0.451143 0.0229014 0.105458 6
0 0.265979 0.464973 0.029826 0.115963 7
0 0.154193 0.257492 0.0183949 0.0689791 8
0 0.41263 0.46918 0.023622 0.100772 9
0 0.219427 0.13434 0.010995 0.0456133 10
0 0.441063 0.305061 0.018842 0.0766071 11
0 0.0891733 0.640211 0.0414366 0.128372 12
0 0.532641 0.571927 0.0248008 0.106988 13
0 0.0108543 0.315853 0.0217086 0.0825834 14
0 0.39089 0.570609 0.0289937 0.11999 15
0 0.104868 0.290473 0.0208249 0.0776282 16
0 0.0936897 0.242234 0.015147 0.0599089 17
0 0.530929 0.669229 0.024984 0.138204 18
0 0.329383 0.264388 0.0145422 0.0606261 19
0 0.423073 0.170665 0.0108442 0.0470751 20
0 0.257048 0.241847 0.0147161 0.0596325 21
0 0.593263 0.2456 0.01542 0.0664305 22
0 0.380162 0.114644 0.00983992 0.0467005 23
0 0.238576 0.276385 0.0191646 0.0676311 24
0 0.281914 0.119528 0.00928936 0.0381258 25
0 0.159817 0.393693 0.0272015 0.0660775 26
0 0.617104 0.361566 0.0216081 0.0729075 27
0 0.11676 0.381197 0.0236712 0.0677685 28
0 0.296309 0.0632659 0.00864572 0.030704 29
0 0.596255 0.361018 0.0176523 0.0630675 30
0 0.165655 0.181194 0.0121341 0.0447337 31
1 0.195377 0.480107 0.029331 0.0764078 32
0 0.0724066 0.142249 0.0116681 0.0448886 33
0 0.258925 0.130522 0.00874758 0.0365437 34
0 0.00517945 0.102519 0.0103589 0.0444489 35
0 0.0475126 0.162563 0.0130077 0.0427376 36
0 0.0557879 0.163878 0.0125678 0.0418553 37
0 0.199266 0.150123 0.0116852 0.0354951 38
0 0.414752 0.0256373 0.00895482 0.0293842 39
0 0.035561 0.0718407 0.00951013 0.0378146 40
0 0.452991 0.133178 0.0103837 0.0424878 41
0 0.251936 0.347335 0.0190253 0.083143 42
0 0.0174106 0.0741683 0.00949403 0.0330963 43
0 0.153572 0.182292 0.0118812 0.0452548 44
0 0.25293 0.282301 0.0162902 0.0696846 45
0 0.126482 0.0967753 0.00984268 0.025862 46
1 0.356212 0.362076 0.0246637 0.0792014 47
0 0.354918 0.36196 0.023378 0.0789988 48
0 0.35278 0.0463923 0.00835171 0.0336042 49
0 0.104633 0.242935 0.0173454 0.0565393 50
0 0.231146 0.432686 0.025581 0.0848444 51
1 0.502773 0.301804 0.0123098 0.0525634 52
0 0.623972 0.3605 0.0191365 0.0747908 53
0 0.366361 0.04558 0.0085147 0.0348016 54
0 0.0426634 0.0837272 0.00935867 0.0438432 55
0 0.040439 0.0753592 0.0102544 0.0451197 56
0 0.471936 0.136588 0.0113544 0.0412185 57
0 0.37943 0.382278 0.0145792 0.0475174 58
0 0.0135082 0.424157 0.0269718 0.0588858 59
0 0.523 0.134487 0.00935595 0.0405259 60
0 0.00773891 0.507406 0.0154778 0.141074 61
0 0.24429 0.346414 0.0225065 0.0788383 62
0 0.398936 0.0245394 0.0104205 0.0385192 63
0 0.254448 0.459096 0.0249885 0.119998 64
0 0.195966 0.477406 0.0292062 0.0774894 65
