0 0.221186 0.708331 0.0410536 0.150842 1
0 0.275354 0.68983 0.0366777 0.145125 2
0 0.0932425 0.559583 0.0298399 0.0938312 3
0 0.0223511 0.427213 0.0223271 0.0752491 4
0 0.373592 0.701881 0.0437194 0.161207 5
0 0.199322 0.424498 0.0269694 0.102641 6
0 0.491687 0.508883 0.0283323 0.116653 7
0 0.432348 0.517301 0.0294737 0.12877 8
0 0.249052 0.836114 0.049386 0.147496 9
0 0.523237 0.543025 0.0278823 0.124645 10
0 0.583342 0.486646 0.0275667 0.120022 11
0 0.1481 0.76509 0.0549337 0.110285 12
0 0.426415 0.922608 0.0642085 0.125196 13
0 0.0216855 0.653097 0.0430164 0.0798422 14
0 0.370827 0.924378 0.0523231 0.125148 15
0 0.54601 0.508285 0.0322069 0.105962 16
0 0.20479 0.307456 0.0155807 0.0710161 17
0 0.605148 0.432165 0.0228558 0.0947933 18
0 0.767497 0.960483 0.0360959 0.0762172 19
0 0.286655 0.343185 0.014678 0.0544593 20
0 0.560081 0.391969 0.0195978 0.0518421 21
0 0.409128 0.386833 0.0185788 0.0672561 22
0 0.563083 0.966114 0.0460941 0.0666053 23
0 0.588748 0.244718 0.0127184 0.0382662 24
0 0.554447 0.45798 0.0247549 0.0987326 25
0 0.390936 0.395245 0.0195954 0.0650428 26
0 0.124403 0.533457 0.0316294 0.0722654 27
0 0.0392478 0.234886 0.0102491 0.0505161 28
1 0.233264 0.397241 0.0277071 0.0616309 29
0 0.231855 0.547304 0.0236623 0.063093 30
0 0.264906 0.282237 0.0158772 0.0634376 31
0 0.0832518 0.204554 0.00979215 0.038966 32
0 0.236766 0.398522 0.0225985 0.0584485 33
