0 0.198376 0.934468 0.0463474 0.128652 1
0 0.309141 0.613288 0.0398122 0.146927 2
0 0.434149 0.918067 0.0500154 0.163865 3
0 0.296416 0.819875 0.0637658 0.133019 4
0 0.648899 0.582494 0.0289511 0.133306 5
0 0.02091 0.17288 0.0154999 0.0642092 6
0 0.123785 0.480676 0.0248119 0.0923455 7
0 0.383465 0.503189 0.0385912 0.118282 8
0 0.257416 0.69229 0.0477723 0.163176 9
0 0.521378 0.298603 0.0176592 0.0869703 10
0 0.524121 0.524739 0.0310011 0.117402 11
0 0.0463086 0.279182 0.0182832 0.0567373 12
0 0.500626 0.513986 0.0310351 0.107376 13
0 0.247199 0.601232 0.0330343 0.131052 14
0 0.241629 0.369545 0.021533 0.0958578 15
0 0.200477 0.608409 0.0280486 0.121989 16
0 0.592071 0.370615 0.0180721 0.051502 17
0 0.420191 0.492646 0.0248464 0.116892 18
0 0.059382 0.549566 0.0438252 0.077133 19
1 0.283527 0.357699 0.0249601 0.0705214 20
0 0.406717 0.496016 0.0519215 0.127688 21
0 0.0113729 0.618537 0.022682 0.157715 22
0 0.0418539 0.158473 0.0123695 0.0569713 23
0 0.207666 0.692797 0.042284 0.113049 24
0 0.44159 0.352943 0.0228572 0.0711902 25
0 0.425786 0.35648 0.0220907 0.0724376 26
0 0.276853 0.255901 0.0122568 0.0480696 27
0 0.497852 0.425228 0.0287618 0.0946434 28
0 0.278776 0.392622 0.0225979 0.0777072 29
0 0.131781 0.653854 0.0517151 0.0965115 30
0 0.284107 0.354621 0.0241904 0.0649144 31
0 0.080471 0.134551 0.010041 0.0471984 32
1 0.205588 0.701892 0.0463631 0.134308 33
1 0.166661 0.460629 0.0258724 0.0647637 34
