0 0.651593 0.572785 0.0299225 0.123633 1
0 0.143215 0.639851 0.0521883 0.0896019 2
0 0.31861 0.614859 0.0369224 0.134683 3
0 0.425476 0.917236 0.0491742 0.165421 4
0 0.545801 0.521579 0.0347004 0.114478 5
0 0.251966 0.597115 0.0388511 0.134752 6
0 0.203186 0.902332 0.0461349 0.189622 7
0 0.43565 0.485974 0.0300525 0.11227 8
0 0.393465 0.498482 0.0331312 0.116017 9
0 0.291586 0.812975 0.0498799 0.1325 10
0 0.0731204 0.267459 0.0146658 0.054646 11
0 0.207661 0.598081 0.034425 0.121324 12
0 0.518465 0.507469 0.0263483 0.113211 13
0 0.492553 0.448935 0.0306147 0.131681 14
0 0.262034 0.361901 0.0215986 0.105835 15
0 0.0582129 0.170663 0.0126672 0.0559976 16
0 0.145299 0.476098 0.0199899 0.0883045 17
0 0.0338447 0.175266 0.0151556 0.06021 18
0 0.0069826 0.188539 0.0139652 0.0473163 19
0 0.543556 0.286573 0.0145292 0.0580337 20
0 0.302521 0.369375 0.0232869 0.0967856 21
0 0.322836 0.815925 0.0828216 0.125932 22
2 0.0206678 0.638577 0.0410097 0.0922433 23
0 0.442704 0.365886 0.0202858 0.0624586 24
0 0.0703355 0.534506 0.0381957 0.0726946 25
0 0.0207144 0.639234 0.0413984 0.0863267 26
1 0.185328 0.453915 0.0258673 0.0640126 27
0 0.241344 0.301872 0.0153295 0.0480382 28
0 0.610944 0.374601 0.0218039 0.0592873 29
0 0.208064 0.707708 0.0489411 0.121374 30
0 0.242276 0.675585 0.0454568 0.143534 31
2 0.444861 0.921451 0.0568718 0.157098 32
0 0.0810406 0.140034 0.0108092 0.0480174 33
0 0.083232 0.15311 0.0122111 0.0548373 34
0 0.715549 0.382927 0.0132479 0.0601763 35
0 0.278206 0.34964 0.0172401 0.0562907 36
0 0.468263 0.351851 0.0176302 0.0736073 37
0 0.08648 0.168492 0.0127485 0.0534706 38
