0 0.333032 0.619946 0.0439455 0.136524 1
0 0.546694 0.51098 0.0287125 0.106924 2
0 0.408099 0.921319 0.0457286 0.155481 3
0 0.606614 0.516077 0.032488 0.111254 4
0 0.469846 0.481583 0.0216681 0.109984 5
0 0.663582 0.574955 0.0298512 0.125142 6
2 0.0295151 0.630794 0.0590301 0.0756897 7
0 0.175896 0.784056 0.0493032 0.17538 8
0 0.258932 0.591264 0.0353916 0.128733 9
0 0.292804 0.807643 0.0508552 0.134456 10
0 0.173062 0.464112 0.0262014 0.0832716 11
0 0.42989 0.502444 0.0225578 0.112654 12
0 0.504916 0.438176 0.0278624 0.101056 13
0 0.103777 0.166954 0.0117648 0.0573617 14
0 0.29399 0.364569 0.0217692 0.0914668 15
0 0.224063 0.584974 0.0284793 0.108107 16
0 0.332922 0.266531 0.0133911 0.0667877 17
0 0.115129 0.256312 0.0142926 0.0515645 18
0 0.328821 0.364634 0.0235177 0.0910297 19
0 0.520407 0.458232 0.023288 0.124003 20
0 0.467326 0.366402 0.020116 0.0640122 21
0 0.158665 0.631424 0.0471464 0.0879477 22
0 0.324461 0.808893 0.0774536 0.121464 23
0 0.442361 0.927873 0.0366228 0.141521 24
0 0.571413 0.289013 0.0153029 0.0558164 25
0 0.100679 0.523863 0.026969 0.0690976 26
1 0.209524 0.44752 0.0236688 0.0619417 27
0 0.0537781 0.17886 0.014825 0.0532631 28
0 0.157421 0.138646 0.0101484 0.0392335 29
1 0.0358624 0.505926 0.0387291 0.101432 30
0 0.472597 0.357593 0.0189387 0.0715503 31
0 0.488123 0.353506 0.0196291 0.0735805 32
0 0.0361441 0.497765 0.0354601 0.0890986 33
