0 0.723297 0.650239 0.0309599 0.125565 1
0 0.622645 0.480741 0.029649 0.104061 2
0 0.736466 0.505145 0.029411 0.106337 3
0 0.021962 0.420141 0.0288105 0.0911352 4
0 0.316027 0.369379 0.0168868 0.0854804 5
0 0.0579015 0.411992 0.0267938 0.0949833 6
0 0.339197 0.610581 0.036577 0.140291 7
0 0.557312 0.564341 0.0226255 0.11163 8
0 0.569686 0.444288 0.0204375 0.100613 9
0 0.472049 0.58538 0.0262603 0.125788 10
0 0.468258 0.500769 0.0294298 0.125751 11
0 0.538273 0.456375 0.0245913 0.0994981 12
0 0.253418 0.585765 0.0370302 0.130556 13
0 0.170655 0.605179 0.0387998 0.0786601 14
0 0.351746 0.913482 0.0492286 0.171652 15
0 0.519371 0.366877 0.0226173 0.0801661 16
0 0.498319 0.373529 0.0181492 0.0683602 17
0 0.0670694 0.594739 0.0319397 0.0720425 18
0 0.226441 0.58177 0.023352 0.113891 19
0 0.0873858 0.470273 0.0291133 0.0784125 20
0 0.667675 0.403362 0.0238751 0.0568095 21
0 0.202797 0.213343 0.0139112 0.0474358 22
0 0.152604 0.175442 0.0143463 0.046723 23
0 0.208752 0.430571 0.0238455 0.0781357 24
0 0.299328 0.793319 0.0383487 0.0958276 25
0 0.207821 0.165146 0.0119464 0.0498163 26
0 0.389494 0.253319 0.0132737 0.0384389 27
0 0.062205 0.458251 0.0289756 0.115591 28
0 0.237853 0.588734 0.0535697 0.133181 29
0 0.175778 0.163684 0.0113422 0.0572832 30
1 0.260486 0.78533 0.0503311 0.110261 31
1 0.37168 0.356797 0.0291329 0.0787651 32
0 0.240551 0.248778 0.0153443 0.0371309 33
0 0.211655 0.164338 0.0121745 0.04737 34
0 0.389827 0.270968 0.0134257 0.0665391 35
1 0.355092 0.339812 0.0257319 0.0732592 36
0 0.259858 0.787567 0.0558994 0.112004 37
0 0.575805 0.343857 0.0173781 0.0471635 38
0 0.216287 0.164655 0.0125385 0.0507177 39
0 0.742098 0.274058 0.0120539 0.0392331 40
1 0.240082 0.438527 0.0333274 0.0579825 41
1 0.215849 0.687943 0.0605667 0.116979 42
0 0.0920439 0.168901 0.0134207 0.072095 43
1 0.366389 0.330328 0.0314524 0.0845178 44
0 0.372765 0.357849 0.0263635 0.0716822 45
