0 0.578178 0.480636 0.0240845 0.103958 1
0 0.544773 0.544135 0.0235407 0.111592 2
0 0.597147 0.611104 0.0302923 0.119891 3
0 0.673818 0.502355 0.0261362 0.101951 4
0 0.238929 0.549168 0.0247203 0.124141 5
0 0.211119 0.547568 0.0264735 0.114552 6
0 0.479216 0.497672 0.0263654 0.105653 7
0 0.229625 0.882577 0.038369 0.171525 8
0 0.351957 0.352982 0.0176993 0.081299 9
0 0.275656 0.843596 0.0304273 0.119426 10
0 0.113949 0.370139 0.0221712 0.076553 11
0 0.080767 0.325726 0.0162623 0.0766374 12
0 0.0112871 0.171761 0.0178093 0.0457293 13
0 0.547309 0.376098 0.0215553 0.0680249 14
0 0.284681 0.579419 0.0319009 0.12849 15
0 0.156793 0.208636 0.0157224 0.0541624 16
0 0.121742 0.165034 0.0138431 0.0533532 17
0 0.0734873 0.53872 0.042807 0.0700969 18
0 0.524552 0.377826 0.0200113 0.0617155 19
0 0.457492 0.610897 0.0379769 0.158136 20
0 0.45463 0.543005 0.0356028 0.120929 21
0 0.070152 0.230614 0.0163454 0.0376114 22
0 0.342727 0.263782 0.0129139 0.0521814 23
0 0.0223659 0.105756 0.0121108 0.0350402 24
1 0.205635 0.727129 0.0363971 0.0879293 25
0 0.305326 0.161154 0.0102688 0.0390714 26
0 0.316281 0.161718 0.00936165 0.0386217 27
0 0.268442 0.191845 0.0112705 0.0562548 28
0 0.164694 0.460764 0.0248622 0.0552828 29
0 0.396744 0.342917 0.0206749 0.061883 30
1 0.190285 0.642293 0.0465212 0.103104 31
0 0.414667 0.348368 0.0169323 0.0491317 32
0 0.193042 0.645173 0.0424401 0.103681 33
0 0.00914161 0.529261 0.0182832 0.0786442 34
0 0.228471 0.748441 0.025782 0.0936615 35
0 0.264586 0.182762 0.0126539 0.0573742 36
0 0.341198 0.14425 0.00881261 0.0441316 37
1 0.267326 0.413288 0.0319149 0.0531806 38
0 0.259554 0.168927 0.0126833 0.0434882 39
0 0.161005 0.556861 0.034604 0.0779343 40
0 0.31179 0.161842 0.0111166 0.0390495 41
0 0.320836 0.452611 0.0192672 0.0482395 42
0 0.807837 0.304554 0.0166708 0.0511192 43
0 0.0649009 0.0775534 0.0110488 0.0405683 44
0 0.0311268 0.0737326 0.0131366 0.0396475 45
0 0.453175 0.253972 0.0147403 0.0460718 46
0 0.0484873 0.0674707 0.0109119 0.0405955 47
1 0.222326 0.352756 0.0239083 0.0580136 48
0 0.118669 0.446625 0.026443 0.0784807 49
0 0.279422 0.149356 0.00948552 0.0432285 50
1 0.396603 0.342762 0.0201566 0.0618012 51
0 0.455862 0.295744 0.0165927 0.0793778 52
0 0.345217 0.153267 0.0103551 0.0525978 53
