0 0.312971 0.613745 0.036294 0.138964 1
0 0.291945 0.817768 0.0541306 0.133801 2
0 0.197162 0.933243 0.0506477 0.128749 3
0 0.137527 0.477574 0.0270914 0.0902091 4
0 0.523384 0.5046 0.0350449 0.112638 5
0 0.385358 0.503083 0.0364047 0.124013 6
0 0.429351 0.918682 0.0496401 0.162635 7
0 0.427096 0.488554 0.0221119 0.112465 8
0 0.65115 0.572688 0.032033 0.123749 9
0 0.0569851 0.27301 0.0183998 0.0554377 10
0 0.251126 0.688817 0.0391886 0.167435 11
0 0.249906 0.369455 0.0213275 0.0987862 12
0 0.530337 0.285472 0.0152562 0.059415 13
0 0.248614 0.602309 0.0334556 0.140735 14
0 0.488642 0.430953 0.0320519 0.105504 15
0 0.207304 0.603866 0.0310819 0.120491 16
0 0.137578 0.649619 0.0477912 0.0930072 17
0 0.0379142 0.16911 0.0148669 0.0636552 18
0 0.0611087 0.158143 0.0116813 0.049628 19
0 0.600237 0.375825 0.0208271 0.0548094 20
0 0.494489 0.480415 0.0266297 0.129318 21
0 0.290843 0.383359 0.0201879 0.0807383 22
0 0.4509 0.923551 0.0594254 0.152897 23
0 0.176068 0.458131 0.0291474 0.0642626 24
0 0.45144 0.353752 0.0212513 0.0720654 25
0 0.321096 0.822376 0.0867166 0.12893 26
0 0.0125247 0.180552 0.0132466 0.0552488 27
0 0.0610086 0.542828 0.0418736 0.0697066 28
0 0.235683 0.305387 0.0217173 0.0526407 29
0 0.409317 0.2699 0.0112911 0.0488993 30
