0 0.529875 0.552599 0.0391657 0.14125 1
0 0.250322 0.799588 0.0305183 0.119518 2
0 0.284396 0.560091 0.0300656 0.126029 3
0 0.359241 0.343306 0.0169244 0.0782654 4
0 0.554542 0.479471 0.029382 0.0973007 5
0 0.477148 0.620738 0.0264936 0.133249 6
0 0.240754 0.528872 0.0228142 0.119733 7
0 0.462 0.560669 0.0272312 0.107989 8
0 0.629301 0.504029 0.027959 0.114432 9
0 0.134649 0.350224 0.0252914 0.0841919 10
0 0.214932 0.527637 0.0255238 0.113659 11
0 0.105201 0.31834 0.0212997 0.0822472 12
0 0.418906 0.486639 0.0269096 0.0993076 13
0 0.0215287 0.180775 0.0144936 0.0519885 14
0 0.558403 0.372919 0.0198845 0.0693492 15
0 0.0426194 0.158943 0.013535 0.048637 16
0 0.210725 0.200797 0.0137906 0.0585121 17
0 0.451533 0.480166 0.0234964 0.0929545 18
0 0.358165 0.14643 0.0114443 0.0473915 19
0 0.159364 0.153488 0.013846 0.0575958 20
0 0.338002 0.146946 0.0121764 0.051537 21
0 0.536537 0.372308 0.0191077 0.0624508 22
1 0.412352 0.330443 0.0222311 0.0576259 23
0 0.020475 0.501772 0.0292487 0.0833599 24
0 0.0694173 0.0979646 0.00890426 0.0280941 25
0 0.0835991 0.50676 0.0394008 0.0716191 26
0 0.52514 0.526879 0.0264136 0.0974428 27
0 0.309795 0.18477 0.0114832 0.0463255 28
0 0.371373 0.258184 0.0126798 0.0484961 29
0 0.471745 0.257047 0.0155222 0.0561737 30
0 0.366514 0.123498 0.0107961 0.0468598 31
0 0.078995 0.0671011 0.0121275 0.0387143 32
0 0.204403 0.851166 0.0361306 0.166491 33
0 0.108689 0.341337 0.0260162 0.104762 34
0 0.0963488 0.0634459 0.0112946 0.0409363 35
0 0.177162 0.443579 0.0250633 0.0546824 36
0 0.428923 0.338663 0.0176336 0.0466597 37
0 0.106696 0.218099 0.0151491 0.0364963 38
0 0.474139 0.235777 0.013421 0.044867 39
0 0.213283 0.713392 0.0405474 0.0907822 40
0 0.171126 0.532226 0.026671 0.0716115 41
0 0.139012 0.0658139 0.0105711 0.0348375 42
0 0.70237 0.421163 0.026416 0.0535787 43
0 0.389559 0.0940844 0.0102398 0.0421531 44
0 0.13745 0.42806 0.0240027 0.0767246 45
1 0.286726 0.40062 0.0254759 0.0556615 46
