0 0.715973 0.674174 0.0338125 0.129849 1
0 0.29885 0.608866 0.0297743 0.125889 2
0 0.578724 0.564811 0.0259926 0.116761 3
0 0.0278135 0.244581 0.0178039 0.0611256 4
0 0.474461 0.538617 0.0272445 0.118369 5
0 0.518745 0.468296 0.0246908 0.10888 6
0 0.0705328 0.401527 0.0247319 0.0968582 7
0 0.212564 0.578311 0.0289793 0.117443 8
0 0.639145 0.500359 0.0224064 0.0820889 9
0 0.324345 0.363219 0.0174861 0.0852519 10
0 0.0501767 0.171956 0.0162691 0.0542227 11
0 0.496851 0.456453 0.0225763 0.0977813 12
0 0.154141 0.593621 0.0467231 0.0812276 13
0 0.741994 0.516634 0.0272833 0.102926 14
0 0.344415 0.959394 0.0335797 0.0779402 15
0 0.192568 0.198126 0.0128763 0.0545033 16
0 0.201659 0.401037 0.0201614 0.0734892 17
0 0.242614 0.579199 0.0275967 0.129082 18
0 0.028217 0.348104 0.0218309 0.0710926 19
0 0.52661 0.37263 0.020302 0.0709313 20
0 0.116858 0.185964 0.0115853 0.0368083 21
1 0.22726 0.772205 0.0409684 0.0984375 22
0 0.507276 0.379238 0.0192618 0.0673854 23
0 0.253628 0.241253 0.0122401 0.0409531 24
0 0.0384236 0.401732 0.0273535 0.088689 25
0 0.240434 0.165446 0.0103356 0.0435571 26
2 0.0505781 0.584427 0.0542805 0.0705427 27
0 0.14005 0.491823 0.0251876 0.0583362 28
0 0.766174 0.285721 0.013071 0.0398835 29
0 0.213034 0.159738 0.00986242 0.0471236 30
0 0.482285 0.632009 0.0284048 0.137866 31
0 0.0330483 0.364869 0.0304341 0.103498 32
0 0.253678 0.165306 0.0108705 0.0464734 33
1 0.297908 0.873364 0.0366551 0.100665 34
0 0.2806 0.144287 0.00945986 0.0407512 35
0 0.132252 0.172738 0.0120361 0.057969 36
1 0.382029 0.346445 0.0240706 0.0674569 37
0 0.283764 0.474443 0.0224515 0.0560943 38
0 0.674234 0.411457 0.0236162 0.0482421 39
0 0.406904 0.245221 0.0131008 0.0391948 40
0 0.209681 0.108784 0.0101191 0.0479467 41
1 0.195536 0.671189 0.0531453 0.112459 42
0 0.164354 0.170246 0.0136838 0.0352514 43
0 0.248237 0.431243 0.0257823 0.0549177 44
1 0.370709 0.340613 0.0274222 0.0689499 45
0 0.268688 0.140186 0.0100601 0.0480651 46
0 0.282587 0.165287 0.0122493 0.0472412 47
