0 0.309611 0.664525 0.0440681 0.147132 1
0 0.19384 0.789796 0.0516498 0.142013 2
0 0.541744 0.566305 0.0332342 0.134389 3
0 0.228405 0.655287 0.0412868 0.145113 4
0 0.417229 0.582014 0.0302562 0.10879 5
0 0.400434 0.796082 0.0463059 0.147798 6
0 0.463668 0.944472 0.0430907 0.110683 7
0 0.0210385 0.957271 0.0366784 0.0854583 8
0 0.30262 0.876505 0.0546123 0.142491 9
0 0.507698 0.445536 0.0232674 0.102501 10
0 0.460731 0.555582 0.0268612 0.115303 11
0 0.183191 0.667856 0.0377712 0.140686 12
0 0.196171 0.406443 0.0227831 0.100873 13
0 0.101718 0.719403 0.0460782 0.10247 14
0 0.35513 0.881643 0.0574083 0.101286 15
0 0.384061 0.496811 0.0258314 0.116386 16
0 0.0163516 0.601606 0.0327031 0.0915663 17
0 0.477767 0.439947 0.0249113 0.098351 18
0 0.409178 0.508559 0.0310972 0.124937 19
0 0.0716339 0.496655 0.0325567 0.155902 20
0 0.0760207 0.532188 0.0259457 0.0914258 21
0 0.514797 0.946857 0.0330355 0.0997504 22
0 0.114661 0.502185 0.0341441 0.0679594 23
0 0.184479 0.394813 0.0230613 0.0955918 24
0 0.235915 0.385678 0.0229489 0.0774514 25
0 0.40099 0.375827 0.0192852 0.0664792 26
0 0.211896 0.301554 0.0201054 0.0616219 27
0 0.470288 0.305254 0.0171364 0.0821617 28
0 0.243713 0.450407 0.0154161 0.0606428 29
0 0.551922 0.553133 0.0302627 0.134332 30
0 0.0666487 0.467195 0.0235437 0.0939905 31
0 0.0668017 0.224023 0.0123247 0.0509056 32
0 0.581959 0.246245 0.0130793 0.0533807 33
0 0.383825 0.375286 0.0235669 0.0823938 34
0 0.105889 0.19621 0.00961213 0.0380663 35
0 0.410509 0.33315 0.0131758 0.0537343 36
