0 0.510015 0.642719 0.0279452 0.135462 1
0 0.519233 0.442722 0.0255045 0.11528 2
0 0.267766 0.518533 0.0256688 0.124992 3
0 0.340066 0.494523 0.0262205 0.116466 4
0 0.382344 0.324523 0.0166348 0.077804 5
0 0.232482 0.489746 0.0238779 0.115442 6
0 0.577047 0.363162 0.0208492 0.0717504 7
0 0.315717 0.1839 0.0116721 0.0504514 8
0 0.0481242 0.44747 0.0248417 0.0779531 9
0 0.0325261 0.211268 0.0162551 0.041109 10
0 0.141259 0.144013 0.0108187 0.0396137 11
0 0.441202 0.316849 0.026161 0.0677614 12
0 0.440991 0.480364 0.0278665 0.10941 13
0 0.154417 0.316115 0.0214278 0.0740415 14
0 0.247566 0.136578 0.0110683 0.0509942 15
0 0.158281 0.08127 0.00859826 0.0351007 16
0 0.00572765 0.233673 0.0114553 0.0596401 17
0 0.432229 0.455039 0.0242438 0.103449 18
0 0.209399 0.478947 0.0256572 0.121426 19
0 0.177503 0.323459 0.0236648 0.0801664 20
0 0.0736402 0.164857 0.013787 0.0600637 21
0 0.553324 0.365534 0.0208478 0.0646173 22
0 0.118208 0.155297 0.0110767 0.0433615 23
0 0.463963 0.544608 0.029454 0.127966 24
1 0.161091 0.627034 0.0506534 0.116895 25
0 0.174915 0.493819 0.0278811 0.0816194 26
0 0.105625 0.458001 0.0351979 0.0732379 27
0 0.429479 0.260473 0.0138926 0.0549756 28
0 0.369248 0.145862 0.0113839 0.041884 29
0 0.512682 0.24901 0.0145151 0.0574658 30
0 0.340964 0.412332 0.0181476 0.0486025 31
0 0.175059 0.553359 0.0398805 0.0830346 32
0 0.404927 0.138166 0.00978356 0.047882 33
0 0.0960508 0.0903346 0.0082125 0.0247823 34
0 0.126889 0.757369 0.0583674 0.15172 35
0 0.253793 0.0405454 0.00846118 0.0387046 36
0 0.165853 0.280615 0.0167842 0.0625785 37
0 0.311678 0.392574 0.0327207 0.0924806 38
0 0.384456 0.0995541 0.0100775 0.0463284 39
0 0.463928 0.47956 0.0254382 0.0931948 40
0 0.16058 0.126103 0.0102099 0.0402392 41
0 0.448117 0.312847 0.020528 0.0691419 42
0 0.190296 0.0561255 0.00919478 0.0371896 43
