0 0.0754241 0.559489 0.0292631 0.0953425 1
0 0.0217722 0.43719 0.0213223 0.0776043 2
0 0.208847 0.705321 0.0390283 0.153557 3
0 0.361946 0.702484 0.0371304 0.156245 4
0 0.353313 0.918263 0.0485939 0.129171 5
0 0.25711 0.685199 0.0462521 0.149167 6
0 0.486071 0.518758 0.029488 0.116467 7
0 0.231945 0.823336 0.0531398 0.174554 8
0 0.566411 0.434237 0.024975 0.0981344 9
0 0.190466 0.423169 0.028736 0.103568 10
0 0.6603 0.937772 0.037715 0.121625 11
0 0.01576 0.646239 0.03152 0.0823028 12
0 0.535309 0.509285 0.0270287 0.110807 13
0 0.568482 0.517385 0.0321554 0.103179 14
0 0.403442 0.922162 0.0737687 0.136241 15
0 0.422943 0.541626 0.034219 0.125019 16
0 0.246357 0.717645 0.0689907 0.211662 17
0 0.132033 0.782431 0.0617354 0.148648 18
0 0.540079 0.9603 0.0452111 0.0771033 19
0 0.584014 0.240354 0.0113572 0.0391992 20
0 0.510261 0.54992 0.0266502 0.12268 21
0 0.402118 0.382949 0.0183889 0.0714929 22
0 0.222571 0.542787 0.0242079 0.0675718 23
0 0.601498 0.959172 0.0378665 0.081656 24
0 0.433873 0.348238 0.0209432 0.0517919 25
0 0.199234 0.304967 0.0158037 0.0696893 26
0 0.382587 0.393475 0.0176505 0.061169 27
1 0.221654 0.396325 0.0272219 0.0665207 28
0 0.501496 0.460318 0.0216668 0.0869783 29
0 0.393958 0.384558 0.0156319 0.0715388 30
0 0.552026 0.386638 0.0152638 0.0499379 31
0 0.463581 0.298684 0.0126026 0.0469723 32
0 0.114731 0.532857 0.0297423 0.0731734 33
0 0.419187 0.506982 0.0389656 0.137971 34
0 0.274196 0.338549 0.0139263 0.0485738 35
