0 0.336593 0.555846 0.0255484 0.120669 1
0 0.260235 0.485546 0.0328207 0.117251 2
0 0.0344063 0.264611 0.0164659 0.0618387 3
0 0.482764 0.479 0.0309509 0.10434 4
0 0.557299 0.449875 0.0218861 0.104426 5
0 0.513357 0.573786 0.0261092 0.120988 6
0 0.414029 0.474468 0.0230917 0.104066 7
0 0.54656 0.676151 0.0283327 0.153854 8
0 0.0867556 0.404726 0.0255457 0.0752967 9
0 0.0222345 0.329652 0.020688 0.0800512 10
0 0.091979 0.692946 0.0486287 0.129646 11
0 0.379034 0.171551 0.0118268 0.0490612 12
0 0.0760602 0.283291 0.0177221 0.0707032 13
0 0.158192 0.144671 0.0146859 0.0508383 14
0 0.220548 0.443563 0.0250276 0.110927 15
0 0.578671 0.432134 0.0255907 0.094673 16
0 0.439724 0.495964 0.022113 0.0988941 17
0 0.113796 0.674481 0.0305409 0.143887 18
0 0.413494 0.309773 0.014935 0.0769506 19
0 0.303373 0.292276 0.0169875 0.0618397 20
0 0.283554 0.0487084 0.00819699 0.0343423 21
0 0.600352 0.359175 0.0211405 0.0744248 22
0 0.217465 0.257368 0.0166612 0.0678633 23
0 0.398299 0.135869 0.0101619 0.0399309 24
0 0.558594 0.243948 0.0133478 0.0633415 25
0 0.116723 0.19525 0.0159281 0.0493868 26
0 0.333539 0.122136 0.0108871 0.0485531 27
0 0.198435 0.287439 0.017881 0.0649055 28
0 0.132895 0.414952 0.0321115 0.0702012 29
0 0.164484 0.586739 0.0452569 0.100524 30
0 0.00473431 0.16143 0.00946863 0.0521536 31
0 0.192147 0.457141 0.0230169 0.0742075 32
0 0.218349 0.299529 0.0191282 0.0681646 33
0 0.345979 0.0251141 0.00925961 0.0303351 34
0 0.227224 0.0711235 0.0100532 0.0275543 35
0 0.139934 0.160891 0.0135463 0.043781 36
0 0.0664864 0.102841 0.0101563 0.031069 37
0 0.231471 0.441595 0.0307036 0.117048 38
0 0.574584 0.355964 0.0212579 0.0594293 39
0 0.584413 0.369059 0.0176072 0.0697364 40
0 0.473807 0.131939 0.010617 0.0541164 41
0 0.226767 0.1239 0.00958425 0.050049 42
0 0.223485 0.361895 0.023684 0.0850359 43
0 0.302227 0.0482645 0.00953913 0.0386355 44
1 0.333142 0.368687 0.0280323 0.0797904 45
0 0.330488 0.0417736 0.00954562 0.0418562 46
0 0.198934 0.142115 0.0111914 0.0394746 47
0 0.360439 0.391118 0.0170766 0.0464088 48
0 0.0903481 0.0205264 0.00826661 0.0299978 49
1 0.254675 0.182192 0.0126385 0.0288895 50
0 0.248762 0.461442 0.0279113 0.10453 51
