0 0.585537 0.60105 0.0311686 0.11986 1
0 0.540771 0.535628 0.0252738 0.0977562 2
0 0.665014 0.501737 0.0319952 0.109046 3
0 0.268373 0.832632 0.0321318 0.125035 4
0 0.35535 0.350168 0.0164135 0.0810052 5
0 0.213273 0.540972 0.0274328 0.112812 6
0 0.572542 0.479706 0.0257651 0.097602 7
0 0.118836 0.363304 0.0233045 0.080461 8
0 0.473528 0.499462 0.034523 0.102158 9
0 0.240386 0.543749 0.0239311 0.124736 10
0 0.287195 0.572554 0.0299043 0.128538 11
0 0.13216 0.16127 0.0150669 0.0516715 12
0 0.0891226 0.325362 0.0172004 0.0790964 13
0 0.461881 0.618243 0.0278364 0.132834 14
0 0.440905 0.502868 0.0280848 0.122501 15
0 0.0233515 0.170322 0.015788 0.0449314 16
0 0.172516 0.204615 0.0138344 0.0572182 17
0 0.551805 0.375316 0.0189728 0.0670615 18
0 0.188686 0.630781 0.0521802 0.104651 19
0 0.0113486 0.522008 0.022491 0.0853329 20
0 0.0446945 0.0704885 0.0144434 0.0368753 21
0 0.0941421 0.378614 0.0203855 0.0655622 22
0 0.0352939 0.102703 0.012927 0.0359269 23
0 0.274555 0.185015 0.0134062 0.0629356 24
0 0.222263 0.878677 0.0384776 0.167404 25
0 0.31991 0.158958 0.0106 0.0386459 26
1 0.402126 0.337284 0.0223593 0.0679661 27
0 0.167024 0.457214 0.0268768 0.0641905 28
1 0.205284 0.725858 0.0495718 0.105942 29
0 0.0814823 0.226005 0.017034 0.0388158 30
1 0.530443 0.376957 0.0209219 0.063613 31
0 0.815904 0.304647 0.0177998 0.0509125 32
0 0.224559 0.746383 0.0310446 0.10418 33
0 0.53136 0.376653 0.0209005 0.0645198 34
0 0.352492 0.260144 0.012401 0.0472775 35
0 0.124105 0.444104 0.0276339 0.0762901 36
0 0.0909955 0.352586 0.0205266 0.0972605 37
0 0.0777114 0.0759747 0.0109057 0.0348559 38
0 0.207079 0.753846 0.0656717 0.128975 39
1 0.416921 0.344284 0.0200848 0.0540417 40
0 0.400123 0.340918 0.0212119 0.0659702 41
0 0.0902378 0.0362345 0.00966699 0.0405521 42
0 0.27127 0.166337 0.0131642 0.0401214 43
1 0.011894 0.521276 0.023788 0.0866006 44
0 0.0446974 0.152812 0.0156667 0.053609 45
1 0.230526 0.346021 0.0185037 0.0470412 46
0 0.163005 0.551232 0.0337755 0.0722949 47
0 0.32844 0.155429 0.0101292 0.0448305 48
