0 0.652627 0.643125 0.0280264 0.124664 1
0 0.708538 0.511814 0.0310728 0.112147 2
0 0.56502 0.555432 0.0300982 0.112188 3
0 0.490484 0.487144 0.0243214 0.0981658 4
0 0.302077 0.899349 0.0329262 0.135192 5
0 0.255325 0.891507 0.0394601 0.188082 6
0 0.46203 0.487028 0.0253283 0.0919985 7
0 0.339014 0.360539 0.0169009 0.0806991 8
0 0.102934 0.219551 0.0151636 0.0559122 9
0 0.609052 0.484491 0.0213194 0.109005 10
0 0.516224 0.379042 0.0192318 0.0656574 11
0 0.286967 0.589599 0.0362153 0.134906 12
0 0.0939333 0.38528 0.02197 0.0862857 13
0 0.0567241 0.330616 0.0169596 0.0672303 14
0 0.213845 0.560143 0.0357379 0.123906 15
0 0.0864138 0.172181 0.0137279 0.0558266 16
1 0.212493 0.745503 0.0361892 0.0949681 17
0 0.15559 0.573819 0.0348609 0.0777529 18
0 0.211744 0.373344 0.0172079 0.0679067 19
0 0.536763 0.37572 0.0195045 0.0665645 20
0 0.282255 0.16308 0.0118747 0.0416776 21
0 0.389886 0.345258 0.0348487 0.0664805 22
0 0.0377701 0.236504 0.0175314 0.0380499 23
0 0.232871 0.176315 0.014999 0.0596632 24
0 0.238846 0.561702 0.0227636 0.126791 25
1 0.185503 0.650614 0.0538835 0.109963 26
0 0.0692104 0.557957 0.0344403 0.064317 27
0 0.149361 0.475935 0.0303279 0.0605845 28
0 0.0057913 0.0709424 0.0115826 0.0472529 29
0 0.653451 0.315375 0.0147004 0.059619 30
0 0.18029 0.142331 0.0111009 0.0468376 31
0 0.470181 0.571848 0.0351656 0.11599 32
0 0.22982 0.167672 0.0146215 0.0480052 33
0 0.314334 0.457884 0.0211736 0.0508272 34
0 0.434578 0.267018 0.013932 0.0604028 35
0 0.26272 0.423137 0.0260658 0.0589447 36
0 0.048403 0.0613732 0.0143982 0.0614031 37
0 0.16393 0.0372942 0.010492 0.0492179 38
