0 0.599287 0.609782 0.0286127 0.116809 1
0 0.277961 0.845806 0.0328132 0.120674 2
0 0.545607 0.542836 0.0222153 0.10938 3
0 0.579453 0.483485 0.0237719 0.103984 4
0 0.677389 0.502362 0.0218432 0.10395 5
0 0.211013 0.547879 0.027008 0.115771 6
0 0.238613 0.549275 0.0251778 0.124197 7
0 0.480969 0.497103 0.0236254 0.104001 8
0 0.231596 0.87675 0.0397201 0.182128 9
0 0.118585 0.166019 0.0136341 0.0490202 10
0 0.155319 0.20947 0.0158812 0.0554081 11
0 0.00977089 0.172337 0.0161098 0.0459297 12
0 0.113708 0.372647 0.0223585 0.0801722 13
0 0.35142 0.353995 0.0180422 0.0830931 14
0 0.54698 0.375523 0.0210741 0.0680674 15
0 0.265808 0.190978 0.0131474 0.0568857 16
0 0.524096 0.37735 0.0196422 0.0623827 17
0 0.0794432 0.322867 0.0161448 0.0710159 18
0 0.285611 0.579728 0.0305502 0.129486 19
0 0.0689862 0.231294 0.0161137 0.037526 20
0 0.307189 0.162595 0.0117022 0.039266 21
0 0.456636 0.604336 0.0405109 0.169764 22
0 0.454716 0.546626 0.0365257 0.114177 23
0 0.394205 0.344707 0.0193617 0.0633465 24
0 0.0740426 0.540185 0.041645 0.0700086 25
1 0.187756 0.635463 0.0463219 0.103232 26
0 0.16314 0.461441 0.0234719 0.0547033 27
0 0.119639 0.451246 0.0239481 0.0979773 28
1 0.206884 0.724974 0.0349639 0.0840124 29
0 0.0474246 0.0675649 0.0110473 0.0413061 30
0 0.342271 0.262614 0.0136068 0.0497227 31
0 0.320329 0.453201 0.0185644 0.0488644 32
0 0.230216 0.749209 0.0266911 0.0930752 33
0 0.806342 0.303392 0.0161263 0.0493831 34
0 0.33131 0.150066 0.0124663 0.0532888 35
0 0.0206825 0.106047 0.011394 0.0362248 36
0 0.689214 0.426287 0.0289165 0.0587716 37
0 0.00864251 0.533042 0.017285 0.0801777 38
0 0.0305784 0.0747292 0.0115666 0.0382919 39
0 0.451774 0.25197 0.0150328 0.0444986 40
0 0.455764 0.311551 0.0153469 0.0679486 41
0 0.261314 0.181681 0.0147241 0.0564987 42
1 0.395447 0.343591 0.0204936 0.0624717 43
0 0.314125 0.163999 0.0110911 0.0405023 44
0 0.192 0.644465 0.0456295 0.103058 45
1 0.269574 0.413323 0.030528 0.0545059 46
0 0.299497 0.456694 0.0211271 0.0493294 47
0 0.274417 0.41594 0.0259101 0.0605196 48
0 0.413184 0.348318 0.0171022 0.0478659 49
0 0.27334 0.0975033 0.0100756 0.0335961 50
0 0.276424 0.101206 0.0110638 0.0388892 51
