0 0.310827 0.613081 0.0375522 0.148534 1
0 0.200817 0.934788 0.0492949 0.128378 2
0 0.649792 0.582178 0.0293735 0.134472 3
0 0.298441 0.819753 0.0695401 0.133508 4
0 0.124292 0.480769 0.0242123 0.0926607 5
0 0.436465 0.918559 0.0539995 0.162881 6
0 0.383346 0.503404 0.0363613 0.119391 7
0 0.24777 0.601446 0.034437 0.132834 8
0 0.524297 0.523216 0.0310767 0.107779 9
0 0.500265 0.50381 0.0324509 0.10751 10
0 0.255073 0.692809 0.0477478 0.157993 11
0 0.0236863 0.175587 0.0159393 0.0594788 12
0 0.0475836 0.27669 0.0168398 0.0509595 13
0 0.201181 0.608132 0.0279134 0.121304 14
0 0.592661 0.370997 0.0201178 0.0532425 15
0 0.241964 0.365509 0.0228802 0.104044 16
1 0.283087 0.355976 0.0261839 0.0684697 17
0 0.420782 0.491876 0.0242405 0.115355 18
0 0.409063 0.496502 0.0478965 0.126516 19
0 0.496836 0.442372 0.0306216 0.116578 20
0 0.133209 0.653235 0.0503901 0.0955943 21
1 0.204643 0.713353 0.047392 0.121373 22
1 0.440365 0.356484 0.0238768 0.0685149 23
0 0.0573445 0.54795 0.0496859 0.0740489 24
0 0.0455591 0.150212 0.0128183 0.0551003 25
