0 0.294544 0.607121 0.0335016 0.126401 1
0 0.700464 0.673422 0.0311749 0.135793 2
0 0.574015 0.561869 0.0300951 0.118031 3
0 0.739451 0.513958 0.0262528 0.113177 4
0 0.33027 0.953781 0.0320648 0.0924382 5
0 0.510759 0.465422 0.0233246 0.0945426 6
0 0.0731912 0.399758 0.0244768 0.0978047 7
0 0.325369 0.364353 0.016578 0.0823683 8
0 0.483396 0.46137 0.0226871 0.104958 9
0 0.637759 0.497158 0.0240106 0.0905101 10
0 0.0312547 0.350229 0.0228343 0.0795479 11
0 0.0423532 0.235656 0.0187879 0.0607839 12
0 0.208761 0.573733 0.0262739 0.117215 13
0 0.0615929 0.168271 0.0151835 0.0571972 14
0 0.476569 0.551615 0.0236336 0.109755 15
0 0.236643 0.575152 0.0249388 0.122996 16
0 0.526945 0.373207 0.0189774 0.0749614 17
1 0.223667 0.76837 0.0371731 0.106432 18
0 0.201851 0.392887 0.0217284 0.0712013 19
0 0.150926 0.592242 0.042684 0.080846 20
0 0.0589366 0.57329 0.0346753 0.0728121 21
0 0.13874 0.173285 0.0128978 0.055262 22
0 0.0411077 0.408142 0.0291866 0.0826168 23
0 0.185017 0.674331 0.0658848 0.114334 24
0 0.00516915 0.260646 0.0103383 0.0511648 25
0 0.50518 0.377469 0.0192877 0.0646884 26
0 0.197871 0.189828 0.0140744 0.0656903 27
0 0.287573 0.908921 0.0369469 0.17867 28
0 0.637938 0.312844 0.0153246 0.0584027 29
0 0.25258 0.784683 0.0263248 0.0900679 30
0 0.217006 0.112171 0.0118812 0.054899 31
0 0.410853 0.269424 0.0139309 0.0675295 32
0 0.140192 0.488185 0.0248936 0.0558989 33
0 0.334969 0.195807 0.0100473 0.0449403 34
1 0.190259 0.669392 0.0539553 0.113912 35
0 0.767329 0.285731 0.0129686 0.0433602 36
1 0.242661 0.428463 0.0341478 0.053071 37
0 0.0911422 0.480132 0.0298776 0.10153 38
0 0.306245 0.465143 0.0188869 0.0513398 39
1 0.38367 0.345473 0.0233705 0.0652758 40
