0 0.340182 0.621744 0.0384442 0.140171 1
0 0.678123 0.597804 0.0282899 0.12081 2
0 0.266365 0.59226 0.0402582 0.141398 3
0 0.651942 0.508416 0.0286319 0.117263 4
0 0.554127 0.52652 0.0302173 0.111192 5
0 0.0219535 0.423575 0.0271926 0.102191 6
0 0.519979 0.438355 0.028269 0.108436 7
0 0.132567 0.714788 0.0485999 0.143881 8
0 0.478632 0.474858 0.0232046 0.108534 9
0 0.166872 0.620637 0.0463794 0.0859099 10
0 0.307271 0.361516 0.0240335 0.0916543 11
0 0.459529 0.510114 0.0307218 0.119264 12
0 0.194591 0.450109 0.025342 0.082704 13
0 0.153371 0.247336 0.0150857 0.053276 14
0 0.411815 0.923499 0.0573846 0.153003 15
0 0.232598 0.595126 0.0298286 0.130963 16
0 0.13989 0.163962 0.0131602 0.0552383 17
0 0.0909856 0.175666 0.0138362 0.051536 18
0 0.350086 0.357293 0.0254775 0.0737061 19
0 0.288858 0.80399 0.0525285 0.127002 20
0 0.483872 0.364742 0.0221346 0.0694401 21
0 0.355017 0.267103 0.0139059 0.0654953 22
0 0.116321 0.170284 0.0124505 0.0524012 23
0 0.538386 0.483736 0.0268717 0.115153 24
2 0.228047 0.708332 0.0662628 0.124143 25
0 0.545998 0.500602 0.0396474 0.147899 26
0 0.0593982 0.171228 0.0132732 0.0494885 27
0 0.336336 0.806183 0.040374 0.106024 28
0 0.275121 0.479702 0.0261302 0.0685422 29
0 0.163525 0.164297 0.0125997 0.0488416 30
0 0.652806 0.386285 0.0191225 0.0480399 31
0 0.29522 0.297161 0.0190247 0.0603136 32
1 0.291213 0.801514 0.0491582 0.121132 33
0 0.557673 0.236532 0.0131311 0.0482926 34
0 0.0539478 0.4864 0.0276981 0.0850743 35
1 0.118854 0.515466 0.0331926 0.0661329 36
0 0.226734 0.442221 0.0232617 0.0604558 37
0 0.469577 0.491222 0.0396526 0.141683 38
0 0.0291824 0.490838 0.0252414 0.0772871 39
0 0.323405 0.348026 0.0175747 0.0748558 40
0 0.591682 0.291983 0.0138018 0.0532603 41
0 0.110559 0.105285 0.0118802 0.0493327 42
