0 0.720588 0.650232 0.0347866 0.125223 1
0 0.621611 0.482263 0.0287809 0.109939 2
0 0.315466 0.369274 0.0176635 0.0853793 3
0 0.0560121 0.41359 0.0259465 0.0984475 4
0 0.734998 0.505057 0.0282396 0.107372 5
0 0.0199676 0.418854 0.0297831 0.0909459 6
0 0.339897 0.611632 0.0383532 0.140226 7
0 0.56978 0.444336 0.0207488 0.100829 8
0 0.252946 0.585857 0.0393509 0.13085 9
0 0.353 0.91366 0.0499224 0.17027 10
0 0.537433 0.457841 0.0238213 0.099751 11
0 0.556618 0.563955 0.0220051 0.112357 12
0 0.168723 0.607551 0.0414766 0.0832134 13
0 0.466208 0.494072 0.028231 0.115464 14
0 0.47136 0.583625 0.029348 0.127251 15
0 0.468983 0.538558 0.0303671 0.20197 16
0 0.0620787 0.593301 0.0432798 0.0759249 17
0 0.518377 0.366544 0.0220415 0.0801203 18
0 0.20322 0.214684 0.0125962 0.0441895 19
0 0.66686 0.402952 0.0244091 0.0547246 20
0 0.225998 0.587235 0.027504 0.124542 21
0 0.151636 0.175787 0.0144119 0.0452954 22
0 0.209439 0.431294 0.025248 0.0779449 23
0 0.208114 0.167046 0.0127536 0.045781 24
0 0.24046 0.252423 0.0139643 0.046718 25
0 0.0863802 0.470479 0.0289408 0.0793216 26
0 0.0908011 0.173377 0.0138057 0.0656965 27
0 0.498495 0.373489 0.0193141 0.066196 28
0 0.57491 0.342735 0.0187591 0.0465405 29
0 0.214363 0.164101 0.0141273 0.050522 30
1 0.261413 0.786541 0.0515967 0.112085 31
0 0.61619 0.301329 0.0105854 0.0427709 32
0 0.371969 0.36071 0.026102 0.0793274 33
1 0.370712 0.357092 0.0293124 0.0874475 34
0 0.741995 0.273239 0.0126967 0.0384434 35
0 0.388121 0.254265 0.0128379 0.0398125 36
1 0.364228 0.332444 0.0366675 0.0877763 37
0 0.350845 0.87383 0.0457708 0.092238 38
1 0.239523 0.438371 0.0333927 0.0579993 39
