0 0.680909 0.604644 0.0368121 0.121672 1
0 0.281495 0.801567 0.0511578 0.127303 2
0 0.256189 0.589584 0.0393367 0.130571 3
0 0.303035 0.365635 0.0195097 0.0879777 4
0 0.336305 0.618513 0.0349186 0.141682 5
0 0.0275345 0.417164 0.0264776 0.0984758 6
0 0.670367 0.502277 0.0296789 0.114029 7
0 0.389551 0.917011 0.0567555 0.149984 8
0 0.0857887 0.695334 0.0394869 0.141683 9
0 0.544652 0.532903 0.028307 0.117361 10
0 0.559903 0.485104 0.0270209 0.111001 11
0 0.519274 0.445289 0.0261529 0.101272 12
0 0.467039 0.50837 0.0319789 0.167807 13
0 0.165756 0.618504 0.042855 0.0863385 14
0 0.198624 0.444899 0.0242129 0.0738109 15
0 0.325099 0.803676 0.038578 0.10506 16
0 0.352023 0.365098 0.0233794 0.0890004 17
0 0.36103 0.265298 0.0145223 0.0668523 18
0 0.152894 0.16404 0.0138753 0.0602381 19
0 0.103514 0.175273 0.0132734 0.0498025 20
0 0.1718 0.237018 0.0139222 0.0593684 21
0 0.228146 0.579856 0.0222747 0.102286 22
0 0.501195 0.362664 0.0185468 0.075158 23
0 0.553842 0.502548 0.04293 0.148067 24
0 0.306534 0.805637 0.0753627 0.113647 25
0 0.532903 0.426254 0.0151834 0.0941622 26
0 0.0760373 0.170458 0.0155873 0.0492183 27
0 0.232704 0.59294 0.0362968 0.130504 28
0 0.471854 0.476626 0.0271025 0.105419 29
0 0.021033 0.190605 0.01331 0.0399421 30
0 0.483952 0.362354 0.0171238 0.0678298 31
0 0.229534 0.441096 0.0219277 0.0578656 32
0 0.595881 0.295843 0.0114132 0.0467331 33
0 0.114854 0.512261 0.040892 0.0651591 34
0 0.0596532 0.48362 0.0306611 0.084808 35
1 0.121464 0.51218 0.0307539 0.0643606 36
0 0.653738 0.393453 0.0227552 0.0547609 37
1 0.0613199 0.485671 0.0308252 0.0889537 38
0 0.0370806 0.494374 0.0290815 0.0791722 39
