0 0.523693 0.546061 0.0390924 0.128579 1
0 0.624819 0.504884 0.027566 0.115134 2
0 0.478051 0.621244 0.0275116 0.131951 3
0 0.284362 0.558268 0.0288595 0.123813 4
0 0.553354 0.479095 0.0311505 0.0976831 5
0 0.459937 0.559289 0.028697 0.11528 6
0 0.358907 0.342477 0.0163792 0.0773984 7
0 0.135407 0.348266 0.023351 0.0830189 8
0 0.415126 0.481836 0.0282495 0.0936055 9
0 0.248277 0.798591 0.0302572 0.118114 10
0 0.24054 0.527819 0.0228238 0.120039 11
0 0.21452 0.526101 0.0255588 0.115305 12
0 0.451511 0.477534 0.0241984 0.0918945 13
0 0.160864 0.154772 0.0130728 0.0547198 14
0 0.0449019 0.163032 0.0117915 0.0427454 15
0 0.558191 0.372186 0.0199797 0.0683313 16
0 0.105859 0.316003 0.0208952 0.0778518 17
0 0.338382 0.146686 0.0118181 0.0514192 18
0 0.212208 0.198056 0.0140793 0.0563147 19
0 0.0203476 0.501182 0.0292241 0.0830269 20
0 0.536473 0.371448 0.0185427 0.0644151 21
0 0.0705436 0.0975858 0.00903903 0.0291107 22
0 0.372811 0.257928 0.0131366 0.0478882 23
0 0.290947 0.154389 0.0141207 0.0469126 24
0 0.0835826 0.507105 0.0407529 0.0736788 25
0 0.311689 0.181773 0.0118363 0.0481945 26
0 0.0810169 0.067226 0.0114296 0.0378949 27
1 0.412843 0.331429 0.0221245 0.057553 28
0 0.429526 0.337981 0.0179019 0.0462089 29
0 0.10768 0.216434 0.0148564 0.0367192 30
0 0.357223 0.142542 0.00963908 0.0451696 31
0 0.471383 0.257847 0.0163864 0.0549714 32
0 0.0975474 0.0624074 0.00979743 0.0415838 33
0 0.703513 0.420845 0.0271416 0.0531763 34
0 0.0242167 0.177932 0.0138581 0.0562551 35
0 0.177694 0.441715 0.0239344 0.0533747 36
0 0.107755 0.342214 0.0248782 0.0961802 37
1 0.286735 0.403898 0.0257393 0.0650462 38
0 0.391951 0.0953431 0.010455 0.0449921 39
0 0.454535 0.506314 0.0268766 0.142385 40
0 0.17218 0.532269 0.0261853 0.070287 41
0 0.137583 0.425774 0.0229863 0.0782086 42
0 0.411693 0.332043 0.019384 0.0543415 43
0 0.390753 0.150815 0.00959483 0.031922 44
