0 0.0906404 0.55957 0.0279996 0.0933788 1
0 0.145836 0.7636 0.0546362 0.104416 2
0 0.21985 0.707253 0.0400616 0.150898 3
0 0.371589 0.701157 0.0447412 0.161218 4
0 0.197637 0.425694 0.0284241 0.102272 5
0 0.432237 0.509358 0.0322199 0.152745 6
0 0.521058 0.548693 0.0310401 0.118984 7
0 0.0206448 0.651389 0.0412742 0.0799171 8
0 0.421261 0.921079 0.0677272 0.131997 9
0 0.269284 0.689823 0.0443561 0.14988 10
0 0.0220112 0.430284 0.0210433 0.0732134 11
0 0.493188 0.514892 0.026524 0.121684 12
0 0.746673 0.955896 0.0404524 0.0882082 13
0 0.366333 0.923181 0.0520659 0.122511 14
0 0.204308 0.307593 0.0146322 0.0719776 15
0 0.596599 0.431576 0.031996 0.0949671 16
0 0.286419 0.342341 0.0149733 0.0537156 17
0 0.244913 0.829865 0.0498431 0.141525 18
0 0.542565 0.512956 0.0247732 0.0988439 19
0 0.407164 0.386174 0.0181899 0.0694368 20
0 0.560165 0.964296 0.0429886 0.0701277 21
0 0.558249 0.389555 0.016884 0.0537784 22
0 0.122078 0.532821 0.0326713 0.075763 23
0 0.533981 0.536363 0.0363503 0.139812 24
0 0.323413 0.294514 0.0152347 0.062401 25
0 0.589008 0.242216 0.0147811 0.0419072 26
1 0.234894 0.397647 0.0227074 0.0606394 27
0 0.389487 0.394231 0.0178364 0.0635537 28
0 0.233019 0.226736 0.00896172 0.0341284 29
0 0.54466 0.453429 0.0241936 0.0963201 30
0 0.395287 0.390321 0.0177708 0.066956 31
0 0.444873 0.355404 0.0198752 0.0406905 32
0 0.0390852 0.234776 0.0105645 0.0501123 33
