0 0.337972 0.6153 0.0416767 0.14208 1
0 0.0252412 0.415261 0.0275321 0.091082 2
0 0.542853 0.541812 0.0287805 0.110348 3
0 0.684305 0.606792 0.0312149 0.126508 4
0 0.254739 0.593152 0.039911 0.135671 5
0 0.298833 0.367045 0.0197397 0.090684 6
0 0.0687173 0.696201 0.05313 0.161818 7
0 0.564098 0.484339 0.0266443 0.109699 8
0 0.464377 0.513562 0.034034 0.164962 9
0 0.674163 0.495644 0.0267474 0.112453 10
0 0.517144 0.447617 0.0251087 0.0977627 11
0 0.280203 0.803114 0.0635392 0.125363 12
0 0.194534 0.446798 0.0235326 0.0786298 13
0 0.382956 0.919685 0.0430844 0.151132 14
0 0.222305 0.593395 0.0347443 0.130449 15
0 0.35197 0.36534 0.0230702 0.086688 16
0 0.504592 0.362641 0.0222237 0.0720153 17
0 0.15362 0.169229 0.0126799 0.0530395 18
0 0.301018 0.805696 0.0685116 0.10869 19
0 0.323537 0.341019 0.0230228 0.0680944 20
0 0.0775762 0.170139 0.0167081 0.0515227 21
0 0.360563 0.268206 0.0132432 0.0683973 22
0 0.161799 0.619491 0.0377747 0.0863381 23
0 0.103435 0.17516 0.0137903 0.05233 24
0 0.5353 0.424111 0.0157997 0.0832218 25
0 0.128243 0.167387 0.0128821 0.0572818 26
0 0.317418 0.804388 0.0395541 0.0977293 27
0 0.0390958 0.182788 0.0158344 0.0566876 28
0 0.174823 0.23217 0.0139907 0.0484909 29
0 0.497895 0.360029 0.0184429 0.0717029 30
0 0.595058 0.294828 0.0120447 0.046456 31
0 0.00594667 0.125638 0.0118933 0.0481325 32
0 0.0426836 0.154437 0.0158015 0.0589979 33
0 0.114742 0.513703 0.0488898 0.0656011 34
0 0.465112 0.478713 0.0264171 0.107118 35
0 0.0576093 0.482841 0.02788 0.0810158 36
0 0.483402 0.368137 0.0185491 0.0708661 37
2 0.215002 0.699695 0.0694528 0.123252 38
0 0.651659 0.391782 0.0182147 0.052338 39
0 0.479798 0.327813 0.0176905 0.0523361 40
0 0.225752 0.443755 0.0239221 0.0636395 41
