0 0.239604 0.617375 0.0360582 0.134936 1
0 0.10924 0.493849 0.0265345 0.0897822 2
0 0.492405 0.603597 0.0618496 0.12877 3
0 0.621715 0.591778 0.0343592 0.123345 4
0 0.173009 0.920157 0.0481487 0.159281 5
0 0.305412 0.706377 0.0374883 0.133492 6
0 0.12434 0.671845 0.0525908 0.0917878 7
0 0.526966 0.517819 0.0282214 0.107339 8
0 0.4449 0.922394 0.0452558 0.149902 9
0 0.293243 0.828121 0.0580561 0.134637 10
0 0.50385 0.438381 0.0258247 0.108337 11
0 0.50418 0.286823 0.0143642 0.0604034 12
0 0.38153 0.502281 0.0279688 0.113818 13
0 0.349355 0.827578 0.0433136 0.108333 14
0 0.193211 0.623756 0.036924 0.13138 15
0 0.413266 0.490178 0.0219212 0.108966 16
0 0.025639 0.291404 0.0172266 0.0531132 17
0 0.307498 0.602415 0.0341466 0.116931 18
0 0.520253 0.425327 0.0208269 0.0983225 19
0 0.202335 0.73514 0.0511395 0.130206 20
0 0.483173 0.928169 0.0337605 0.135846 21
0 0.148279 0.46917 0.0280083 0.0596924 22
0 0.226592 0.380795 0.0214361 0.090556 23
0 0.429328 0.356727 0.0205149 0.0700447 24
0 0.5775 0.372489 0.0188516 0.0520603 25
0 0.0442868 0.562465 0.0437307 0.0699044 26
0 0.257861 0.266314 0.0116991 0.0497141 27
0 0.411081 0.367386 0.0204687 0.0641542 28
0 0.236056 0.485943 0.0259163 0.0686444 29
0 0.256914 0.403385 0.0152149 0.0581165 30
0 0.27036 0.356775 0.0215208 0.0551625 31
0 0.232421 0.36245 0.0195998 0.054417 32
