0 0.517442 0.576391 0.0256464 0.121595 1
0 0.339965 0.564723 0.0278715 0.125028 2
0 0.484887 0.482632 0.0250006 0.101253 3
0 0.559501 0.448798 0.0234995 0.105504 4
0 0.0932193 0.689498 0.0515119 0.128359 5
0 0.0304597 0.326295 0.019726 0.0740874 6
0 0.113858 0.6713 0.0295704 0.144958 7
0 0.262928 0.482713 0.0304724 0.117954 8
0 0.204943 0.28646 0.0167199 0.0670814 9
0 0.413998 0.473726 0.0220829 0.103854 10
0 0.385382 0.171623 0.0118922 0.0484714 11
0 0.0858992 0.278833 0.0182934 0.0717696 12
0 0.165364 0.145423 0.0131442 0.0468067 13
0 0.225705 0.443428 0.026243 0.10531 14
0 0.416425 0.307677 0.0151415 0.0768854 15
0 0.44087 0.493756 0.0212173 0.103668 16
0 0.543488 0.673327 0.0242241 0.152263 17
0 0.221655 0.256676 0.0147954 0.0671067 18
0 0.147684 0.162571 0.0112952 0.0437352 19
0 0.0910075 0.401216 0.026378 0.0723659 20
0 0.603483 0.359356 0.0201288 0.0733465 21
0 0.043411 0.2596 0.0160735 0.0577847 22
0 0.33882 0.123298 0.0103744 0.0483197 23
0 0.192895 0.452432 0.0262324 0.0757596 24
0 0.306103 0.290644 0.0155744 0.0566557 25
0 0.12471 0.193274 0.0125316 0.0466388 26
0 0.00834399 0.149392 0.01403 0.0513044 27
0 0.404768 0.134443 0.0102149 0.0409164 28
0 0.588022 0.43367 0.0176592 0.0847718 29
0 0.129702 0.192816 0.0135992 0.0469308 30
0 0.339166 0.373654 0.0242493 0.0814623 31
0 0.223427 0.300095 0.0189439 0.0645791 32
0 0.479242 0.138893 0.00967711 0.0434376 33
0 0.307959 0.0455892 0.00909251 0.039386 34
0 0.29203 0.0477013 0.00935 0.0362016 35
0 0.577547 0.360399 0.0197304 0.0676686 36
0 0.363619 0.388308 0.0148112 0.0469006 37
0 0.353736 0.0279333 0.00939603 0.0297748 38
0 0.233775 0.0718417 0.00875378 0.028196 39
1 0.164148 0.580564 0.0370611 0.0925083 40
0 0.233591 0.126648 0.00893618 0.0458749 41
0 0.226896 0.361103 0.0261505 0.0833359 42
0 0.585574 0.366831 0.0180723 0.0666655 43
0 0.493026 0.137751 0.0098396 0.0461383 44
0 0.341765 0.0636981 0.00834495 0.030897 45
0 0.443014 0.135416 0.0109024 0.0418635 46
0 0.205552 0.142181 0.0101414 0.0386055 47
0 0.0350826 0.279507 0.0167778 0.0456752 48
0 0.593865 0.364958 0.0167383 0.0726021 49
0 0.137974 0.414131 0.0283952 0.0623406 50
0 0.202942 0.0799797 0.00933824 0.0260417 51
1 0.338479 0.364823 0.024002 0.0761454 52
0 0.421449 0.137442 0.00945491 0.0366356 53
0 0.0317671 0.3018 0.0178754 0.0796085 54
