0 0.537998 0.532587 0.0296242 0.102045 1
0 0.265801 0.830314 0.031012 0.127378 2
0 0.583471 0.590918 0.0262466 0.119343 3
0 0.66367 0.499545 0.0276518 0.107315 4
0 0.214383 0.538694 0.0266034 0.111106 5
0 0.356785 0.349563 0.0178682 0.0818622 6
0 0.240997 0.541268 0.0232959 0.122721 7
0 0.287455 0.571618 0.0301985 0.128908 8
0 0.463192 0.622982 0.0304618 0.127227 9
0 0.571982 0.47844 0.0229136 0.0953849 10
0 0.0267765 0.168558 0.013979 0.0439023 11
0 0.553975 0.374056 0.0189917 0.0670924 12
0 0.437476 0.492077 0.0282979 0.10394 13
0 0.278545 0.186347 0.0134278 0.0617532 14
0 0.0926657 0.319618 0.0159043 0.0743578 15
0 0.468727 0.496993 0.0279982 0.112417 16
0 0.13775 0.161008 0.012448 0.0517086 17
0 0.12283 0.362885 0.0223124 0.0858608 18
0 0.179055 0.20589 0.013027 0.0543833 19
1 0.0121364 0.519328 0.0240088 0.0827856 20
0 0.467743 0.542887 0.0343826 0.0913586 21
0 0.411411 0.336528 0.0344288 0.0737157 22
0 0.291479 0.100459 0.00992745 0.0420686 23
1 0.208305 0.724448 0.0494247 0.119518 24
0 0.220464 0.865257 0.0400847 0.18702 25
0 0.355218 0.261012 0.0129477 0.0474741 26
0 0.532971 0.377101 0.0203053 0.0629853 27
0 0.345615 0.149836 0.0128034 0.0526143 28
0 0.0836117 0.52704 0.0339373 0.0707508 29
0 0.00430861 0.1887 0.00860175 0.0570285 30
0 0.0413473 0.100394 0.0114068 0.0393071 31
0 0.0121938 0.520033 0.0237667 0.082167 32
0 0.331249 0.158653 0.0108174 0.040006 33
0 0.818644 0.303348 0.0168358 0.0507706 34
0 0.0986978 0.378073 0.0210321 0.061948 35
0 0.163969 0.548012 0.0354015 0.0750217 36
0 0.048893 0.0695525 0.0122857 0.0358665 37
0 0.0683725 0.0659053 0.0100654 0.0363556 38
1 0.166761 0.456571 0.030953 0.0567342 39
0 0.326204 0.448674 0.0186676 0.0490409 40
0 0.0861143 0.223457 0.0162967 0.0352093 41
0 0.319774 0.154767 0.0109536 0.0443126 42
0 0.127174 0.440073 0.0256976 0.0837171 43
0 0.69755 0.422309 0.0255613 0.0509973 44
0 0.353129 0.148687 0.0102567 0.050625 45
1 0.411783 0.335346 0.0360275 0.0731078 46
0 0.168736 0.456166 0.0262496 0.0650194 47
0 0.100543 0.399279 0.0209601 0.0749405 48
1 0.188603 0.624948 0.0462094 0.10776 49
0 0.462774 0.245006 0.0133032 0.0421983 50
