0 0.330622 0.55641 0.0293615 0.122928 1
0 0.0119819 0.340038 0.0221545 0.081375 2
0 0.510459 0.569798 0.0269986 0.12316 3
0 0.547932 0.679291 0.0282957 0.147756 4
0 0.439083 0.502116 0.0224642 0.101969 5
0 0.372622 0.172309 0.0134267 0.0513862 6
0 0.414629 0.476421 0.0294673 0.102983 7
0 0.0672931 0.289436 0.0218963 0.0666697 8
0 0.554676 0.449355 0.0214411 0.102653 9
0 0.0253202 0.265871 0.0212318 0.0614266 10
0 0.194874 0.290587 0.0169329 0.0690948 11
0 0.259598 0.488009 0.0328803 0.116039 12
0 0.0896683 0.697409 0.0431292 0.132787 13
0 0.409817 0.308976 0.0143803 0.0747905 14
0 0.480332 0.480066 0.0266029 0.0982922 15
0 0.153264 0.150245 0.0123822 0.0424921 16
0 0.114723 0.681865 0.0323513 0.14898 17
0 0.133651 0.164889 0.012273 0.0482424 18
0 0.32808 0.128278 0.0106315 0.0549013 19
0 0.596958 0.359234 0.0209459 0.0725816 20
0 0.114598 0.194041 0.0166803 0.0489445 21
0 0.219015 0.451253 0.0237186 0.101339 22
0 0.574429 0.441841 0.02482 0.0972306 23
0 0.554359 0.24798 0.0153572 0.0647765 24
0 0.21794 0.12832 0.00900988 0.0433015 25
0 0.332138 0.37308 0.0244816 0.0835964 26
0 0.181661 0.507253 0.0296107 0.076227 27
0 0.574063 0.363162 0.019018 0.0681268 28
0 0.221179 0.070481 0.00943608 0.0312804 29
0 0.301311 0.297524 0.0159199 0.0641296 30
0 0.392043 0.135863 0.00999024 0.0389115 31
0 0.234399 0.448422 0.0258502 0.106635 32
0 0.214003 0.310653 0.0206316 0.0581243 33
0 0.211039 0.257081 0.0147426 0.0660716 34
0 0.430359 0.134782 0.0102986 0.0451306 35
0 0.188489 0.457428 0.0263799 0.0705241 36
0 0.131113 0.415743 0.0299226 0.0711148 37
0 0.0835059 0.405875 0.027491 0.0735552 38
0 0.338661 0.0281485 0.0102694 0.030925 39
0 0.46844 0.1378 0.0108811 0.0439618 40
0 0.359086 0.390983 0.0176565 0.0459094 41
0 0.323983 0.0282613 0.0107962 0.0412928 42
0 0.27642 0.0510699 0.00979912 0.03397 43
0 0.146873 0.144269 0.0103786 0.0430737 44
0 0.443911 0.131571 0.010743 0.0509506 45
0 0.165763 0.595117 0.0398581 0.0852556 46
0 0.873818 0.323834 0.0144551 0.0501026 47
0 0.191586 0.141569 0.00925729 0.035572 48
0 0.253771 0.0679707 0.0100843 0.0371583 49
0 0.290787 0.0486612 0.00917691 0.0377385 50
0 0.408732 0.130683 0.00995922 0.0472616 51
0 0.527823 0.0964737 0.00868852 0.0373254 52
