0 0.54485 0.552674 0.0253195 0.118959 1
0 0.626062 0.579425 0.031235 0.120616 2
0 0.492265 0.515986 0.0308725 0.142009 3
0 0.0977561 0.565145 0.0275378 0.096006 4
0 0.256327 0.84535 0.0510473 0.14549 5
0 0.281011 0.699117 0.0420121 0.145276 6
0 0.381832 0.934731 0.0514364 0.126744 7
0 0.443483 0.491234 0.0297989 0.117069 8
0 0.381287 0.712275 0.0399759 0.162609 9
0 0.203561 0.429221 0.0249538 0.102765 10
0 0.436925 0.934829 0.0591474 0.124249 11
0 0.645343 0.440688 0.028043 0.0972022 12
0 0.597013 0.457246 0.0207168 0.0924432 13
0 0.0259551 0.421477 0.0184311 0.0733901 14
0 0.234396 0.707111 0.0333502 0.130496 15
0 0.155727 0.774502 0.0560718 0.112232 16
0 0.0270297 0.657944 0.0520118 0.0797794 17
0 0.280783 0.352404 0.0138006 0.0569355 18
0 0.454226 0.468527 0.0218616 0.104995 19
0 0.131235 0.536227 0.0300006 0.064681 20
0 0.562831 0.397312 0.0186077 0.0485658 21
0 0.590663 0.245065 0.0111613 0.0401779 22
0 0.0404067 0.244302 0.0121867 0.040383 23
0 0.209355 0.310247 0.0216168 0.0708263 24
1 0.240086 0.403993 0.0220565 0.0547675 25
0 0.413313 0.39171 0.0203278 0.0700076 26
0 0.258011 0.272148 0.0145879 0.0731673 27
1 0.230876 0.401123 0.0228481 0.0620657 28
0 0.393129 0.397249 0.0168931 0.0663151 29
