0 0.677987 0.664283 0.0300245 0.134921 1
0 0.288234 0.595981 0.034951 0.134685 2
0 0.728068 0.514216 0.0282881 0.109935 3
0 0.184079 0.664999 0.0633318 0.117178 4
0 0.625829 0.483521 0.0222599 0.105651 5
0 0.331664 0.363469 0.0186724 0.0829419 6
0 0.0828862 0.391751 0.0248092 0.0928289 7
0 0.314986 0.930908 0.0316195 0.127875 8
0 0.152873 0.580724 0.0414906 0.0798844 9
0 0.565843 0.564933 0.0244984 0.107591 10
0 0.497266 0.483811 0.0231316 0.113714 11
0 0.469084 0.482953 0.0247607 0.106904 12
0 0.476373 0.567502 0.0292219 0.121442 13
0 0.233613 0.569729 0.0293755 0.125465 14
0 0.531037 0.37664 0.0194332 0.0688534 15
0 0.0448644 0.340619 0.0200536 0.0745795 16
1 0.217515 0.75898 0.0479341 0.103308 17
0 0.0531349 0.398923 0.0251688 0.0824782 18
0 0.20836 0.564208 0.028287 0.115427 19
0 0.0751141 0.233813 0.0168924 0.0525638 20
0 0.218616 0.194396 0.0125496 0.051836 21
0 0.0658204 0.568086 0.0284865 0.0663642 22
0 0.269354 0.903679 0.0371867 0.18403 23
0 0.0506958 0.367999 0.0293946 0.1203 24
0 0.509433 0.379684 0.0191605 0.0646706 25
0 0.375773 0.343765 0.0222447 0.0734296 26
0 0.205597 0.380092 0.0183096 0.0670127 27
1 0.246229 0.425269 0.0357965 0.0548142 28
0 0.269086 0.162694 0.0111264 0.0439826 29
0 0.471058 0.643004 0.036452 0.149586 30
0 0.0072425 0.0477057 0.0126008 0.0374253 31
0 0.272222 0.863564 0.0332188 0.113082 32
0 0.0932408 0.477749 0.0376028 0.09765 33
0 0.0745632 0.179125 0.0136789 0.0603509 34
0 0.677746 0.42023 0.024439 0.0541278 35
0 0.42292 0.258385 0.0142912 0.0554062 36
0 0.426261 0.269528 0.0179437 0.0608569 37
0 0.3929 0.349586 0.0194843 0.059112 38
0 0.265116 0.161605 0.0139658 0.0441099 39
0 0.305071 0.165578 0.011339 0.0512712 40
0 0.0170069 0.24318 0.0197465 0.0364032 41
0 0.236392 0.159039 0.0100479 0.0443233 42
0 0.144329 0.482144 0.027623 0.0548389 43
