0 0.332938 0.620982 0.0457059 0.134446 1
0 0.408915 0.921481 0.045312 0.156214 2
0 0.601707 0.516805 0.0282522 0.112329 3
0 0.662253 0.574843 0.0292845 0.124223 4
0 0.544623 0.510967 0.0272474 0.106462 5
0 0.468114 0.480434 0.0224476 0.109004 6
0 0.259 0.591771 0.0348133 0.12963 7
0 0.176601 0.787592 0.0488244 0.172836 8
0 0.293034 0.807977 0.0505931 0.134147 9
0 0.102097 0.170792 0.0132974 0.0539029 10
0 0.171576 0.464662 0.0251234 0.0840978 11
0 0.426446 0.496008 0.02509 0.104757 12
2 0.0294561 0.629615 0.0589122 0.0753667 13
0 0.505254 0.442697 0.0281433 0.107651 14
0 0.222504 0.590021 0.0283016 0.117305 15
0 0.292218 0.363357 0.0220699 0.0914743 16
0 0.330568 0.267497 0.0127959 0.0645963 17
0 0.518369 0.456076 0.0235534 0.122555 18
0 0.113024 0.253922 0.0149359 0.046973 19
0 0.327166 0.365174 0.0225739 0.0895636 20
0 0.443283 0.928044 0.0367378 0.142809 21
1 0.0346519 0.495459 0.0374114 0.0823508 22
0 0.159057 0.631087 0.0460536 0.0867976 23
0 0.325489 0.809061 0.0746739 0.119485 24
0 0.465478 0.366273 0.0191086 0.062262 25
0 0.569794 0.291921 0.0160668 0.0628252 26
1 0.207724 0.448724 0.0244926 0.0621497 27
0 0.0328158 0.495494 0.0335532 0.0821354 28
0 0.0187127 0.172019 0.0125435 0.0552407 29
0 0.03016 0.182572 0.012924 0.0424548 30
0 0.0988771 0.523943 0.0282275 0.0665475 31
0 0.286143 0.354228 0.0204678 0.0926832 32
