0 0.544034 0.667884 0.0316114 0.143437 1
0 0.488888 0.561486 0.0290627 0.117349 2
0 0.328072 0.528856 0.0255329 0.105569 3
0 0.414984 0.471566 0.0277544 0.0988566 4
0 0.438809 0.501944 0.0197356 0.0960266 5
0 0.257079 0.494407 0.0268217 0.121857 6
0 0.546132 0.442621 0.0231276 0.113587 7
0 0.112874 0.698133 0.0372157 0.154411 8
0 0.0924303 0.715555 0.0490878 0.128652 9
0 0.397796 0.31336 0.0148211 0.072168 10
0 0.0337257 0.304592 0.0204184 0.0736708 11
0 0.224347 0.462983 0.0331361 0.110611 12
0 0.351243 0.175185 0.01161 0.048515 13
0 0.443179 0.309311 0.0179403 0.0586835 14
0 0.465041 0.474951 0.0243063 0.101084 15
0 0.178984 0.298644 0.0181339 0.0704642 16
0 0.107615 0.169447 0.0109709 0.0450661 17
0 0.194352 0.26268 0.0163064 0.0598212 18
0 0.0799993 0.206668 0.0126251 0.0517698 19
0 0.0656773 0.417976 0.0257339 0.0784334 20
0 0.166653 0.145644 0.0097873 0.0394424 21
0 0.191662 0.135647 0.00931169 0.0388573 22
0 0.246576 0.0513632 0.00779247 0.0335141 23
0 0.304486 0.132735 0.00989828 0.0440539 24
0 0.126665 0.155782 0.0103628 0.0409678 25
0 0.212096 0.455895 0.0258943 0.107977 26
0 0.197404 0.306735 0.0193263 0.0734329 27
0 0.369401 0.137823 0.0103083 0.0415219 28
0 0.585618 0.359452 0.0202652 0.0731434 29
0 0.537118 0.247524 0.0141121 0.0708769 30
0 0.197991 0.0726877 0.00893645 0.0287946 31
0 0.0889181 0.207406 0.0163121 0.0516841 32
0 0.225375 0.188349 0.0127659 0.0424076 33
0 0.290453 0.30824 0.0190076 0.0663501 34
0 0.177238 0.471224 0.0294988 0.0767378 35
0 0.561049 0.361633 0.023434 0.0698782 36
0 0.115235 0.148872 0.00919607 0.0438897 37
0 0.156104 0.0875921 0.00884619 0.0363427 38
0 0.0545632 0.106589 0.00937965 0.0355681 39
0 0.120091 0.150185 0.0126879 0.0444064 40
0 0.408343 0.14267 0.0109917 0.0379052 41
1 0.318448 0.368053 0.0304681 0.0706507 42
0 0.188801 0.360581 0.0210519 0.0683295 43
0 0.0394916 0.105927 0.00866127 0.0288865 44
0 0.210595 0.380073 0.0192089 0.0679399 45
1 0.177933 0.474519 0.0307519 0.0849223 46
0 0.29487 0.0442087 0.00855857 0.0401923 47
0 0.447552 0.13278 0.0108109 0.0513436 48
0 0.308902 0.0278804 0.00793305 0.0281375 49
0 0.0446627 0.0214467 0.00863814 0.0302907 50
0 0.269331 0.0549897 0.00782803 0.0337945 51
0 0.320914 0.377673 0.0287623 0.0869384 52
0 0.450661 0.142642 0.0114644 0.0453716 53
1 0.159387 0.598518 0.0454781 0.106557 54
0 0.0716937 0.113484 0.0101861 0.0282162 55
