0 0.546959 0.547281 0.0237223 0.117663 1
0 0.378556 0.932076 0.049614 0.127085 2
0 0.511454 0.538804 0.0264669 0.111854 3
0 0.275393 0.701913 0.0489768 0.152661 4
0 0.633112 0.434156 0.0230942 0.0948119 5
0 0.4902 0.501653 0.0251644 0.109177 6
0 0.153491 0.774184 0.0547721 0.114289 7
0 0.432112 0.932735 0.0687685 0.131975 8
0 0.376579 0.710214 0.044174 0.164182 9
0 0.0966243 0.564315 0.0285234 0.0963001 10
0 0.614921 0.553593 0.0409912 0.0952769 11
0 0.202301 0.427438 0.0222768 0.103732 12
0 0.0252063 0.65729 0.0499834 0.0798052 13
0 0.0268624 0.423539 0.0193837 0.0751544 14
0 0.439698 0.495581 0.0306398 0.138908 15
0 0.230585 0.708778 0.0344188 0.137482 16
0 0.25428 0.835991 0.0519774 0.132543 17
0 0.284977 0.345382 0.0145211 0.0544077 18
0 0.585859 0.453153 0.0270304 0.103578 19
0 0.562106 0.396937 0.0201083 0.0492174 20
0 0.590893 0.24629 0.012472 0.040879 21
0 0.129987 0.535402 0.0307969 0.0686357 22
0 0.392667 0.397693 0.0174142 0.0661718 23
0 0.205329 0.297077 0.0142679 0.0465575 24
0 0.206167 0.310506 0.0181349 0.0715417 25
0 0.0779354 0.246575 0.0135692 0.0515233 26
0 0.444277 0.462838 0.0251196 0.0881046 27
0 0.574287 0.969594 0.0454431 0.0600398 28
1 0.239045 0.402734 0.0225838 0.0545092 29
0 0.232471 0.54746 0.0315692 0.0725944 30
0 0.0834289 0.204124 0.00952313 0.0387505 31
