0 0.514274 0.643765 0.0291704 0.135328 1
0 0.338586 0.500034 0.0241061 0.111342 2
0 0.266463 0.514056 0.027999 0.124797 3
0 0.523119 0.441023 0.0260847 0.114045 4
0 0.38388 0.325456 0.0160873 0.0782917 5
0 0.230666 0.486838 0.0251676 0.116046 6
0 0.577446 0.3621 0.0225314 0.0726646 7
0 0.0392678 0.210784 0.0160196 0.0447348 8
0 0.12382 0.743531 0.0593082 0.164209 9
0 0.0497426 0.444054 0.0251918 0.0783729 10
0 0.178297 0.321827 0.0233632 0.0848631 11
0 0.145201 0.139453 0.0130671 0.0472407 12
0 0.43172 0.448278 0.0251451 0.100252 13
0 0.25319 0.139957 0.0112247 0.0461273 14
0 0.444278 0.484798 0.0214235 0.106206 15
0 0.320561 0.187333 0.0112977 0.0492452 16
0 0.155961 0.314513 0.0199638 0.0777394 17
0 0.209415 0.473454 0.0259093 0.124986 18
0 0.0803431 0.162963 0.014919 0.0549492 19
0 0.465202 0.530601 0.0313273 0.157025 20
0 0.105992 0.452594 0.0348678 0.0718414 21
0 0.440507 0.317736 0.0255951 0.0696116 22
0 0.0129996 0.233606 0.0199311 0.0639035 23
0 0.163301 0.0823349 0.0109824 0.0385927 24
0 0.259326 0.0406291 0.00803328 0.0421606 25
0 0.174102 0.520402 0.0415782 0.130641 26
0 0.436359 0.297331 0.0213032 0.100151 27
0 0.102339 0.0932132 0.00845432 0.0298938 28
0 0.410178 0.135948 0.00941258 0.0446814 29
0 0.462985 0.491236 0.0284401 0.115696 30
0 0.415673 0.144477 0.0106136 0.0421809 31
0 0.427139 0.139679 0.0103072 0.0462844 32
0 0.55354 0.363563 0.0219343 0.064249 33
0 0.122832 0.15793 0.0131899 0.0494972 34
0 0.37128 0.146587 0.0136547 0.0438526 35
0 0.197207 0.0570404 0.0101235 0.0359266 36
0 0.330226 0.143437 0.0106893 0.0398967 37
0 0.165878 0.131407 0.0128261 0.0556241 38
0 0.431719 0.268814 0.0153062 0.0676495 39
0 0.173924 0.497891 0.0252458 0.0860392 40
0 0.202614 0.4095 0.0235836 0.0661044 41
0 0.245895 0.0412391 0.00907326 0.046184 42
0 0.165682 0.632348 0.057909 0.11021 43
0 0.188855 0.198177 0.0155171 0.033537 44
0 0.220971 0.0576314 0.00892564 0.0384645 45
0 0.168193 0.282051 0.0184556 0.0692437 46
