0 0.346912 0.576873 0.0263546 0.121911 1
0 0.0190901 0.283546 0.0199929 0.0731856 2
0 0.558073 0.44737 0.0267561 0.103375 3
0 0.439145 0.494727 0.0224434 0.103553 4
0 0.483472 0.480902 0.0272409 0.112884 5
0 0.266194 0.476375 0.025138 0.115449 6
0 0.0890362 0.670219 0.0444252 0.129107 7
0 0.109302 0.654825 0.0289243 0.134561 8
0 0.526315 0.585534 0.0283694 0.124508 9
0 0.115108 0.271046 0.0197929 0.0700186 10
0 0.185744 0.140765 0.0126082 0.0476156 11
0 0.411836 0.471357 0.0238339 0.100609 12
0 0.0671807 0.250711 0.0156843 0.0568108 13
0 0.0610392 0.304946 0.0214019 0.0755238 14
0 0.583958 0.36122 0.0214957 0.067221 15
0 0.399253 0.168591 0.0116874 0.05119 16
0 0.354089 0.121349 0.0102087 0.0474537 17
0 0.101182 0.39216 0.025381 0.0743686 18
0 0.610863 0.363312 0.0195736 0.077691 19
0 0.143106 0.182466 0.0126199 0.041283 20
0 0.234665 0.251479 0.0160997 0.0625966 21
0 0.425184 0.305907 0.0153633 0.0778516 22
0 0.165802 0.155411 0.0129943 0.0422924 23
0 0.21753 0.285218 0.0203186 0.0756172 24
0 0.0337406 0.151102 0.0116423 0.0468808 25
0 0.531982 0.670889 0.028911 0.153828 26
0 0.314128 0.279917 0.0177464 0.0645721 27
0 0.57342 0.243473 0.0128838 0.0663635 28
0 0.343793 0.363967 0.0264079 0.0869742 29
0 0.12994 0.186385 0.0111191 0.0436797 30
0 0.251945 0.118375 0.00973761 0.0511189 31
0 0.201176 0.447683 0.0198575 0.0687129 32
0 0.368319 0.38616 0.0156698 0.0463654 33
0 0.0164548 0.168884 0.0114665 0.0399789 34
0 0.229424 0.0764546 0.0105626 0.0299371 35
0 0.0657376 0.118951 0.00918029 0.0428802 36
0 0.190573 0.492643 0.0265185 0.0746831 37
0 0.230462 0.291905 0.0188337 0.0819433 38
0 0.376337 0.0251584 0.009949 0.0295219 39
0 0.225978 0.136246 0.0106191 0.0350238 40
0 0.237791 0.436546 0.0266922 0.1052 41
0 0.146013 0.404627 0.0288903 0.0683385 42
0 0.236081 0.369785 0.0250114 0.0776911 43
0 0.313936 0.0485464 0.00976547 0.0357273 44
0 0.0888746 0.103096 0.00981262 0.0301579 45
0 0.422285 0.132206 0.0113333 0.0435571 46
0 0.495626 0.136324 0.0100104 0.0431471 47
0 0.609596 0.432646 0.0199396 0.0956729 48
1 0.16421 0.562173 0.0347826 0.0839327 49
0 0.327352 0.0473267 0.00875153 0.0379913 50
0 0.361542 0.0422533 0.0107894 0.0457957 51
1 0.495836 0.31431 0.0215386 0.0494825 52
0 0.277308 0.17614 0.0124795 0.035604 53
0 0.00751305 0.165899 0.014869 0.0370543 54
1 0.344501 0.362501 0.0258755 0.0857217 55
0 0.228542 0.436671 0.0263668 0.102371 56
0 0.311279 0.0452604 0.0101348 0.0358569 57
