0 0.193028 0.784448 0.0527008 0.141143 1
0 0.308972 0.659182 0.0380458 0.142301 2
0 0.228238 0.653 0.0403569 0.140921 3
0 0.414664 0.593949 0.0311407 0.128814 4
0 0.46129 0.943072 0.0430136 0.113857 5
0 0.395766 0.801736 0.0508468 0.175368 6
0 0.541737 0.563133 0.0407401 0.147867 7
0 0.299341 0.873202 0.0566028 0.144469 8
0 0.182143 0.665705 0.0360468 0.140118 9
0 0.505653 0.444212 0.0235155 0.0993942 10
0 0.460387 0.557498 0.0278758 0.113246 11
0 0.410527 0.505609 0.0293281 0.111507 12
0 0.0341881 0.949555 0.0430635 0.10089 13
0 0.0167382 0.600524 0.0334764 0.0821089 14
0 0.07945 0.529751 0.0260176 0.0874512 15
0 0.479313 0.438635 0.0271261 0.0987894 16
0 0.382541 0.49779 0.0293262 0.117286 17
0 0.196761 0.40234 0.0223058 0.10206 18
0 0.344725 0.886206 0.0739088 0.122903 19
0 0.117926 0.501009 0.035685 0.0708918 20
0 0.0732109 0.467674 0.028094 0.0953423 21
0 0.246345 0.448708 0.0187533 0.0571586 22
0 0.21608 0.292485 0.015352 0.0699438 23
0 0.3583 0.872485 0.0497577 0.0900235 24
0 0.103107 0.714417 0.0410788 0.100384 25
0 0.512258 0.945408 0.0345158 0.103329 26
0 0.385896 0.378418 0.0223649 0.0722182 27
0 0.472403 0.305265 0.0156959 0.0801309 28
0 0.584147 0.237773 0.0111433 0.0390663 29
0 0.553595 0.37928 0.0158681 0.0506749 30
0 0.307449 0.268077 0.013079 0.0568775 31
0 0.237327 0.378716 0.0223546 0.0571282 32
0 0.321386 0.278504 0.0148339 0.060809 33
0 0.396054 0.377817 0.0223482 0.070242 34
0 0.405834 0.373207 0.0196924 0.067417 35
