0 0.0690847 0.536874 0.0265384 0.0940658 1
0 0.227872 0.662175 0.0368521 0.13902 2
0 0.421853 0.821051 0.0449556 0.170904 3
0 0.315831 0.670022 0.0375893 0.144742 4
0 0.507114 0.446236 0.0233998 0.0975894 5
0 0.388162 0.494484 0.0280204 0.11144 6
0 0.468746 0.439769 0.0220578 0.0907483 7
0 0.181523 0.674288 0.0344206 0.138887 8
0 0.303988 0.881733 0.0506035 0.140494 9
0 0.193592 0.796913 0.0498573 0.137586 10
0 0.348295 0.890801 0.0711391 0.123125 11
0 0.412986 0.503078 0.0239002 0.102628 12
0 0.469474 0.947041 0.0392392 0.105917 13
0 0.557168 0.533857 0.0285033 0.112733 14
0 0.190055 0.409405 0.0201935 0.0936429 15
0 0.429641 0.562256 0.027938 0.0993798 16
0 0.0598 0.464652 0.0238261 0.0876539 17
0 0.106436 0.726382 0.0554048 0.101045 18
0 0.532175 0.561235 0.0270913 0.118617 19
0 0.461972 0.551847 0.0247291 0.10147 20
0 0.204583 0.300086 0.0182416 0.0706834 21
0 0.464832 0.29814 0.0146292 0.0660195 22
0 0.239449 0.455162 0.0173319 0.0564957 23
0 0.216857 0.384032 0.0187493 0.0614 24
0 0.544378 0.38042 0.0168325 0.0526479 25
0 0.105483 0.51029 0.0347839 0.0679598 26
0 0.297492 0.281327 0.0203899 0.0642622 27
0 0.176234 0.401266 0.0270136 0.102062 28
0 0.207051 0.526305 0.0223296 0.061351 29
0 0.420674 0.523687 0.0309454 0.113128 30
0 0.579707 0.23752 0.0102741 0.0342757 31
0 0.00838839 0.609375 0.0167768 0.0866786 32
