0 0.507959 0.641253 0.0331263 0.139126 1
0 0.51795 0.446003 0.0238969 0.113026 2
0 0.269224 0.521731 0.0242055 0.122659 3
0 0.381358 0.325692 0.0168597 0.0794303 4
0 0.231343 0.489435 0.0259306 0.114022 5
0 0.0714543 0.175136 0.0144796 0.0593785 6
0 0.242291 0.140225 0.0109695 0.046238 7
0 0.0472428 0.451063 0.0270674 0.0817069 8
0 0.339557 0.492113 0.0249799 0.114083 9
0 0.128911 0.762792 0.0552408 0.144524 10
0 0.210437 0.482167 0.0277355 0.122691 11
0 0.576057 0.36278 0.0221883 0.0700529 12
0 0.0287201 0.216353 0.0171864 0.0517473 13
0 0.138109 0.142954 0.0123801 0.0425053 14
0 0.310991 0.183377 0.0114447 0.0489148 15
0 0.442197 0.483917 0.0226971 0.104351 16
0 0.431701 0.455186 0.0239237 0.104004 17
0 0.406036 0.144224 0.0106802 0.0455992 18
0 0.175134 0.326649 0.0239239 0.0718412 19
0 0.155959 0.0823839 0.00867662 0.0327772 20
0 0.170202 0.308108 0.0228043 0.0929395 21
0 0.113783 0.159998 0.0118788 0.0453747 22
0 0.152956 0.317646 0.0192292 0.077356 23
0 0.439358 0.317792 0.0240225 0.0656885 24
0 0.0906714 0.0914206 0.0076014 0.0272844 25
0 0.205914 0.45373 0.0296137 0.13714 26
1 0.438277 0.316858 0.0227401 0.0646397 27
0 0.166129 0.285368 0.0193485 0.0611335 28
0 0.103606 0.459513 0.0361679 0.0754407 29
0 0.247321 0.0433062 0.00765285 0.0403683 30
0 0.552474 0.365804 0.0206925 0.0634991 31
0 0.465851 0.485005 0.0259442 0.104134 32
0 0.235736 0.0534421 0.00945 0.0400836 33
0 0.21097 0.138716 0.00998969 0.0480074 34
0 0.420981 0.14195 0.0108347 0.0496942 35
0 0.175064 0.499851 0.0277437 0.0884811 36
1 0.552193 0.364962 0.0197718 0.0611652 37
1 0.16352 0.622052 0.0354528 0.102097 38
0 0.417879 0.138955 0.00956785 0.0497944 39
0 0.464112 0.520035 0.0323488 0.159492 40
0 0.0177083 0.134451 0.0119342 0.0391358 41
0 0.444766 0.151486 0.0105623 0.0471761 42
0 0.322496 0.137342 0.0097077 0.0406895 43
0 0.364264 0.147039 0.01048 0.0402514 44
1 0.302813 0.375936 0.0338847 0.0567161 45
0 0.31405 0.395151 0.0288551 0.0917476 46
