0 0.6828 0.669814 0.0336488 0.136486 1
0 0.288821 0.597092 0.0336469 0.133148 2
0 0.730203 0.512836 0.0279566 0.113848 3
0 0.329876 0.363795 0.0171362 0.0823451 4
0 0.628128 0.487009 0.0219339 0.108234 5
0 0.315399 0.934498 0.0331997 0.123809 6
0 0.503127 0.480367 0.0305033 0.106317 7
0 0.0817103 0.393937 0.026327 0.0959469 8
0 0.153245 0.581864 0.0400664 0.0808195 9
0 0.567077 0.565363 0.0236832 0.104505 10
0 0.18373 0.667295 0.0640145 0.115125 11
0 0.234434 0.569556 0.0289295 0.128003 12
0 0.47796 0.565279 0.0250908 0.116063 13
0 0.216569 0.204911 0.0126945 0.0493523 14
0 0.530569 0.376188 0.0199261 0.0680669 15
0 0.471606 0.473637 0.0218292 0.101613 16
0 0.0530791 0.41315 0.0233518 0.0732104 17
0 0.0687886 0.232294 0.0173498 0.0616194 18
0 0.207507 0.56493 0.0278792 0.1147 19
0 0.042785 0.343963 0.0222577 0.0809809 20
1 0.21665 0.761993 0.0532126 0.107072 21
0 0.421341 0.269476 0.013415 0.0669122 22
0 0.508702 0.380129 0.0188236 0.0652698 23
0 0.271222 0.905711 0.0387017 0.181252 24
0 0.0713552 0.178004 0.013839 0.0576036 25
0 0.0642977 0.569539 0.0295222 0.0667087 26
0 0.0947613 0.47893 0.0317072 0.0976847 27
0 0.144735 0.484106 0.0224524 0.0574144 28
0 0.643718 0.316532 0.0143414 0.0650175 29
1 0.248549 0.425838 0.0297495 0.0536661 30
0 0.232688 0.160744 0.0100298 0.0415799 31
0 0.205595 0.383051 0.0193127 0.070442 32
0 0.569973 0.312818 0.0143842 0.0691331 33
0 0.266208 0.162429 0.0104414 0.0451952 34
0 0.365486 0.198773 0.0123982 0.0591068 35
0 0.155168 0.161165 0.0110186 0.0457829 36
0 0.294937 0.138029 0.0117186 0.0410265 37
0 0.776868 0.290984 0.014504 0.0511571 38
0 0.310044 0.463239 0.0245061 0.0557307 39
0 0.166463 0.175919 0.0123477 0.0375025 40
1 0.376513 0.340738 0.0241414 0.0729599 41
0 0.677461 0.41923 0.0240979 0.0531263 42
0 0.381427 0.344421 0.0293047 0.06639 43
