0 0.537975 0.665937 0.041058 0.140549 1
0 0.481394 0.563299 0.0399606 0.121843 2
0 0.332865 0.522315 0.028572 0.105301 3
0 0.54237 0.43836 0.0251314 0.117354 4
0 0.258916 0.498469 0.0269113 0.121527 5
0 0.395074 0.314941 0.0164694 0.0760693 6
0 0.0256736 0.316496 0.0244391 0.0812015 7
0 0.463492 0.475078 0.0235254 0.101081 8
0 0.439 0.494415 0.0227573 0.102179 9
0 0.111411 0.707901 0.0438206 0.156747 10
0 0.225845 0.466359 0.0278316 0.111529 11
0 0.119548 0.156635 0.0119609 0.0423247 12
0 0.534727 0.248171 0.0148279 0.0665014 13
0 0.417448 0.474692 0.0273388 0.108851 14
0 0.0717471 0.210008 0.0140165 0.0550852 15
0 0.0639003 0.421459 0.0266353 0.0763874 16
0 0.443715 0.140896 0.0107431 0.0452481 17
0 0.559396 0.361133 0.0214134 0.0683124 18
0 0.102333 0.169328 0.0124778 0.0474961 19
0 0.364015 0.140226 0.0104945 0.0412395 20
0 0.583801 0.359174 0.021301 0.0726644 21
0 0.190948 0.0756029 0.00931354 0.0320968 22
0 0.181512 0.131932 0.0102257 0.0460668 23
0 0.347084 0.178509 0.0104016 0.0440292 24
0 0.0977772 0.721706 0.051888 0.133573 25
0 0.0808474 0.205514 0.0121597 0.0489614 26
0 0.189337 0.264483 0.0170754 0.0626105 27
0 0.298247 0.13162 0.0112317 0.0534015 28
0 0.239292 0.053336 0.00927464 0.0365923 29
0 0.210188 0.463591 0.0256183 0.103791 30
0 0.160567 0.611884 0.0455311 0.0930772 31
1 0.442414 0.309058 0.01938 0.0594216 32
0 0.380395 0.140215 0.0114805 0.0336624 33
1 0.176806 0.473304 0.0299874 0.0813717 34
0 0.159573 0.145592 0.0113971 0.0436382 35
0 0.194749 0.318723 0.0186477 0.0680524 36
0 0.402276 0.142511 0.0102879 0.0353878 37
0 0.114702 0.428693 0.0316646 0.0710185 38
0 0.147188 0.0902491 0.00947376 0.0366596 39
0 0.286216 0.029892 0.0102578 0.040389 40
0 0.177353 0.470853 0.0290024 0.0812819 41
0 0.0345496 0.0224642 0.00880225 0.0326426 42
0 0.204322 0.39202 0.0235397 0.0754466 43
1 0.318001 0.366867 0.0279914 0.0670534 44
0 0.301421 0.0289957 0.00997848 0.0295819 45
0 0.107878 0.145453 0.00926876 0.0402 46
0 0.175367 0.299538 0.0168158 0.0696128 47
0 0.255195 0.0503026 0.00988054 0.0392265 48
