0 0.703992 0.674987 0.0336586 0.13071 1
0 0.740389 0.513719 0.0274343 0.112783 2
0 0.575683 0.562456 0.0309386 0.116776 3
0 0.47482 0.548623 0.0257601 0.112954 4
0 0.515003 0.468253 0.0250328 0.107513 5
0 0.295618 0.608545 0.0331619 0.124832 6
0 0.487203 0.456661 0.0260574 0.0945809 7
0 0.0724099 0.399857 0.024667 0.0927511 8
0 0.0577586 0.173027 0.0144306 0.0509589 9
0 0.638003 0.498718 0.023973 0.0862095 10
0 0.325453 0.365348 0.0180938 0.0802404 11
0 0.209021 0.568782 0.0236432 0.104265 12
0 0.335402 0.954228 0.0321866 0.0862398 13
0 0.037235 0.236081 0.0175738 0.0593133 14
0 0.239334 0.578059 0.0257764 0.122599 15
0 0.0296358 0.350961 0.0220186 0.080504 16
0 0.0402322 0.408479 0.0278081 0.0790534 17
0 0.526875 0.372222 0.0193396 0.0753516 18
0 0.197855 0.195454 0.0129446 0.0617791 19
0 0.133655 0.18315 0.011736 0.0391438 20
1 0.222636 0.767239 0.0407764 0.0979119 21
0 0.201086 0.393643 0.0218553 0.0695716 22
0 0.154115 0.592 0.0451236 0.0782267 23
0 0.0597358 0.576425 0.0339359 0.0689897 24
0 0.291071 0.910405 0.0370896 0.176021 25
0 0.255332 0.784771 0.0308793 0.0913889 26
0 0.505208 0.377165 0.0198839 0.0647545 27
0 0.260567 0.234893 0.013501 0.0467898 28
0 0.140006 0.489098 0.0253405 0.0555844 29
0 0.409606 0.266572 0.0120144 0.0638132 30
1 0.194168 0.668419 0.0485731 0.109551 31
0 0.141795 0.146785 0.0136798 0.0468046 32
0 0.0948563 0.456071 0.0275331 0.0796992 33
0 0.00462917 0.252375 0.00925833 0.0504373 34
1 0.248565 0.429295 0.0231985 0.0534164 35
0 0.385045 0.334839 0.0245823 0.0882281 36
1 0.366706 0.354066 0.0184276 0.0549907 37
1 0.383933 0.341428 0.0232459 0.0742374 38
0 0.637831 0.311522 0.0154735 0.0590521 39
0 0.767458 0.287085 0.0150245 0.0437142 40
1 0.0112676 0.583566 0.022157 0.0539302 41
0 0.306049 0.465353 0.0190725 0.0498604 42
0 0.24386 0.160967 0.0112359 0.0476246 43
0 0.677436 0.414519 0.0227694 0.0522547 44
0 0.0926833 0.497866 0.0259899 0.0731103 45
