0 0.434349 0.509387 0.0296915 0.116653 1
0 0.488876 0.508459 0.0268972 0.115078 2
0 0.023616 0.426064 0.0215853 0.075435 3
0 0.201953 0.425095 0.0231532 0.101399 4
0 0.0949827 0.562582 0.0300599 0.0938653 5
0 0.252126 0.839073 0.0526717 0.148933 6
0 0.521502 0.535476 0.0291079 0.107432 7
0 0.373333 0.706431 0.049561 0.160064 8
0 0.622494 0.43371 0.0284344 0.0966903 9
0 0.595732 0.536324 0.0364345 0.0872166 10
0 0.54686 0.53027 0.025768 0.111836 11
0 0.378829 0.930594 0.0444217 0.128767 12
0 0.0226129 0.656427 0.0446095 0.0793838 13
0 0.277135 0.692294 0.0401748 0.144428 14
0 0.153791 0.766894 0.0518585 0.105259 15
0 0.226363 0.714427 0.0403587 0.148704 16
0 0.430177 0.924301 0.0628683 0.119737 17
0 0.286466 0.343306 0.015913 0.0538201 18
0 0.262646 0.278938 0.0166415 0.0691481 19
0 0.12896 0.533344 0.0309668 0.0719504 20
0 0.589082 0.245254 0.0114207 0.0414592 21
0 0.409156 0.390993 0.0195237 0.0700053 22
0 0.573389 0.45067 0.0204352 0.0991139 23
0 0.560958 0.39403 0.0177406 0.0487692 24
0 0.570747 0.968385 0.0465285 0.0629822 25
0 0.204283 0.296742 0.0130375 0.0468584 26
0 0.238298 0.400716 0.0217823 0.0559386 27
0 0.205167 0.311057 0.0174664 0.0732392 28
0 0.233519 0.545672 0.0251337 0.0727542 29
0 0.0839438 0.202582 0.00912834 0.0358231 30
0 0.467719 0.302504 0.0116438 0.0495801 31
