0 0.717718 0.674552 0.0328984 0.128761 1
0 0.299711 0.609229 0.0296471 0.12577 2
0 0.473654 0.537669 0.0274866 0.116997 3
0 0.578468 0.566399 0.0258541 0.116786 4
0 0.323839 0.363789 0.0175553 0.0843382 5
0 0.0270755 0.242156 0.0177733 0.0586176 6
0 0.069954 0.399504 0.0243427 0.0942401 7
0 0.520478 0.468847 0.0249478 0.104733 8
0 0.213351 0.578281 0.0282173 0.117661 9
0 0.639135 0.499976 0.0226608 0.0816703 10
0 0.0492881 0.171363 0.0174781 0.0576104 11
0 0.154518 0.593785 0.0457183 0.0808271 12
0 0.742772 0.516974 0.0270767 0.100225 13
0 0.499396 0.455355 0.021206 0.0963987 14
0 0.201122 0.40174 0.0201916 0.0766511 15
0 0.346304 0.959056 0.0323796 0.0764385 16
0 0.191825 0.198132 0.0125296 0.0538894 17
0 0.243749 0.574524 0.0235524 0.123696 18
0 0.038717 0.401544 0.0266832 0.0907276 19
0 0.0260136 0.347437 0.018984 0.0692272 20
0 0.507617 0.37874 0.0191666 0.067867 21
1 0.224795 0.78001 0.0429423 0.109238 22
0 0.526333 0.372678 0.0209795 0.0704712 23
0 0.481215 0.631857 0.0289097 0.139036 24
0 0.252996 0.242696 0.0125051 0.0401123 25
0 0.405562 0.252614 0.0136188 0.0361286 26
0 0.40555 0.269429 0.0160805 0.0662321 27
2 0.0519373 0.58448 0.051793 0.0693782 28
0 0.765985 0.285142 0.0146931 0.0409117 29
0 0.139719 0.492063 0.0241076 0.0574097 30
0 0.113313 0.185535 0.0115164 0.0361045 31
0 0.209046 0.112717 0.010549 0.0504996 32
0 0.241273 0.165486 0.0114591 0.0441685 33
1 0.299848 0.873974 0.0381987 0.106288 34
0 0.0327836 0.378039 0.0289615 0.10501 35
0 0.21161 0.160797 0.0100207 0.051296 36
0 0.675287 0.411001 0.0233396 0.0494403 37
0 0.635281 0.307548 0.0139633 0.0530949 38
1 0.377736 0.343618 0.0270956 0.0712694 39
1 0.369279 0.339532 0.0248434 0.0704503 40
0 0.0924222 0.455045 0.0252407 0.0721679 41
1 0.231324 0.43028 0.0234915 0.0495534 42
0 0.27946 0.142823 0.00955429 0.0385738 43
0 0.249499 0.431081 0.0234766 0.0543113 44
1 0.011864 0.587297 0.0230517 0.0565031 45
