0 0.539435 0.665168 0.0384798 0.142566 1
0 0.54182 0.438268 0.0246469 0.11517 2
0 0.481518 0.561488 0.0381348 0.121633 3
0 0.333605 0.52299 0.0275395 0.107522 4
0 0.260535 0.498669 0.026868 0.121282 5
0 0.394364 0.316938 0.0177365 0.0801966 6
0 0.0241249 0.316742 0.0256015 0.0787451 7
0 0.10225 0.722362 0.0553648 0.13695 8
0 0.226017 0.466704 0.0281126 0.109554 9
0 0.461626 0.476704 0.0247444 0.106566 10
0 0.345278 0.177972 0.00998077 0.0435498 11
0 0.0628271 0.422544 0.0251461 0.0773707 12
0 0.438815 0.497742 0.0251534 0.0938085 13
0 0.559117 0.361377 0.0206455 0.0685762 14
0 0.418686 0.47468 0.0277952 0.109139 15
0 0.533568 0.249628 0.0152018 0.0658774 16
0 0.583708 0.359508 0.0203127 0.0726447 17
0 0.116612 0.708615 0.0358551 0.154915 18
0 0.179367 0.132102 0.0104929 0.0462916 19
0 0.119041 0.156374 0.0102151 0.0407115 20
0 0.0693691 0.209648 0.0144949 0.0534721 21
0 0.190012 0.0756547 0.00900079 0.0319693 22
0 0.0788075 0.205695 0.0133877 0.0511328 23
0 0.157801 0.146027 0.0108989 0.0394468 24
0 0.18717 0.261006 0.0156359 0.0549644 25
0 0.295598 0.137475 0.0108036 0.0443822 26
0 0.101091 0.17101 0.0117922 0.0481062 27
0 0.442147 0.14014 0.00994455 0.0450126 28
0 0.193342 0.317278 0.0183697 0.0683109 29
0 0.66418 0.341645 0.0184872 0.0610909 30
0 0.144929 0.089389 0.00848179 0.0357198 31
0 0.174442 0.298108 0.0152585 0.0667296 32
0 0.176461 0.47124 0.0263417 0.0752294 33
0 0.209782 0.464703 0.0250917 0.105154 34
0 0.887253 0.525804 0.0191837 0.0787221 35
0 0.292294 0.31996 0.0156159 0.0641957 36
1 0.317158 0.365067 0.0288825 0.0638972 37
0 0.106266 0.146593 0.00892845 0.0417756 38
0 0.104309 0.161391 0.0110267 0.0574573 39
0 0.361476 0.135755 0.0106984 0.0385684 40
0 0.285581 0.0257842 0.00944826 0.0342699 41
0 0.160089 0.613034 0.0445784 0.0963101 42
1 0.442797 0.309708 0.0190918 0.0600191 43
0 0.205197 0.391282 0.0203289 0.070335 44
0 0.114082 0.43139 0.0325079 0.0701236 45
0 0.301067 0.0299938 0.0105133 0.0302841 46
0 0.253093 0.0505714 0.00851363 0.0388788 47
0 0.955335 0.561268 0.0129956 0.0264087 48
0 0.194304 0.107849 0.0110224 0.0340547 49
