0 0.63842 0.513843 0.0305535 0.115941 1
0 0.676835 0.591291 0.0262667 0.124809 2
0 0.143987 0.727215 0.0415347 0.150079 3
0 0.265426 0.592769 0.0411648 0.140617 4
0 0.165707 0.623298 0.0465513 0.0829297 5
0 0.335922 0.623107 0.0348878 0.136755 6
0 0.479691 0.472762 0.0214916 0.117182 7
0 0.0140059 0.425961 0.0278459 0.108527 8
0 0.518462 0.443049 0.026703 0.111618 9
0 0.415439 0.922162 0.0564684 0.153223 10
0 0.191298 0.453874 0.027925 0.0830366 11
0 0.557553 0.523463 0.0234306 0.112231 12
0 0.231782 0.595497 0.0292 0.129419 13
0 0.304557 0.363385 0.0223975 0.0868287 14
0 0.453614 0.492088 0.0228541 0.0982027 15
0 0.140397 0.247184 0.0138867 0.0529658 16
0 0.530189 0.474006 0.0237131 0.109153 17
0 0.129602 0.16516 0.0115286 0.0532364 18
0 0.291107 0.806442 0.0500845 0.130793 19
2 0.0378746 0.61367 0.0657576 0.0916761 20
0 0.342858 0.360895 0.0225153 0.0814881 21
0 0.335892 0.808811 0.0486022 0.109347 22
0 0.293635 0.303346 0.0145698 0.0540004 23
0 0.114034 0.518981 0.029704 0.0656972 24
1 0.221408 0.442375 0.0250698 0.0597775 25
0 0.0810496 0.180604 0.0129983 0.0463079 26
2 0.228102 0.708397 0.0675868 0.124854 27
0 0.0500319 0.486139 0.0336507 0.0842685 28
0 0.104133 0.167454 0.0129073 0.0570067 29
0 0.0526824 0.170381 0.0128273 0.0564461 30
1 0.292363 0.804604 0.0495617 0.127356 31
0 0.648327 0.385314 0.0227357 0.0515286 32
0 0.100978 0.111044 0.0116778 0.0566568 33
0 0.586765 0.299047 0.0158457 0.0706048 34
0 0.486118 0.364469 0.0208725 0.0611321 35
