0 0.481643 0.619776 0.0297797 0.128841 1
0 0.449216 0.553624 0.0270896 0.117107 2
0 0.0223222 0.187067 0.0192222 0.0686487 3
0 0.473371 0.484174 0.024136 0.101992 4
0 0.275249 0.542792 0.0299172 0.1218 5
0 0.526971 0.454428 0.0262368 0.107828 6
0 0.366616 0.332708 0.0156181 0.0765593 7
0 0.349698 0.462468 0.0242684 0.101669 8
0 0.191377 0.151496 0.0116102 0.0504562 9
0 0.151267 0.336274 0.0211518 0.0848988 10
0 0.212819 0.509437 0.0257212 0.109706 11
0 0.567148 0.366045 0.0198102 0.0689432 12
0 0.0303331 0.478636 0.0265694 0.0820345 13
0 0.230566 0.510353 0.0333289 0.115462 14
0 0.257457 0.196912 0.0133007 0.0483143 15
0 0.12775 0.298548 0.0168732 0.0675014 16
0 0.542901 0.3733 0.020106 0.0708066 17
0 0.128275 0.346672 0.0220769 0.0654163 18
0 0.0970885 0.491535 0.0314902 0.0624525 19
0 0.0622073 0.171357 0.0139176 0.0520109 20
0 0.370294 0.154416 0.0102027 0.043411 21
0 0.436453 0.467337 0.0263527 0.10117 22
0 0.197917 0.748751 0.051062 0.137412 23
0 0.0285625 0.10115 0.0106641 0.0330849 24
0 0.490428 0.246949 0.0144792 0.0535459 25
0 0.138579 0.21027 0.016198 0.0344685 26
0 0.0844487 0.150358 0.0119582 0.0484744 27
0 0.175351 0.817266 0.0359505 0.148683 28
0 0.154913 0.0694863 0.00875549 0.0336768 29
0 0.45085 0.488218 0.0223551 0.0929866 30
0 0.30383 0.407174 0.0268565 0.090499 31
1 0.425432 0.323788 0.0217871 0.0606186 32
0 0.126191 0.064345 0.0103091 0.0329979 33
0 0.399048 0.257357 0.0129139 0.0472552 34
0 0.170751 0.518777 0.0344338 0.0750688 35
0 0.277418 0.354778 0.0204337 0.084106 36
0 0.141835 0.0607012 0.00990328 0.0405043 37
0 0.110246 0.085301 0.00926473 0.0333967 38
1 0.189703 0.68551 0.0434064 0.0947611 39
0 0.146347 0.412091 0.0233341 0.0889019 40
0 0.179309 0.0671329 0.00907312 0.037466 41
0 0.10299 0.127403 0.00905208 0.0361392 42
0 0.707589 0.420527 0.0247511 0.048943 43
0 0.272574 0.512408 0.0227978 0.0638947 44
0 0.255713 0.09566 0.00881252 0.0287087 45
0 0.187112 0.42989 0.025889 0.058659 46
