0 0.716914 0.640524 0.028711 0.127849 1
0 0.342062 0.615263 0.0362601 0.135164 2
0 0.568669 0.439967 0.0227976 0.0935711 3
0 0.0512521 0.412574 0.0265888 0.0981054 4
0 0.473064 0.576748 0.0276712 0.131944 5
0 0.554043 0.56353 0.0250158 0.112509 6
0 0.313403 0.369892 0.0166947 0.0851018 7
0 0.608611 0.47651 0.0234699 0.102913 8
0 0.0151461 0.425035 0.0298399 0.0883536 9
0 0.253616 0.587889 0.0383886 0.130881 10
0 0.262892 0.791835 0.0520959 0.115939 11
0 0.362787 0.916259 0.0436813 0.162198 12
0 0.529941 0.458403 0.0272906 0.110091 13
0 0.724289 0.507922 0.0236933 0.11942 14
0 0.51417 0.366864 0.0223986 0.08121 15
0 0.66455 0.401067 0.0229988 0.053398 16
0 0.169822 0.608058 0.0395017 0.0794038 17
0 0.226205 0.58361 0.023746 0.115207 18
0 0.463985 0.484484 0.0275646 0.102662 19
0 0.301604 0.796144 0.0403603 0.0962409 20
0 0.0132987 0.7401 0.0263957 0.0886197 21
0 0.142546 0.176444 0.012919 0.0444287 22
0 0.194107 0.167334 0.0133269 0.0523599 23
0 0.347824 0.342678 0.0212119 0.0627584 24
0 0.211488 0.436668 0.0314966 0.0791718 25
0 0.0844421 0.469776 0.0270699 0.07331 26
1 0.217951 0.684112 0.0418148 0.111605 27
0 0.161813 0.112869 0.0121202 0.0530699 28
0 0.496274 0.372427 0.0179608 0.0701111 29
1 0.240027 0.439 0.0252725 0.0574001 30
0 0.165954 0.16808 0.0122532 0.051881 31
0 0.369186 0.370032 0.0226198 0.0796412 32
0 0.208482 0.164802 0.0114679 0.0495035 33
1 0.0124157 0.606524 0.0245336 0.0612332 34
0 0.086557 0.151278 0.0152842 0.0521373 35
0 0.0226673 0.19693 0.0122924 0.046883 36
0 0.735214 0.270878 0.0128172 0.0386127 37
0 0.135127 0.506873 0.036092 0.0651078 38
0 0.242663 0.254427 0.0149127 0.0504924 39
0 0.235246 0.589115 0.0489617 0.132256 40
0 0.368111 0.332973 0.0252216 0.088547 41
