0 0.281398 0.548361 0.0286561 0.123477 1
0 0.224066 0.771525 0.0281719 0.123877 2
0 0.21446 0.513718 0.0273079 0.112047 3
0 0.0263622 0.48795 0.0264665 0.0833315 4
0 0.53497 0.470593 0.0284292 0.101189 5
0 0.433802 0.472919 0.0256403 0.100418 6
0 0.567581 0.466625 0.0236837 0.0990174 7
0 0.451761 0.555728 0.025282 0.123291 8
0 0.241198 0.195065 0.0147388 0.0518361 9
0 0.364967 0.335964 0.0155026 0.0774397 10
0 0.564836 0.368745 0.0200184 0.0707924 11
0 0.144786 0.342751 0.021569 0.0847856 12
0 0.480729 0.497047 0.0192367 0.0852475 13
0 0.377424 0.467154 0.027846 0.0988887 14
0 0.465488 0.523167 0.0211372 0.110947 15
0 0.239324 0.512327 0.0229658 0.113824 16
0 0.0700858 0.154591 0.0106462 0.038731 17
0 0.541905 0.371543 0.0188223 0.0627822 18
0 0.00736363 0.195784 0.0144992 0.0535983 19
0 0.120011 0.341184 0.0217116 0.0794722 20
0 0.0464409 0.17072 0.0143167 0.0498455 21
0 0.11954 0.303068 0.0184254 0.0736928 22
0 0.107486 0.0656408 0.0098068 0.0368593 23
0 0.180901 0.162007 0.0135967 0.0486941 24
0 0.0970903 0.0937387 0.00894453 0.0316839 25
0 0.459642 0.541147 0.0371344 0.150876 26
1 0.418222 0.329165 0.021693 0.0612932 27
0 0.484277 0.616632 0.0236671 0.141148 28
0 0.388932 0.256828 0.0135817 0.04704 29
0 0.482976 0.249178 0.0143912 0.0530106 30
0 0.169099 0.521461 0.0321938 0.0735004 31
1 0.265937 0.336667 0.0184553 0.0488493 32
0 0.187119 0.828507 0.0349592 0.158486 33
1 0.185632 0.596497 0.0448554 0.091216 34
0 0.00568156 0.237198 0.0113631 0.0558819 35
0 0.125704 0.213019 0.0159002 0.0342689 36
0 0.417997 0.329015 0.0211208 0.0619038 37
0 0.311223 0.153518 0.0107493 0.0394446 38
0 0.146661 0.41629 0.0197017 0.0751864 39
1 0.188229 0.689672 0.0459258 0.0936785 40
1 0.180068 0.434637 0.0294446 0.0530534 41
0 0.398373 0.156582 0.0102485 0.0431215 42
0 0.0906361 0.499003 0.0387745 0.0634746 43
