0 0.481611 0.559713 0.0282421 0.117311 1
0 0.540123 0.438893 0.0233732 0.111658 2
0 0.53794 0.661608 0.034049 0.14406 3
0 0.103818 0.726662 0.0567478 0.135382 4
0 0.260196 0.498709 0.0257389 0.122418 5
0 0.335421 0.521206 0.027898 0.112486 6
0 0.0606625 0.424081 0.0247328 0.0778938 7
0 0.227582 0.467602 0.0251138 0.1092 8
0 0.342687 0.176629 0.011101 0.0409179 9
0 0.392965 0.315333 0.0162421 0.0800524 10
0 0.438663 0.489847 0.0245171 0.108989 11
0 0.0661877 0.215035 0.0144464 0.0547264 12
0 0.0974126 0.167543 0.0116298 0.0499608 13
0 0.292077 0.138025 0.0111123 0.0477646 14
0 0.0183163 0.316061 0.023513 0.0727157 15
0 0.532153 0.246949 0.0168926 0.0682825 16
0 0.46029 0.478719 0.023243 0.109415 17
0 0.581837 0.357857 0.0210426 0.07252 18
0 0.118532 0.713516 0.0335277 0.149138 19
0 0.154115 0.146509 0.00983147 0.0383931 20
0 0.420124 0.467503 0.0244772 0.0959799 21
0 0.188444 0.300812 0.0206849 0.073845 22
0 0.177583 0.137761 0.0105059 0.0457449 23
0 0.559847 0.361563 0.0186294 0.0664527 24
0 0.114558 0.160597 0.0111598 0.0422719 25
0 0.170284 0.298511 0.017499 0.0667756 26
0 0.0768087 0.210587 0.013099 0.0511289 27
0 0.44031 0.141402 0.012875 0.0472681 28
0 0.185517 0.262079 0.0146373 0.0549685 29
0 0.208405 0.469509 0.0215477 0.0954822 30
0 0.295475 0.0278749 0.00818053 0.0289501 31
0 0.233233 0.0531586 0.00807499 0.03445 32
0 0.435669 0.134272 0.0106284 0.0519912 33
0 0.445427 0.300024 0.0224344 0.0841714 34
0 0.292217 0.32038 0.0158496 0.0641872 35
0 0.35795 0.131711 0.00973692 0.0350187 36
0 0.188263 0.0749339 0.00967229 0.0288318 37
0 0.112816 0.430315 0.0299107 0.0717972 38
1 0.315284 0.371494 0.0292962 0.0761005 39
0 0.141688 0.0913735 0.00903497 0.034616 40
0 0.888359 0.524291 0.0215565 0.0716721 41
0 0.175383 0.47371 0.0283538 0.0784783 42
0 0.459846 0.140125 0.00989437 0.0484906 43
0 0.471186 0.313014 0.014114 0.0597693 44
0 0.204628 0.391378 0.0229514 0.0599145 45
0 0.320367 0.380515 0.0245804 0.0883418 46
0 0.397056 0.144345 0.0134604 0.0377993 47
0 0.10117 0.1454 0.0103136 0.0419701 48
0 0.0899342 0.437747 0.0220401 0.0487561 49
0 0.198061 0.128524 0.00970005 0.0442561 50
