0 0.565149 0.581366 0.0343521 0.123406 1
0 0.359334 0.346112 0.0184716 0.0798307 2
0 0.216286 0.533411 0.0258003 0.110341 3
0 0.643488 0.498955 0.0376915 0.115726 4
0 0.531516 0.527563 0.0283134 0.1 5
0 0.242219 0.534842 0.0233973 0.11703 6
0 0.197033 0.202833 0.0113984 0.0532367 7
0 0.285819 0.563002 0.0310406 0.131325 8
0 0.150798 0.156892 0.0119242 0.0507208 9
0 0.259564 0.813444 0.0302398 0.121525 10
0 0.128986 0.360615 0.0201602 0.08078 11
0 0.536055 0.37377 0.0201069 0.0649194 12
0 0.473447 0.603099 0.0344498 0.167259 13
0 0.555682 0.372294 0.0199369 0.0669301 14
0 0.101059 0.31518 0.0148097 0.0734976 15
0 0.037445 0.164956 0.0105911 0.0412708 16
0 0.365509 0.258834 0.0136236 0.0467474 17
1 0.415094 0.333115 0.0320784 0.061053 18
0 0.0576341 0.0976607 0.00861093 0.0280867 19
0 0.29335 0.196788 0.0103921 0.0406166 20
1 0.282179 0.40207 0.0276133 0.0529055 21
0 0.465939 0.569292 0.0322016 0.131703 22
0 0.186114 0.618982 0.0522945 0.0999935 23
0 0.140184 0.0939646 0.00909552 0.036492 24
0 0.105303 0.37073 0.0222368 0.0623345 25
0 0.0846038 0.0643347 0.00955579 0.0373366 26
0 0.174744 0.446378 0.0230557 0.0558447 27
1 0.0159908 0.509853 0.0285722 0.0815613 28
1 0.202228 0.702961 0.0353638 0.0882123 29
0 0.33289 0.149499 0.0122663 0.0508501 30
0 0.221253 0.723764 0.0343983 0.0916048 31
0 0.281809 0.163453 0.0135368 0.0454485 32
0 0.0132627 0.184094 0.0122288 0.0476214 33
0 0.0669758 0.0692444 0.0121046 0.0353514 34
0 0.134004 0.434543 0.0217379 0.0900782 35
0 0.699806 0.421025 0.0259231 0.0526108 36
0 0.544369 0.373866 0.0203366 0.0658924 37
0 0.0981766 0.220608 0.0164783 0.0359958 38
