0 0.270606 0.526053 0.0251514 0.12414 1
0 0.518183 0.446341 0.024328 0.121388 2
0 0.23399 0.49512 0.0246954 0.112026 3
0 0.341818 0.4787 0.025585 0.10336 4
0 0.49608 0.628285 0.0377407 0.134475 5
0 0.377148 0.328848 0.0170344 0.0799542 6
0 0.210831 0.494187 0.025614 0.108859 7
0 0.167673 0.327201 0.0216355 0.0816326 8
0 0.297131 0.186385 0.0116141 0.0517629 9
0 0.573829 0.365585 0.0221657 0.0716746 10
0 0.449737 0.547659 0.0257444 0.116724 11
0 0.433128 0.455796 0.0261422 0.104146 12
0 0.0589326 0.169457 0.0130764 0.0600825 13
0 0.014936 0.212215 0.0143232 0.0455995 14
0 0.474909 0.484673 0.0177586 0.103801 15
0 0.226748 0.143542 0.0112529 0.0479481 16
0 0.14459 0.323484 0.0205732 0.0772823 17
0 0.123091 0.14458 0.0104191 0.0471082 18
0 0.0421683 0.459674 0.0255838 0.0784764 19
0 0.135343 0.785174 0.0462929 0.138371 20
0 0.0725382 0.0955769 0.00905807 0.0292788 21
0 0.548746 0.365006 0.0180438 0.0586176 22
1 0.177977 0.584064 0.0430736 0.122139 23
0 0.437089 0.485028 0.0291284 0.13007 24
0 0.00533582 0.218547 0.0106716 0.0412102 25
0 0.310018 0.14292 0.00939635 0.0428717 26
0 0.394086 0.143062 0.0106807 0.0467106 27
0 0.312971 0.399939 0.0249557 0.0923582 28
0 0.433361 0.327179 0.0197338 0.0561591 29
0 0.144736 0.0888725 0.00955224 0.0330079 30
0 0.151257 0.286049 0.0138605 0.0600337 31
0 0.506262 0.245188 0.0124013 0.0511987 32
1 0.17138 0.506769 0.0385433 0.0861768 33
0 0.0990799 0.164359 0.0120197 0.0474814 34
0 0.173331 0.505556 0.0290823 0.0852991 35
1 0.168946 0.202325 0.0146218 0.0320885 36
1 0.161291 0.394818 0.0214654 0.0812111 37
0 0.409301 0.144007 0.0103417 0.0492586 38
0 0.449092 0.327386 0.0175457 0.0541744 39
0 0.0746429 0.0903474 0.0087139 0.0319107 40
0 0.231801 0.0396281 0.00790392 0.039426 41
1 0.288799 0.339829 0.0165284 0.0564388 42
0 0.368823 0.140285 0.00942305 0.043738 43
0 0.160269 0.393535 0.0198292 0.0795496 44
