0 0.651989 0.570902 0.0288485 0.120264 1
0 0.202466 0.886782 0.0426983 0.178195 2
0 0.146068 0.637552 0.0509093 0.0867792 3
0 0.431461 0.916959 0.0619601 0.166082 4
0 0.554657 0.519813 0.0422876 0.113459 5
0 0.320084 0.61343 0.0362455 0.134333 6
0 0.521637 0.506207 0.0256534 0.111088 7
0 0.292402 0.812077 0.0504179 0.131801 8
0 0.396477 0.499838 0.0319545 0.117939 9
0 0.211218 0.598769 0.0340345 0.127521 10
0 0.441981 0.485436 0.0241823 0.110115 11
0 0.064402 0.17003 0.0138237 0.0562792 12
0 0.0767311 0.264072 0.0143448 0.0532933 13
0 0.147706 0.474727 0.0214861 0.086311 14
0 0.265607 0.366766 0.0196095 0.0914104 15
0 0.25416 0.595671 0.0362536 0.131207 16
0 0.49316 0.448809 0.0288101 0.124664 17
0 0.325684 0.814265 0.0762516 0.121969 18
0 0.54607 0.287148 0.0160182 0.0593953 19
0 0.0133537 0.626798 0.0267075 0.0970867 20
0 0.03923 0.175039 0.0135451 0.059251 21
0 0.612521 0.376337 0.0237114 0.0580649 22
0 0.303064 0.378246 0.0201925 0.0761814 23
0 0.445524 0.359874 0.0169679 0.0650448 24
0 0.341826 0.805768 0.0454635 0.100385 25
0 0.0871665 0.152841 0.012797 0.0574096 26
2 0.0214371 0.634027 0.042405 0.0942331 27
0 0.186152 0.451139 0.0254735 0.056417 28
0 0.0791182 0.531524 0.026402 0.0638614 29
1 0.187076 0.450856 0.0249063 0.0591747 30
0 0.241827 0.680475 0.0433735 0.153777 31
0 0.0281078 0.559556 0.032938 0.0661173 32
0 0.216361 0.20463 0.0120476 0.0524556 33
0 0.459774 0.35663 0.0174588 0.0692619 34
0 0.279567 0.350134 0.018684 0.0561816 35
0 0.089439 0.166035 0.012007 0.0587304 36
