0 0.680067 0.604176 0.0334975 0.120968 1
0 0.340533 0.620616 0.0337726 0.139457 2
0 0.552232 0.530425 0.0262734 0.116285 3
0 0.663572 0.502414 0.0288184 0.114347 4
0 0.266213 0.59376 0.0369888 0.138576 5
0 0.286935 0.803566 0.0539342 0.130603 6
0 0.0261626 0.419302 0.0266357 0.0990182 7
0 0.306237 0.360467 0.0201759 0.0950845 8
0 0.108364 0.700453 0.0497249 0.140818 9
0 0.474756 0.477104 0.0296112 0.106678 10
0 0.397504 0.911788 0.0469257 0.135476 11
0 0.195667 0.448459 0.0220095 0.0789518 12
0 0.164966 0.239642 0.0152401 0.0588885 13
0 0.16967 0.619201 0.0428351 0.0861108 14
0 0.233617 0.595697 0.0319443 0.132627 15
0 0.522752 0.440056 0.0246032 0.110462 16
0 0.468102 0.516692 0.0343554 0.118663 17
0 0.147232 0.166106 0.0116983 0.0529056 18
0 0.351808 0.36539 0.0224641 0.0891305 19
0 0.330049 0.804693 0.0450726 0.103162 20
0 0.101187 0.180109 0.0122745 0.0434541 21
0 0.59576 0.293835 0.0124903 0.0509639 22
0 0.501958 0.356911 0.0214686 0.0761222 23
0 0.0692536 0.171166 0.0119158 0.0483833 24
0 0.289109 0.284302 0.0145764 0.0491334 25
0 0.12457 0.16536 0.0123751 0.0573796 26
0 0.360192 0.266109 0.01262 0.0663984 27
0 0.00345845 0.200194 0.00688256 0.0472716 28
0 0.484778 0.36487 0.0178822 0.06874 29
0 0.229378 0.439861 0.0219203 0.0550283 30
1 0.0610633 0.484206 0.0304195 0.0852115 31
0 0.32864 0.349376 0.0180316 0.0547433 32
0 0.0593769 0.483044 0.0297644 0.0822942 33
0 0.653568 0.391522 0.0231842 0.051743 34
1 0.121617 0.514237 0.0314639 0.0645421 35
0 0.114919 0.514332 0.0425053 0.0647319 36
0 0.20446 0.447219 0.0234608 0.0730999 37
0 0.246343 0.593633 0.0631616 0.136313 38
0 0.0332873 0.49487 0.0274049 0.0703532 39
0 0.119002 0.109704 0.0108354 0.0523017 40
0 0.052539 0.610952 0.0472379 0.0830146 41
