0 0.278261 0.545068 0.029156 0.121119 1
0 0.450153 0.553871 0.0260198 0.121992 2
0 0.473792 0.488601 0.0251015 0.0993799 3
0 0.532614 0.458038 0.0307371 0.102663 4
0 0.480643 0.622063 0.0277355 0.128575 5
0 0.210756 0.759187 0.0377935 0.123325 6
0 0.150169 0.338743 0.0210473 0.0860513 7
0 0.018304 0.195932 0.0161407 0.0582144 8
0 0.213864 0.511036 0.0262968 0.112415 9
0 0.365866 0.333777 0.0154523 0.0800325 10
0 0.177364 0.817436 0.036344 0.158465 11
0 0.23411 0.512716 0.0287132 0.123423 12
0 0.0282754 0.48116 0.0252768 0.0827638 13
0 0.0567375 0.174256 0.0132819 0.0522864 14
0 0.0792348 0.150447 0.010273 0.0425835 15
0 0.35924 0.460674 0.0301121 0.108243 16
0 0.0994938 0.49758 0.0267384 0.0574497 17
0 0.187681 0.149366 0.0134837 0.0565634 18
0 0.433488 0.476679 0.0250181 0.116562 19
0 0.126628 0.308339 0.0203714 0.0763548 20
0 0.566132 0.368166 0.0206444 0.068849 21
0 0.543016 0.381334 0.0201761 0.0842236 22
0 0.365003 0.154931 0.0104074 0.0446087 23
0 0.119777 0.0627673 0.00944781 0.0370025 24
0 0.320772 0.152647 0.0107409 0.0407644 25
0 0.252586 0.194922 0.0140478 0.0498858 26
0 0.022569 0.10269 0.0115953 0.0319373 27
0 0.451109 0.498485 0.0240382 0.0956958 28
0 0.127019 0.344519 0.0219996 0.0789594 29
0 0.14755 0.417915 0.0201003 0.0768419 30
0 0.48988 0.232559 0.0118898 0.0505971 31
0 0.106548 0.089544 0.00794091 0.0302413 32
0 0.48818 0.247384 0.0132559 0.053488 33
0 0.00887621 0.168112 0.0121134 0.0416703 34
1 0.423324 0.327613 0.0243603 0.0611373 35
0 0.341681 0.128208 0.010797 0.0462917 36
0 0.134533 0.210569 0.015918 0.0371022 37
0 0.439855 0.335649 0.0157469 0.0515249 38
0 0.134753 0.0558143 0.00925533 0.0472206 39
1 0.170824 0.518533 0.0328178 0.0743635 40
0 0.317088 0.148493 0.0120241 0.0405426 41
0 0.187493 0.607006 0.0408147 0.104671 42
1 0.183014 0.427686 0.0283135 0.0529354 43
0 0.383884 0.143514 0.00984049 0.0490282 44
0 0.173189 0.0658536 0.00915834 0.0369752 45
0 0.172107 0.520002 0.0301154 0.0780424 46
