0 0.645309 0.583242 0.032101 0.12675 1
0 0.191602 0.926358 0.0486513 0.144291 2
0 0.306307 0.613869 0.0360019 0.148062 3
0 0.437472 0.919171 0.0504917 0.161453 4
0 0.386138 0.508093 0.0285438 0.116349 5
0 0.243492 0.608378 0.0291829 0.136274 6
0 0.292639 0.817948 0.0582799 0.134765 7
0 0.273979 0.705401 0.0397796 0.15963 8
0 0.195223 0.613404 0.0363608 0.128374 9
0 0.0374017 0.281042 0.0178434 0.0553015 10
0 0.119251 0.483993 0.0227244 0.0883655 11
0 0.236261 0.370338 0.0242536 0.100518 12
0 0.418272 0.49127 0.0240548 0.117671 13
0 0.505668 0.432922 0.0272102 0.0963795 14
0 0.515587 0.539942 0.0449108 0.139665 15
0 0.0507105 0.551622 0.0315549 0.0753629 16
0 0.516461 0.283359 0.015274 0.0586983 17
0 0.126968 0.656668 0.0473739 0.0908475 18
0 0.159199 0.461209 0.028664 0.0620761 19
1 0.278871 0.35538 0.0213158 0.0566072 20
0 0.437353 0.352557 0.0223736 0.0735538 21
0 0.00622798 0.157565 0.012456 0.0468303 22
0 0.243822 0.370518 0.0189542 0.0883236 23
0 0.129426 0.477066 0.0315732 0.0852 24
0 0.521628 0.508729 0.0333458 0.100901 25
0 0.587322 0.367178 0.0209732 0.0464152 26
0 0.0104367 0.622849 0.0207482 0.166309 27
0 0.00696117 0.174821 0.0139223 0.0599637 28
0 0.0702339 0.134284 0.0088899 0.0412196 29
0 0.320023 0.824195 0.0895594 0.135789 30
0 0.419706 0.364962 0.0230343 0.0615819 31
