0 0.723736 0.671643 0.0326811 0.131195 1
0 0.303764 0.610349 0.03118 0.125393 2
0 0.322081 0.364106 0.0171343 0.0858291 3
0 0.576923 0.568277 0.0258626 0.108188 4
0 0.480733 0.623785 0.0311403 0.129383 5
0 0.641023 0.50687 0.0233038 0.100909 6
0 0.0676246 0.398308 0.0231395 0.0897249 7
0 0.527648 0.462012 0.0354939 0.115325 8
0 0.160185 0.596815 0.0408852 0.0794708 9
0 0.35918 0.969288 0.0331422 0.0596967 10
0 0.0127629 0.24943 0.0195926 0.0551794 11
0 0.198412 0.407482 0.0215523 0.0739765 12
0 0.0843263 0.189292 0.0134791 0.0412607 13
0 0.0346175 0.173893 0.0137478 0.049102 14
0 0.214745 0.57916 0.0281512 0.122773 15
0 0.185284 0.198985 0.0137637 0.0534785 16
0 0.0370332 0.403194 0.0242627 0.0908591 17
0 0.745439 0.513888 0.0301035 0.0987734 18
0 0.0200706 0.351542 0.0182051 0.0767503 19
1 0.234331 0.772952 0.0431691 0.106832 20
0 0.403663 0.271261 0.0139552 0.0651783 21
0 0.24659 0.575826 0.0272039 0.124112 22
0 0.504854 0.37579 0.0207854 0.0668293 23
0 0.468629 0.529663 0.0292244 0.112415 24
0 0.525742 0.378195 0.0210155 0.0737883 25
0 0.139786 0.4945 0.0246811 0.0562629 26
0 0.230821 0.162673 0.0108889 0.0457651 27
0 0.182617 0.183344 0.0151311 0.0581474 28
0 0.24415 0.165873 0.0116144 0.0447579 29
0 0.313885 0.907586 0.0390818 0.168289 30
0 0.76018 0.282894 0.0135117 0.0422656 31
0 0.51756 0.4402 0.0187689 0.111188 32
0 0.379618 0.34917 0.0254492 0.0695157 33
0 0.67304 0.41046 0.0249483 0.0510055 34
0 0.157334 0.167164 0.0117885 0.039331 35
0 0.0936209 0.453632 0.0236061 0.0676525 36
0 0.031877 0.382488 0.0222118 0.0897786 37
0 0.267968 0.789559 0.0400761 0.094014 38
0 0.0906377 0.497481 0.030273 0.0841843 39
0 0.0607182 0.584469 0.0365731 0.0690569 40
0 0.456603 0.306682 0.0133775 0.0545822 41
