0 0.592435 0.604928 0.0286462 0.115591 1
0 0.271861 0.839597 0.0279542 0.124307 2
0 0.543078 0.540766 0.022521 0.104997 3
0 0.239763 0.547696 0.0231291 0.121866 4
0 0.667257 0.500119 0.0306964 0.106701 5
0 0.575039 0.481987 0.0281872 0.100286 6
0 0.212601 0.546412 0.0271791 0.116548 7
0 0.352933 0.35101 0.0177528 0.080829 8
0 0.478294 0.497386 0.0266011 0.107562 9
0 0.116431 0.367347 0.0229892 0.0765993 10
0 0.549173 0.375559 0.0206535 0.0662393 11
0 0.0154225 0.171101 0.0140436 0.0443811 12
0 0.12562 0.163661 0.013551 0.0524646 13
0 0.0842275 0.325465 0.0160479 0.0712347 14
0 0.526538 0.378067 0.0190438 0.0639776 15
0 0.225979 0.884116 0.0370806 0.160192 16
0 0.286136 0.577088 0.0287683 0.130526 17
0 0.162952 0.211177 0.0142871 0.0542375 18
0 0.458874 0.61629 0.0307719 0.148156 19
0 0.811371 0.302828 0.0170679 0.0519266 20
0 0.166017 0.460478 0.0246788 0.055911 21
0 0.314255 0.160787 0.00959215 0.0390472 22
0 0.0753527 0.228751 0.0166925 0.0366847 23
0 0.346233 0.262278 0.012441 0.0500305 24
0 0.0356557 0.072282 0.0127943 0.0361252 25
0 0.228986 0.747395 0.0260386 0.0926653 26
0 0.267507 0.18558 0.0101591 0.049637 27
0 0.39882 0.341121 0.0225312 0.0635402 28
0 0.454325 0.532116 0.0312738 0.108546 29
0 0.34411 0.143064 0.00958538 0.0442573 30
0 0.415759 0.345265 0.0177178 0.0561987 31
0 0.0732155 0.532829 0.0442548 0.0684962 32
0 0.280914 0.0981784 0.00975847 0.0367468 33
0 0.121767 0.442337 0.0255857 0.0836329 34
0 0.162528 0.556012 0.0340689 0.0732057 35
0 0.0855469 0.343636 0.0215724 0.107995 36
0 0.0094476 0.528979 0.0188952 0.0814781 37
0 0.227738 0.357796 0.0210558 0.0662809 38
0 0.322536 0.450951 0.0190065 0.0474389 39
1 0.205155 0.725006 0.0377969 0.09761 40
0 0.284501 0.156921 0.00844706 0.0400308 41
0 0.255596 0.164291 0.0113458 0.0411269 42
0 0.0272353 0.106217 0.0109697 0.0296592 43
0 0.403124 0.179441 0.00971899 0.0338709 44
0 0.328538 0.152361 0.0116367 0.0435398 45
0 0.341273 0.146467 0.00966606 0.0460193 46
0 0.69533 0.422041 0.0253538 0.049522 47
0 0.356136 0.162282 0.00979492 0.0427046 48
0 0.192034 0.638967 0.0447055 0.108337 49
