0 0.560635 0.44836 0.0260086 0.104593 1
0 0.104867 0.272901 0.0250861 0.070336 2
0 0.393643 0.173087 0.0130024 0.0540554 3
0 0.534913 0.673069 0.0294128 0.153032 4
0 0.0586554 0.254813 0.0171033 0.0633913 5
0 0.0867867 0.678342 0.0421389 0.130922 6
0 0.439139 0.496343 0.0228907 0.103585 7
0 0.484822 0.480475 0.025539 0.114107 8
0 0.263598 0.478334 0.0307967 0.113847 9
0 0.345721 0.572714 0.0281761 0.129618 10
0 0.521358 0.579828 0.0272377 0.118693 11
0 0.00964847 0.293133 0.0190398 0.0766549 12
0 0.109854 0.664826 0.0322576 0.141619 13
0 0.600859 0.448943 0.0261519 0.0688728 14
0 0.177493 0.142936 0.0130099 0.0456551 15
0 0.0968099 0.395169 0.0265469 0.0741991 16
0 0.421802 0.307172 0.0148253 0.0733976 17
0 0.411727 0.471943 0.0240518 0.0990239 18
0 0.604842 0.361348 0.0221583 0.080386 19
0 0.0484809 0.313464 0.022142 0.0726296 20
0 0.230377 0.254084 0.0164711 0.0664975 21
0 0.311611 0.285329 0.0171283 0.0612498 22
0 0.159359 0.15853 0.0117946 0.0433661 23
0 0.0229137 0.151529 0.0135901 0.050063 24
0 0.211531 0.283532 0.017564 0.0660612 25
0 0.583493 0.363435 0.0179056 0.0642434 26
0 0.569696 0.244943 0.0155851 0.064289 27
0 0.00569135 0.173406 0.0113827 0.046104 28
0 0.489886 0.140882 0.0107759 0.043683 29
0 0.368024 0.0307789 0.00990057 0.0353855 30
0 0.415109 0.136815 0.0124748 0.0433283 31
0 0.231633 0.44138 0.0327447 0.110332 32
0 0.244644 0.121119 0.0102538 0.0526516 33
0 0.228859 0.311903 0.0184184 0.0658269 34
0 0.320036 0.045787 0.00962114 0.0401209 35
0 0.128856 0.189505 0.0118963 0.0461444 36
0 0.349207 0.119655 0.0119043 0.0572261 37
0 0.493111 0.311066 0.0193202 0.0561159 38
0 0.0819779 0.102367 0.00860211 0.0262566 39
0 0.353991 0.0613418 0.0100152 0.0385536 40
1 0.164215 0.569245 0.0367984 0.0973031 41
0 0.304872 0.0479696 0.00978842 0.0376989 42
0 0.138896 0.184324 0.0125292 0.0399302 43
1 0.342158 0.366968 0.0275213 0.0851427 44
0 0.341876 0.366523 0.0268492 0.0843664 45
0 0.237729 0.380008 0.0198361 0.0649794 46
0 0.198344 0.448687 0.0242985 0.0765543 47
0 0.0451328 0.278177 0.0183579 0.0605501 48
0 0.366333 0.388061 0.0162885 0.0472768 49
0 0.486864 0.308004 0.0188581 0.0608826 50
0 0.527312 0.616945 0.0270308 0.0672802 51
0 0.351833 0.0243709 0.0105212 0.0393034 52
0 0.330732 0.0483978 0.0087775 0.0405742 53
0 0.352855 0.049561 0.0102066 0.0476884 54
0 0.248194 0.458024 0.0249937 0.101182 55
