0 0.718282 0.646052 0.0341286 0.133867 1
0 0.731854 0.503195 0.0264988 0.107835 2
0 0.340183 0.612677 0.040345 0.138472 3
0 0.314923 0.369805 0.0173176 0.0848799 4
0 0.0547687 0.412125 0.025615 0.0954275 5
0 0.472122 0.582161 0.0287846 0.129302 6
0 0.568955 0.443754 0.0218076 0.0982867 7
0 0.554282 0.564811 0.026376 0.113581 8
0 0.354077 0.9123 0.0502117 0.160762 9
0 0.0174006 0.423847 0.0322676 0.0921552 10
0 0.465286 0.483105 0.027613 0.100509 11
0 0.246357 0.586979 0.0530193 0.132691 12
0 0.535413 0.45858 0.0235316 0.102459 13
0 0.518081 0.365881 0.021314 0.0809806 14
0 0.169534 0.608217 0.0411763 0.0814931 15
0 0.301672 0.794745 0.0389812 0.0918586 16
0 0.61544 0.4767 0.0263424 0.103541 17
0 0.205388 0.216184 0.0134239 0.0463224 18
0 0.239733 0.25217 0.0177328 0.0441902 19
0 0.21192 0.434063 0.0284226 0.0713103 20
0 0.666638 0.404141 0.0242118 0.0542528 21
0 0.225759 0.590535 0.0308157 0.130103 22
0 0.261853 0.790499 0.0529246 0.113385 23
0 0.496789 0.373182 0.0163313 0.0659097 24
0 0.352663 0.342399 0.0244402 0.0685272 25
0 0.20667 0.164419 0.0155492 0.0502828 26
0 0.365538 0.343649 0.038149 0.0998738 27
1 0.261822 0.790104 0.0504781 0.115956 28
0 0.0657581 0.595552 0.0347534 0.0732307 29
0 0.147916 0.174262 0.0139509 0.0503512 30
0 0.16755 0.111814 0.0105702 0.052437 31
0 0.0860518 0.472219 0.0277772 0.0814487 32
0 0.00521071 0.147089 0.0104214 0.0419572 33
0 0.574525 0.3426 0.0182711 0.0472525 34
0 0.0920047 0.152474 0.014365 0.0531162 35
0 0.238093 0.438879 0.0328248 0.0596079 36
0 0.139125 0.505337 0.0316291 0.0628515 37
0 0.509535 0.366634 0.0201595 0.0794588 38
