0 0.588908 0.61155 0.0378754 0.119403 1
0 0.439862 0.93717 0.0576824 0.121704 2
0 0.283393 0.702581 0.0403115 0.144744 3
0 0.257758 0.849896 0.0512474 0.154747 4
0 0.663496 0.445117 0.0223442 0.0975567 5
0 0.384516 0.716253 0.0419459 0.159299 6
0 0.197086 0.43606 0.0283515 0.106022 7
0 0.234423 0.71541 0.0352434 0.142373 8
0 0.0989712 0.566491 0.0270784 0.0966663 9
0 0.0382204 0.431071 0.0267698 0.0674162 10
0 0.509237 0.54306 0.0348367 0.151034 11
0 0.38196 0.938359 0.0541803 0.123282 12
0 0.462527 0.517228 0.0293643 0.123333 13
0 0.14891 0.779752 0.0499761 0.115877 14
0 0.0279987 0.65903 0.0546342 0.0821182 15
0 0.216659 0.310049 0.0159437 0.073954 16
0 0.619589 0.465525 0.025865 0.100557 17
0 0.563537 0.397812 0.018442 0.0519152 18
0 0.130772 0.537246 0.0298678 0.0706886 19
0 0.279951 0.35346 0.0145725 0.0630246 20
0 0.59185 0.249027 0.0116554 0.0422634 21
0 0.415081 0.39224 0.018162 0.0727161 22
0 0.504538 0.508729 0.0265232 0.117945 23
0 0.248224 0.284142 0.0148864 0.0545989 24
0 0.488292 0.454679 0.0214028 0.0925252 25
1 0.228934 0.401528 0.0209505 0.0648758 26
0 0.0404756 0.239588 0.0124467 0.0457533 27
1 0.241193 0.405394 0.0222027 0.0579173 28
0 0.469154 0.461442 0.0271326 0.0984232 29
0 0.393574 0.40117 0.0181646 0.0655168 30
