0 0.420315 0.81785 0.0407442 0.173123 1
0 0.227771 0.66088 0.0375654 0.141171 2
0 0.314572 0.667987 0.0390605 0.143969 3
0 0.0711409 0.535905 0.0275582 0.0943812 4
0 0.388337 0.494719 0.0286232 0.112444 5
0 0.506798 0.445709 0.0238073 0.0971502 6
0 0.303781 0.881344 0.053362 0.144828 7
0 0.192675 0.79518 0.0525402 0.140815 8
0 0.352585 0.885819 0.063662 0.108368 9
0 0.182204 0.672649 0.0340484 0.139839 10
0 0.468138 0.945309 0.0377709 0.105021 11
0 0.555994 0.535346 0.0309511 0.111637 12
0 0.413723 0.503045 0.0240654 0.102807 13
0 0.5338 0.558964 0.0269545 0.121183 14
0 0.470163 0.441971 0.0245053 0.0928 15
0 0.105703 0.724006 0.0553023 0.101802 16
0 0.0622696 0.464652 0.0262654 0.0922802 17
0 0.46106 0.548379 0.0278659 0.108658 18
0 0.190527 0.409644 0.0209654 0.0951317 19
0 0.428637 0.565003 0.025503 0.0954602 20
0 0.204529 0.29938 0.018906 0.0743743 21
0 0.465638 0.297046 0.013554 0.0628037 22
0 0.545608 0.37972 0.0185922 0.0510205 23
0 0.177791 0.400519 0.0221351 0.098922 24
0 0.107995 0.507948 0.0331144 0.0672006 25
0 0.0149482 0.605139 0.0298963 0.0848547 26
0 0.298697 0.280226 0.0182613 0.0628099 27
0 0.305236 0.282426 0.0191356 0.0577948 28
0 0.240345 0.45492 0.0172194 0.0565953 29
0 0.00789517 0.60951 0.0157147 0.0785558 30
0 0.232085 0.385593 0.0198375 0.0634438 31
0 0.579369 0.241429 0.010633 0.0379505 32
0 0.40073 0.375445 0.0183659 0.0674852 33
0 0.518362 0.950343 0.0331577 0.0960337 34
0 0.21496 0.38118 0.019388 0.0597642 35
