0 0.499037 0.63199 0.0311716 0.135666 1
0 0.517815 0.44662 0.0244278 0.114132 2
0 0.270412 0.523846 0.0250267 0.124381 3
0 0.339949 0.490903 0.0257173 0.111092 4
0 0.378623 0.326652 0.016046 0.0779276 5
0 0.454341 0.54534 0.0303064 0.115808 6
0 0.129062 0.144886 0.011878 0.0443319 7
0 0.232148 0.491401 0.0249388 0.111722 8
0 0.303153 0.186457 0.0116512 0.0485716 9
0 0.575433 0.364613 0.0220146 0.0724933 10
0 0.0214191 0.212502 0.0155783 0.0432521 11
0 0.440202 0.486649 0.021643 0.0977583 12
0 0.431327 0.451361 0.0207258 0.101553 13
0 0.211508 0.490159 0.026612 0.110783 14
0 0.171288 0.329486 0.0243742 0.0830947 15
0 0.234494 0.135675 0.0123316 0.0517002 16
0 0.080782 0.0952964 0.0100114 0.0305739 17
0 0.0647338 0.167552 0.0129965 0.0620011 18
0 0.105315 0.160877 0.0119093 0.0470397 19
0 0.508608 0.246665 0.0131763 0.0548399 20
0 0.0451963 0.455842 0.0272829 0.0797618 21
0 0.150877 0.322371 0.0239651 0.0815971 22
0 0.414912 0.144707 0.010397 0.047996 23
0 0.47194 0.486536 0.0213494 0.105965 24
0 0.551517 0.368231 0.0201088 0.0642534 25
0 0.313021 0.398439 0.0262684 0.0922135 26
0 0.357608 0.148412 0.0125051 0.0408374 27
0 0.398888 0.145593 0.0107508 0.0485836 28
0 0.192776 0.0589549 0.00946277 0.0391733 29
0 0.150945 0.0814953 0.0106601 0.0351855 30
0 0.315416 0.140733 0.0101266 0.0375393 31
0 0.0909168 0.0801639 0.00964587 0.0408058 32
0 0.0572184 0.0802052 0.00890774 0.0331938 33
0 0.141064 0.75937 0.0470332 0.164832 34
0 0.392288 0.137199 0.00825519 0.0499939 35
1 0.17114 0.508615 0.0375226 0.100071 36
0 0.453601 0.0961422 0.00889683 0.0352537 37
1 0.177485 0.560365 0.0406756 0.0814265 38
1 0.442843 0.324573 0.0244761 0.0530314 39
0 0.44081 0.324463 0.0292353 0.0578179 40
