0 0.0899703 0.55958 0.0292707 0.0938855 1
0 0.271102 0.689111 0.0403656 0.148895 2
0 0.144957 0.763366 0.0544856 0.105383 3
0 0.518096 0.549442 0.029648 0.119179 4
0 0.493105 0.516064 0.0290365 0.116127 5
0 0.432232 0.510111 0.0325964 0.151819 6
0 0.423161 0.918843 0.0636812 0.126665 7
0 0.020909 0.650935 0.0418179 0.0781064 8
0 0.0217484 0.430195 0.020105 0.0736962 9
0 0.196785 0.425949 0.0279003 0.100428 10
0 0.369677 0.70312 0.0455675 0.160861 11
0 0.243867 0.827964 0.0516391 0.163801 12
0 0.578272 0.494366 0.0383177 0.117991 13
0 0.218189 0.706682 0.0406625 0.149108 14
0 0.365162 0.922509 0.051648 0.1223 15
0 0.739457 0.95443 0.0410026 0.0911406 16
0 0.203815 0.306806 0.0145849 0.0725593 17
0 0.286157 0.341307 0.0144676 0.053319 18
0 0.541741 0.509289 0.025676 0.105588 19
0 0.591781 0.430356 0.0263409 0.0957314 20
0 0.558508 0.963557 0.0431247 0.071091 21
0 0.121232 0.535011 0.0345685 0.0753404 22
0 0.407242 0.384848 0.0188715 0.0686394 23
0 0.540638 0.4582 0.0210077 0.0933303 24
0 0.553663 0.381094 0.0229259 0.0658602 25
0 0.586413 0.24116 0.0114361 0.0360793 26
1 0.234436 0.397358 0.0221741 0.061428 27
0 0.323798 0.295246 0.015255 0.0631662 28
0 0.389066 0.394142 0.0179903 0.062555 29
0 0.264835 0.284861 0.0130532 0.0621398 30
0 0.397797 0.385594 0.0146561 0.0656923 31
0 0.437289 0.347163 0.0184911 0.0559733 32
0 0.228805 0.546571 0.0262414 0.0681847 33
