0 0.49883 0.56925 0.0299908 0.122525 1
0 0.54773 0.677663 0.0335668 0.152635 2
0 0.329621 0.540127 0.025232 0.110345 3
0 0.438788 0.50321 0.0218216 0.0957659 4
0 0.0472832 0.29646 0.0203981 0.071822 5
0 0.402715 0.313024 0.0160538 0.0788241 6
0 0.0848901 0.708441 0.0324268 0.130137 7
0 0.360217 0.17346 0.0130492 0.048236 8
0 0.257376 0.490434 0.030087 0.120245 9
0 0.551142 0.448905 0.022893 0.105598 10
0 0.565122 0.364632 0.0210623 0.0738332 11
0 0.414651 0.469189 0.0254024 0.0878792 12
0 0.231399 0.455678 0.0255567 0.107028 13
0 0.316028 0.131567 0.0102419 0.0482657 14
0 0.46992 0.476721 0.0201229 0.102397 15
0 0.590609 0.357937 0.0207877 0.0720074 16
0 0.138706 0.153731 0.0105724 0.0417675 17
0 0.0913713 0.204173 0.0150066 0.0515135 18
0 0.0742382 0.413436 0.0258902 0.0760211 19
0 0.115022 0.688958 0.0313927 0.150818 20
0 0.00484437 0.285766 0.00968873 0.0610479 21
0 0.119469 0.170692 0.0117426 0.0496362 22
0 0.178555 0.142218 0.00961113 0.0382896 23
0 0.295758 0.306448 0.0175207 0.0644147 24
0 0.203724 0.12868 0.00946267 0.0441271 25
0 0.457545 0.135748 0.0103388 0.048851 26
0 0.208484 0.0727334 0.0083929 0.0279788 27
0 0.205545 0.299211 0.0179335 0.070241 28
0 0.259228 0.0513091 0.00831938 0.0351484 29
0 0.187067 0.295006 0.0174542 0.0728514 30
0 0.217539 0.453554 0.0267015 0.106163 31
0 0.545354 0.249001 0.0165342 0.0645287 32
0 0.379418 0.137175 0.0113514 0.0378821 33
0 0.202816 0.263253 0.0172998 0.0652924 34
0 0.129113 0.147557 0.00968661 0.0465955 35
0 0.326355 0.375837 0.0255078 0.0861449 36
0 0.18254 0.461479 0.0231687 0.0695811 37
0 0.307377 0.0422201 0.00896853 0.0426318 38
0 0.121611 0.419915 0.0324152 0.0640004 39
0 0.450033 0.311407 0.0218048 0.0610547 40
1 0.325402 0.373791 0.0272358 0.0854831 41
0 0.101375 0.198135 0.0120977 0.0459603 42
0 0.0671576 0.107232 0.0094898 0.034524 43
0 0.178256 0.513015 0.0313361 0.0784487 44
0 0.157696 0.600308 0.0446176 0.0894947 45
1 0.179246 0.511673 0.0314764 0.0769519 46
0 0.321854 0.0280926 0.00875092 0.0334611 47
0 0.28018 0.0517319 0.00908613 0.0392702 48
0 0.353174 0.392822 0.0172499 0.0451805 49
0 0.276663 0.0496596 0.00981283 0.0396943 50
0 0.212524 0.378416 0.0216886 0.0636742 51
0 0.213657 0.414951 0.0216048 0.105238 52
0 0.100341 0.69074 0.0575061 0.152451 53
0 0.0491127 0.104955 0.0107778 0.0283112 54
0 0.170815 0.0844934 0.00806156 0.0300529 55
