0 0.726871 0.668255 0.0389191 0.131095 1
0 0.311363 0.610517 0.0292223 0.126712 2
0 0.322099 0.364999 0.0169356 0.0832137 3
0 0.64578 0.492521 0.0226339 0.0896986 4
0 0.540576 0.458344 0.025382 0.098245 5
0 0.572913 0.570774 0.0317637 0.110279 6
0 0.477222 0.612584 0.0324237 0.13627 7
0 0.0664358 0.402954 0.0228226 0.09437 8
0 0.21915 0.570002 0.0242125 0.0957414 9
0 0.0234488 0.175359 0.0141864 0.0522146 10
0 0.279347 0.791936 0.0322832 0.0921129 11
0 0.195659 0.407643 0.0207028 0.0824264 12
0 0.241613 0.780679 0.0554642 0.124972 13
0 0.033934 0.411397 0.027044 0.0961429 14
0 0.468512 0.517095 0.0269621 0.114913 15
0 0.162027 0.600955 0.0425373 0.0787014 16
0 0.0174576 0.355048 0.0235418 0.0814571 17
0 0.18081 0.197302 0.0131128 0.0556024 18
0 0.250991 0.585339 0.035501 0.127966 19
0 0.745267 0.515147 0.0340508 0.0916028 20
0 0.141198 0.497512 0.0261031 0.0633149 21
0 0.116009 0.179394 0.0122423 0.0546586 22
0 0.242642 0.2481 0.0141131 0.031543 23
0 0.504874 0.375231 0.0196327 0.068947 24
0 0.0673486 0.588905 0.0309488 0.0697274 25
0 0.378299 0.973863 0.0304999 0.0517727 26
0 0.527026 0.372333 0.0210575 0.0747813 27
0 0.232865 0.163253 0.0125761 0.0464214 28
0 0.631282 0.3045 0.0121143 0.0500841 29
0 0.0583465 0.190179 0.0153436 0.0455705 30
1 0.205829 0.680766 0.0516373 0.114275 31
0 0.00363671 0.2648 0.00727341 0.0579228 32
0 0.380981 0.36022 0.0192602 0.0592068 33
0 0.362907 0.340668 0.0212954 0.0706587 34
0 0.32687 0.91429 0.0371897 0.16756 35
0 0.756359 0.280396 0.0131427 0.0378373 36
0 0.40071 0.250146 0.0127717 0.034814 37
0 0.266254 0.141612 0.010095 0.0371861 38
0 0.0945578 0.461983 0.0264348 0.0784137 39
0 0.197794 0.158999 0.00964635 0.0458171 40
1 0.327074 0.88907 0.036474 0.121106 41
0 0.2385 0.164571 0.0123534 0.0471937 42
0 0.400721 0.269564 0.013437 0.0679493 43
0 0.0922826 0.495757 0.0298157 0.098044 44
0 0.37047 0.357674 0.0201109 0.0765182 45
0 0.194766 0.11302 0.00982538 0.050622 46
0 0.204211 0.684024 0.0670877 0.112638 47
0 0.119534 0.154322 0.0129961 0.0543735 48
2 0.326313 0.913127 0.0372526 0.170739 49
0 0.15223 0.169097 0.0113497 0.0436424 50
0 0.234249 0.434952 0.0298253 0.0532033 51
1 0.235033 0.43498 0.0321266 0.0522806 52
