0 0.317246 0.671547 0.0342579 0.146321 1
0 0.388531 0.494749 0.0289368 0.110919 2
0 0.506367 0.446511 0.0220641 0.0980913 3
0 0.0676191 0.540405 0.027316 0.10063 4
0 0.227275 0.662705 0.0378242 0.140028 5
0 0.43106 0.826902 0.0504065 0.168632 6
0 0.558628 0.530947 0.0296429 0.111905 7
0 0.193902 0.794556 0.0491393 0.133579 8
0 0.303921 0.885582 0.0529532 0.139318 9
0 0.180276 0.676164 0.0357757 0.14261 10
0 0.467718 0.444151 0.0225455 0.0933099 11
0 0.102977 0.733046 0.0569825 0.106994 12
0 0.292041 0.282455 0.0182184 0.0621921 13
0 0.18726 0.410016 0.0221242 0.0954865 14
0 0.354989 0.88227 0.0609649 0.104834 15
0 0.416006 0.501927 0.0242344 0.102677 16
0 0.470955 0.948191 0.0401525 0.103619 17
0 0.0528191 0.46182 0.0223956 0.0875351 18
0 0.528224 0.55713 0.0231741 0.114674 19
0 0.463319 0.551825 0.0257282 0.101344 20
0 0.435624 0.551321 0.0247034 0.0890345 21
0 0.235834 0.455094 0.0190105 0.0571013 22
0 0.102061 0.512579 0.0419811 0.0706796 23
0 0.460822 0.30437 0.0144185 0.0767832 24
0 0.542265 0.37951 0.0193139 0.0516232 25
0 0.174786 0.406457 0.0370059 0.100963 26
0 0.201963 0.304177 0.0165501 0.063746 27
0 0.576621 0.24307 0.0100561 0.03762 28
0 0.395601 0.377262 0.0211663 0.0639745 29
0 0.455925 0.309164 0.014299 0.0847474 30
0 0.00710426 0.641159 0.0141143 0.0889906 31
0 0.373066 0.38175 0.0202223 0.0650687 32
