0 0.253944 0.801759 0.0308357 0.120755 1
0 0.28576 0.561808 0.029164 0.128119 2
0 0.637395 0.500317 0.0365857 0.102456 3
0 0.215647 0.53116 0.0250242 0.108618 4
0 0.359589 0.344372 0.0174922 0.0799761 5
0 0.537946 0.553569 0.0429443 0.153773 6
0 0.155644 0.153713 0.0132135 0.0521386 7
0 0.241435 0.531812 0.0234843 0.118339 8
0 0.427127 0.490455 0.0269838 0.1049 9
0 0.558851 0.479012 0.0220877 0.0982827 10
0 0.104331 0.318169 0.0172408 0.0806135 11
0 0.464968 0.55928 0.0238031 0.103031 12
0 0.474203 0.620766 0.0308523 0.131814 13
0 0.132739 0.354924 0.0236744 0.0881969 14
0 0.55787 0.373191 0.0186985 0.0689508 15
0 0.205425 0.199896 0.0137019 0.05629 16
0 0.452481 0.479649 0.0226089 0.0912062 17
0 0.529397 0.528354 0.0260835 0.0989828 18
0 0.0187253 0.181215 0.0151097 0.0573508 19
0 0.0411019 0.165088 0.0121977 0.0442642 20
1 0.414304 0.332498 0.0286224 0.061208 21
0 0.0659321 0.100996 0.0104904 0.0377623 22
0 0.108741 0.364318 0.0203627 0.0698677 23
0 0.303977 0.188477 0.0110329 0.0466141 24
0 0.0183251 0.505687 0.0273679 0.0837475 25
0 0.176066 0.444487 0.0245577 0.0594001 26
0 0.33253 0.142992 0.0106249 0.0552433 27
1 0.200033 0.700608 0.0367357 0.0930823 28
0 0.535946 0.372557 0.0191743 0.0620733 29
0 0.0737447 0.0652993 0.0109468 0.0351515 30
0 0.0707433 0.0910185 0.0111147 0.0421103 31
0 0.105388 0.0736443 0.00993138 0.0322246 32
0 0.0925279 0.064363 0.0101566 0.0367375 33
0 0.0859451 0.515387 0.0404467 0.069215 34
0 0.368915 0.257781 0.0130595 0.0479133 35
0 0.70137 0.421655 0.0261427 0.0549159 36
1 0.19017 0.613644 0.0453793 0.101207 37
0 0.13365 0.0684597 0.0105816 0.0377871 38
1 0.285362 0.401555 0.0263097 0.0548547 39
0 0.339378 0.144485 0.0112107 0.0538738 40
0 0.167613 0.534031 0.0281567 0.0795795 41
0 0.136218 0.431915 0.0224875 0.084055 42
0 0.0703455 0.143904 0.011869 0.0453374 43
0 0.306847 0.0963506 0.00978822 0.0378209 44
0 0.358259 0.146324 0.0114307 0.0517795 45
0 0.206235 0.844094 0.0392725 0.18319 46
