0 0.725767 0.670502 0.0317178 0.133295 1
0 0.575178 0.569744 0.030605 0.109137 2
0 0.322211 0.363665 0.017332 0.0846998 3
0 0.306385 0.609584 0.0348625 0.124225 4
0 0.642438 0.502938 0.0231674 0.102463 5
0 0.530543 0.457167 0.0397682 0.100758 6
0 0.00781301 0.250974 0.015626 0.0580072 7
0 0.469352 0.52382 0.0296991 0.121065 8
0 0.0675123 0.399841 0.0229195 0.0905674 9
0 0.0286685 0.173326 0.0143744 0.0515833 10
0 0.36546 0.971481 0.0319247 0.0535726 11
0 0.034727 0.403057 0.0256962 0.0900716 12
0 0.745845 0.51675 0.0315602 0.0922211 13
0 0.184819 0.205316 0.0130411 0.0485445 14
0 0.160753 0.597985 0.0398604 0.0813427 15
0 0.0714478 0.192197 0.0158574 0.0441853 16
0 0.196295 0.409613 0.0186373 0.074597 17
1 0.243386 0.770078 0.0404845 0.103443 18
0 0.0215552 0.351517 0.0236045 0.0738223 19
0 0.403301 0.271648 0.0134601 0.0650587 20
1 0.319282 0.881829 0.0367963 0.109616 21
0 0.216739 0.566501 0.0255049 0.0933221 22
0 0.48035 0.622341 0.027507 0.123896 23
0 0.0656403 0.587634 0.0313817 0.066663 24
0 0.248411 0.578531 0.0298622 0.130635 25
0 0.198589 0.111926 0.0108242 0.0510274 26
0 0.505374 0.376186 0.0214713 0.0678329 27
0 0.139113 0.495555 0.0264437 0.0587685 28
0 0.758923 0.282147 0.0138265 0.0418374 29
0 0.233711 0.165389 0.0136057 0.0464863 30
0 0.269007 0.144774 0.0102934 0.0437777 31
0 0.526004 0.374915 0.0202272 0.0722885 32
0 0.402792 0.255129 0.01332 0.0421404 33
1 0.211169 0.687686 0.04658 0.104397 34
0 0.240026 0.164478 0.0136769 0.0459964 35
1 0.370676 0.339701 0.0359815 0.0783846 36
0 0.181589 0.191982 0.0146699 0.0613178 37
0 0.378457 0.354014 0.0261375 0.06747 38
0 0.632706 0.30234 0.0125578 0.0487767 39
0 0.244093 0.246822 0.0150235 0.0311863 40
