0 0.680866 0.60448 0.034341 0.12085 1
0 0.551818 0.530844 0.0248946 0.115063 2
0 0.286122 0.802413 0.052897 0.129156 3
0 0.341392 0.621031 0.0346815 0.140561 4
0 0.664638 0.503278 0.028087 0.116223 5
0 0.265434 0.593916 0.0363891 0.136055 6
0 0.306034 0.360401 0.0179638 0.0946006 7
0 0.0269321 0.419103 0.026528 0.0969647 8
0 0.394792 0.913172 0.049818 0.138948 9
0 0.100569 0.699418 0.0423755 0.133025 10
0 0.232143 0.594893 0.0295849 0.130759 11
0 0.474873 0.476118 0.0280695 0.105523 12
0 0.469154 0.525023 0.0332208 0.112008 13
0 0.522947 0.440361 0.0256359 0.111235 14
0 0.196759 0.446412 0.0220006 0.074599 15
0 0.165561 0.240925 0.0123112 0.053682 16
0 0.169497 0.61887 0.0411398 0.0858475 17
0 0.327167 0.80476 0.0471273 0.102925 18
0 0.147351 0.165682 0.0099102 0.0493887 19
0 0.50272 0.359969 0.0206787 0.0747065 20
0 0.102101 0.17969 0.0122315 0.0432173 21
0 0.360938 0.265758 0.0130773 0.0659123 22
0 0.352531 0.365404 0.0220515 0.0871906 23
0 0.286525 0.27993 0.0146257 0.044477 24
0 0.6534 0.391484 0.0224962 0.0521794 25
0 0.0738852 0.173287 0.0142651 0.0468157 26
1 0.121776 0.513677 0.0300675 0.0633142 27
0 0.484098 0.365246 0.0176151 0.0668071 28
0 0.229129 0.43998 0.0220205 0.0556285 29
0 0.126144 0.174786 0.0111998 0.04381 30
0 0.059533 0.483287 0.0291426 0.0825344 31
1 0.0611383 0.484707 0.0301971 0.0858124 32
0 0.225065 0.697962 0.0651038 0.122411 33
0 0.328452 0.349279 0.0176985 0.0542892 34
0 0.207179 0.447996 0.0231277 0.0706831 35
0 0.595861 0.29319 0.0122175 0.048222 36
0 0.0336604 0.49502 0.0287239 0.0705494 37
0 0.066468 0.174326 0.0132638 0.0433314 38
0 0.40995 0.928306 0.0468656 0.143387 39
