0 0.609948 0.617906 0.0393261 0.123144 1
0 0.549081 0.54647 0.0239121 0.111724 2
0 0.6814 0.504229 0.0269172 0.105199 3
0 0.283317 0.851256 0.0304368 0.124663 4
0 0.211806 0.551348 0.0282137 0.116891 5
0 0.584036 0.483074 0.0250371 0.105211 6
0 0.45562 0.625069 0.0311559 0.132161 7
0 0.286646 0.582462 0.0318761 0.13042 8
0 0.238432 0.551115 0.0241516 0.122643 9
0 0.235584 0.881494 0.0410863 0.185236 10
0 0.109117 0.37079 0.0234976 0.0761248 11
0 0.184756 0.639809 0.0583709 0.102368 12
0 0.481267 0.495988 0.0273459 0.104975 13
0 0.349158 0.355228 0.0180465 0.0829264 14
0 0.113814 0.165384 0.0140749 0.0507481 15
0 0.545877 0.375197 0.0214939 0.0688134 16
0 0.52281 0.37704 0.019365 0.0658611 17
0 0.159493 0.55993 0.039281 0.0806939 18
0 0.00569493 0.173529 0.0113899 0.0457651 19
0 0.0640988 0.231933 0.017385 0.0365281 20
0 0.148088 0.21182 0.0142327 0.0530778 21
0 0.303919 0.163646 0.0101256 0.0403309 22
0 0.075508 0.323671 0.0184346 0.0707257 23
0 0.391648 0.345244 0.0185255 0.0621914 24
0 0.0219962 0.0742073 0.0121852 0.0366481 25
0 0.319721 0.455032 0.0195247 0.0495498 26
0 0.29837 0.457945 0.0198125 0.0482364 27
0 0.0537983 0.0833263 0.0100222 0.0345308 28
0 0.336224 0.250447 0.0123282 0.0455585 29
0 0.115989 0.447216 0.0255554 0.0768 30
0 0.256926 0.172338 0.0125166 0.050831 31
0 0.689249 0.426091 0.0262213 0.0581818 32
0 0.014866 0.108947 0.0108763 0.0301449 33
0 0.228813 0.749752 0.0363759 0.10068 34
0 0.45811 0.54432 0.0388128 0.118596 35
0 0.0852898 0.0926621 0.0101327 0.0414121 36
0 0.260377 0.184469 0.0152822 0.0656236 37
0 0.190588 0.74276 0.0384996 0.104255 38
0 0.161083 0.466402 0.025196 0.0578276 39
0 0.410506 0.347008 0.0179175 0.0542782 40
0 0.0205481 0.140336 0.0132389 0.0311791 41
0 0.263379 0.192869 0.0118521 0.050315 42
0 0.274821 0.416618 0.0227665 0.0589662 43
0 0.210333 0.737112 0.0409265 0.100009 44
0 0.0695341 0.537566 0.0451354 0.0723889 45
0 0.454483 0.319664 0.0142587 0.0674812 46
1 0.274022 0.414628 0.0220613 0.0540372 47
