0 0.558521 0.549535 0.0281433 0.114266 1
0 0.633601 0.635386 0.0331891 0.132056 2
0 0.297148 0.879916 0.0345094 0.146779 3
0 0.342506 0.360326 0.0158279 0.0794675 4
0 0.699161 0.506521 0.0248025 0.106379 5
0 0.486166 0.489453 0.0251058 0.0998058 6
0 0.210238 0.556749 0.0279908 0.121641 7
0 0.246631 0.89269 0.0393184 0.189448 8
0 0.121961 0.222131 0.0153408 0.0621905 9
0 0.236371 0.558846 0.0245424 0.132849 10
0 0.599601 0.482126 0.0236608 0.108646 11
0 0.0969631 0.169677 0.0131184 0.0536549 12
0 0.100485 0.376616 0.0205965 0.0830349 13
0 0.540825 0.376762 0.0192636 0.068365 14
0 0.452082 0.53243 0.0333321 0.139572 15
0 0.184725 0.650221 0.0608966 0.112338 16
0 0.518914 0.37903 0.0199002 0.065127 17
0 0.160024 0.56914 0.0281716 0.0754778 18
0 0.457788 0.640148 0.0335559 0.145943 19
0 0.0656947 0.332925 0.0177888 0.073237 20
0 0.385907 0.348293 0.0200921 0.058191 21
0 0.0738407 0.396701 0.0219151 0.0606771 22
0 0.293048 0.462708 0.0210133 0.0535325 23
0 0.452444 0.502107 0.0277743 0.0817419 24
0 0.0492303 0.235113 0.017153 0.0369162 25
0 0.214318 0.37246 0.0192098 0.0711938 26
0 0.289458 0.163308 0.00988663 0.0405228 27
0 0.315699 0.149906 0.0102317 0.0489187 28
0 0.469653 0.563765 0.0302121 0.108783 29
0 0.402758 0.345666 0.0227768 0.0582944 30
0 0.584981 0.310766 0.0160827 0.0641559 31
0 0.261677 0.159632 0.00929669 0.0404437 32
1 0.257908 0.415857 0.0360132 0.0534453 33
0 0.441516 0.253691 0.01257 0.0447778 34
0 0.00324482 0.08082 0.00636376 0.0370049 35
2 0.06398 0.550352 0.0474942 0.071643 36
0 0.212433 0.742271 0.0395557 0.0962684 37
0 0.317828 0.456662 0.0195342 0.0510368 38
0 0.067913 0.551293 0.0412505 0.0711123 39
0 0.244641 0.178246 0.012329 0.0453067 40
0 0.307022 0.147672 0.0104238 0.047279 41
0 0.532817 0.380186 0.0206108 0.064681 42
1 0.155162 0.470434 0.0242371 0.0540212 43
0 0.0471974 0.0406578 0.00983927 0.0415601 44
0 0.247789 0.18999 0.0128391 0.0601854 45
0 0.19074 0.14182 0.0117565 0.0436933 46
0 0.331611 0.166007 0.00997457 0.0427529 47
0 0.23021 0.755222 0.0406637 0.101967 48
