0 0.569795 0.619638 0.0417213 0.125756 1
0 0.488988 0.558311 0.0317105 0.120569 2
0 0.386394 0.716508 0.0418623 0.159426 3
0 0.441596 0.937778 0.0577799 0.116607 4
0 0.232818 0.720338 0.0401565 0.152597 5
0 0.664717 0.443897 0.0227163 0.100168 6
0 0.192246 0.436964 0.0237015 0.111687 7
0 0.283378 0.703101 0.0403672 0.145983 8
0 0.099067 0.566019 0.028297 0.0973677 9
0 0.385239 0.939011 0.0521547 0.121979 10
0 0.468982 0.517677 0.0299235 0.11473 11
0 0.516356 0.511952 0.0286769 0.113991 12
0 0.627627 0.483904 0.0236137 0.109093 13
0 0.259039 0.852431 0.0521315 0.154751 14
0 0.0430177 0.430973 0.0196606 0.0726677 15
0 0.0288783 0.659037 0.05701 0.0817142 16
0 0.216935 0.310008 0.0146995 0.072321 17
0 0.503541 0.47929 0.0230188 0.138851 18
0 0.152594 0.779423 0.0547959 0.113699 19
0 0.565903 0.399224 0.0178638 0.0515035 20
0 0.132028 0.535739 0.0295936 0.0694967 21
0 0.285482 0.352141 0.0143631 0.0672482 22
0 0.0406976 0.236683 0.0117769 0.0497618 23
0 0.59236 0.249345 0.0113369 0.038639 24
0 0.57775 0.284101 0.0108635 0.0380509 25
0 0.395969 0.402192 0.0169702 0.0620818 26
1 0.238084 0.4054 0.0300103 0.0624283 27
0 0.412921 0.396121 0.018775 0.0692817 28
1 0.229518 0.400636 0.0216557 0.0643972 29
0 0.202006 0.42181 0.0252935 0.0895908 30
0 0.48218 0.445926 0.0237778 0.0919742 31
