0 0.0830898 0.559413 0.0238342 0.0984263 1
0 0.4924 0.517481 0.0299482 0.113993 2
0 0.213635 0.70547 0.0433625 0.149799 3
0 0.366651 0.700865 0.038868 0.155298 4
0 0.412724 0.922734 0.0637603 0.131784 5
0 0.539684 0.5098 0.0257942 0.109237 6
0 0.19432 0.425333 0.0267782 0.101927 7
0 0.0201571 0.649403 0.0403142 0.0779428 8
0 0.362511 0.923502 0.0551049 0.130636 9
0 0.0210437 0.435258 0.0196803 0.0778544 10
0 0.430648 0.530833 0.0332789 0.150993 11
0 0.257811 0.703668 0.0610538 0.172655 12
0 0.58197 0.431446 0.0260302 0.0966062 13
0 0.204607 0.305859 0.0154278 0.069239 14
0 0.706695 0.942624 0.0362368 0.111222 15
0 0.514929 0.548809 0.0264222 0.120096 16
0 0.566099 0.518327 0.0346333 0.0984194 17
0 0.23944 0.825717 0.0520238 0.164745 18
0 0.525558 0.456879 0.0182088 0.0972958 19
0 0.403551 0.383788 0.0193664 0.0692893 20
0 0.550553 0.962417 0.044689 0.0724038 21
0 0.141664 0.762807 0.0558783 0.107317 22
0 0.281433 0.339634 0.0152324 0.0465266 23
0 0.118945 0.532708 0.0318023 0.0733051 24
0 0.386409 0.391536 0.0201461 0.0668655 25
0 0.556208 0.388568 0.0136905 0.0490713 26
0 0.585955 0.24207 0.0113391 0.036717 27
0 0.225545 0.54224 0.0266662 0.0674315 28
0 0.267674 0.288749 0.014068 0.0548955 29
0 0.466492 0.296728 0.00958883 0.0424406 30
1 0.227563 0.395431 0.0306381 0.0639652 31
0 0.038085 0.240264 0.0110531 0.0442673 32
