0 0.27445 0.53372 0.0273862 0.124549 1
0 0.474528 0.480235 0.0222851 0.0994095 2
0 0.233708 0.500317 0.0248795 0.110533 3
0 0.485982 0.622288 0.0274639 0.134189 4
0 0.33963 0.461973 0.0211298 0.117285 5
0 0.0362416 0.469825 0.0253333 0.0823859 6
0 0.520475 0.447153 0.0238088 0.119694 7
0 0.210733 0.500427 0.0253553 0.111669 8
0 0.0448541 0.185751 0.0185597 0.0625848 9
0 0.569586 0.366404 0.0205973 0.072972 10
0 0.371647 0.331214 0.0159687 0.0802521 11
0 0.279056 0.193676 0.0127133 0.0552018 12
0 0.209279 0.148678 0.0115771 0.0523605 13
0 0.433428 0.455763 0.0199331 0.0981109 14
0 0.160023 0.332707 0.0204235 0.0741178 15
0 0.44456 0.547473 0.024781 0.106329 16
0 0.10663 0.148619 0.0107577 0.041803 17
0 0.546741 0.369901 0.0195429 0.0653457 18
0 0.140084 0.291196 0.0155772 0.0683958 19
0 0.0813729 0.170599 0.0135231 0.0492478 20
1 0.183355 0.662341 0.0414911 0.0930136 21
0 0.29659 0.141627 0.0105215 0.0399192 22
0 0.441435 0.475168 0.0206906 0.100943 23
0 0.396003 0.153277 0.0101875 0.0487837 24
0 0.14717 0.0575139 0.00957893 0.0388886 25
1 0.177074 0.743785 0.0327184 0.105291 26
0 0.435703 0.32351 0.0322815 0.0671948 27
0 0.367288 0.129062 0.00932017 0.0398714 28
0 0.177962 0.0701471 0.0086977 0.0292531 29
0 0.173144 0.518572 0.0304593 0.0925963 30
1 0.155269 0.205638 0.0142386 0.0348547 31
0 0.382372 0.146454 0.00988329 0.0451871 32
0 0.333019 0.148954 0.0111752 0.0457794 33
1 0.283297 0.34217 0.0180484 0.0586445 34
0 0.0536357 0.100179 0.0110615 0.0315906 35
0 0.152463 0.798957 0.0461588 0.140876 36
1 0.153554 0.795029 0.0444448 0.146995 37
0 0.0993009 0.481112 0.031254 0.0659778 38
0 0.137128 0.326202 0.0199284 0.0784486 39
0 0.422399 0.156515 0.0104489 0.0413267 40
0 0.206135 0.0429603 0.00913679 0.0436932 41
0 0.314899 0.151261 0.00963425 0.0306288 42
0 0.49943 0.246302 0.0128828 0.0511514 43
1 0.431026 0.321864 0.025275 0.062808 44
0 0.166343 0.0582913 0.00937952 0.0402233 45
1 0.303521 0.398182 0.0269077 0.0825666 46
0 0.130583 0.0847086 0.00993495 0.0415084 47
0 0.340151 0.151649 0.00987178 0.0388703 48
