0 0.351391 0.57594 0.0290295 0.121551 1
0 0.43845 0.494496 0.022442 0.105847 2
0 0.481397 0.47911 0.0315 0.104864 3
0 0.556971 0.446955 0.0244999 0.104067 4
0 0.26628 0.472324 0.0276427 0.116397 5
0 0.1082 0.65025 0.0319617 0.139081 6
0 0.427715 0.305179 0.0159978 0.0782892 7
0 0.0870267 0.662272 0.0353594 0.129707 8
0 0.527152 0.587853 0.0297069 0.124137 9
0 0.615761 0.437812 0.0214133 0.0957725 10
0 0.192939 0.138814 0.0111589 0.0464975 11
0 0.411875 0.470045 0.0242091 0.100385 12
0 0.0291666 0.280851 0.0223588 0.0733385 13
0 0.103213 0.391511 0.0240251 0.0733471 14
0 0.124563 0.264402 0.0161303 0.068423 15
0 0.316558 0.277615 0.016656 0.0657777 16
0 0.404301 0.171893 0.0123451 0.0503034 17
0 0.585438 0.359875 0.0213492 0.0683237 18
0 0.0708572 0.297201 0.0194083 0.0786255 19
0 0.532323 0.666975 0.0350522 0.146158 20
0 0.614318 0.361979 0.0208176 0.0760328 21
0 0.239339 0.249488 0.0135388 0.0577646 22
0 0.0950238 0.0970349 0.0104429 0.0313228 23
0 0.174421 0.156576 0.0124662 0.039798 24
0 0.0728049 0.247903 0.0162218 0.0580622 25
0 0.0427808 0.148695 0.0132302 0.0473384 26
0 0.222736 0.2782 0.0194399 0.0679976 27
0 0.135818 0.191386 0.0120699 0.0537196 28
0 0.321751 0.0473707 0.0091832 0.0349697 29
0 0.148538 0.180099 0.0128628 0.0443271 30
0 0.607389 0.362202 0.0166445 0.0720989 31
0 0.429396 0.132847 0.0113441 0.043028 32
0 0.23992 0.072305 0.0100649 0.0324163 33
0 0.231382 0.135366 0.00972709 0.039344 34
0 0.35979 0.122152 0.0105301 0.0474281 35
0 0.148657 0.404867 0.0299888 0.0701949 36
0 0.368808 0.043906 0.00940934 0.0422121 37
0 0.0257518 0.169388 0.0129934 0.0435075 38
0 0.34754 0.363965 0.0248525 0.0847153 39
0 0.503052 0.137076 0.00991976 0.039424 40
0 0.57717 0.244845 0.0133097 0.0647769 41
0 0.528207 0.630688 0.03027 0.122254 42
0 0.469905 0.133947 0.0126575 0.0447795 43
0 0.459276 0.133229 0.0118648 0.0510049 44
0 0.19215 0.488444 0.0281673 0.0796499 45
0 0.240647 0.37795 0.0222228 0.0598107 46
0 0.0172457 0.168156 0.0124627 0.0394968 47
0 0.231279 0.301077 0.0186373 0.0632254 48
0 0.44505 0.136049 0.0103337 0.0415222 49
0 0.164105 0.576189 0.0394245 0.0845208 50
1 0.49648 0.316024 0.0246916 0.0440435 51
0 0.384817 0.0251322 0.00887884 0.031587 52
0 0.142766 0.188518 0.0109841 0.0518184 53
1 0.348358 0.360704 0.025885 0.0797716 54
0 0.230419 0.432516 0.0257167 0.10187 55
0 0.00657954 0.434712 0.0130676 0.0764163 56
0 0.237144 0.355597 0.0230499 0.0819641 57
0 0.369418 0.383669 0.0173731 0.0450073 58
