0 0.704909 0.511014 0.0300314 0.11043 1
0 0.562742 0.555634 0.0319805 0.111966 2
0 0.646686 0.639727 0.0333628 0.126468 3
0 0.253423 0.893109 0.0409112 0.193593 4
0 0.301177 0.893624 0.033589 0.134951 5
0 0.48949 0.488378 0.0227356 0.0971482 6
0 0.604123 0.484608 0.0269492 0.108165 7
0 0.339596 0.360285 0.0165705 0.0784966 8
0 0.459043 0.496151 0.0264463 0.089933 9
0 0.0960079 0.385939 0.0220319 0.0897952 10
0 0.156527 0.57137 0.0338359 0.0804074 11
0 0.0622637 0.337798 0.0238995 0.0793947 12
0 0.183734 0.650311 0.0593291 0.112701 13
0 0.211207 0.558777 0.031012 0.1242 14
0 0.236221 0.56123 0.0268596 0.136479 15
0 0.0896388 0.168339 0.0149973 0.0579393 16
0 0.212924 0.373315 0.0188381 0.0693258 17
0 0.517032 0.378399 0.0198837 0.0660868 18
0 0.109845 0.222018 0.0161429 0.0593562 19
0 0.0420232 0.236532 0.0166673 0.0358889 20
0 0.538328 0.375614 0.0180321 0.0691349 21
0 0.0650706 0.552872 0.0445153 0.0703905 22
0 0.470966 0.572221 0.0309799 0.118675 23
0 0.282584 0.162074 0.0129307 0.0435906 24
0 0.0530544 0.0812519 0.0135499 0.059818 25
1 0.215299 0.747601 0.0440204 0.100685 26
0 0.39108 0.343179 0.0363627 0.0682575 27
0 0.284154 0.587712 0.0401628 0.139054 28
0 0.266438 0.423748 0.0223048 0.0606354 29
0 0.463662 0.645465 0.0390772 0.14066 30
0 0.236325 0.183304 0.0155976 0.0557577 31
0 0.150443 0.472858 0.030717 0.0604777 32
0 0.654572 0.316157 0.0154144 0.0626839 33
0 0.00847043 0.0612379 0.0152881 0.0560967 34
0 0.10622 0.46739 0.0272456 0.0806613 35
0 0.316378 0.144517 0.0103489 0.043655 36
0 0.0530683 0.0531865 0.0155644 0.060899 37
0 0.29266 0.465963 0.0215933 0.0552156 38
0 0.254744 0.153001 0.0108189 0.0510211 39
0 0.0378284 0.0310652 0.0138447 0.0441774 40
1 0.391921 0.339874 0.0377005 0.0740631 41
0 0.31501 0.457489 0.0206868 0.0521097 42
0 0.193311 0.141695 0.0111906 0.0484804 43
0 0.0662604 0.365089 0.0294561 0.113563 44
0 0.581915 0.312009 0.0149888 0.0731224 45
0 0.469362 0.522998 0.0251326 0.13291 46
0 0.182675 0.147488 0.0119489 0.0456384 47
0 0.233264 0.759665 0.0348629 0.090291 48
