0 0.0698503 0.559882 0.0304973 0.0969467 1
0 0.24991 0.681106 0.0355223 0.13669 2
0 0.196708 0.70205 0.039905 0.151491 3
0 0.579643 0.517559 0.0277868 0.105968 4
0 0.353326 0.700829 0.0313302 0.14562 5
0 0.0214311 0.44074 0.0182357 0.0709525 6
0 0.498419 0.54462 0.0256683 0.122156 7
0 0.530455 0.50876 0.0256323 0.108425 8
0 0.338951 0.918672 0.0534123 0.127083 9
0 0.220425 0.831186 0.0511294 0.149247 10
0 0.387565 0.921303 0.0752006 0.140095 11
0 0.122965 0.760353 0.0557311 0.104673 12
0 0.549339 0.429045 0.0222704 0.0969813 13
0 0.183388 0.425005 0.0314607 0.100421 14
0 0.41193 0.549547 0.0310024 0.126273 15
0 0.606324 0.925798 0.0515324 0.147741 16
0 0.472173 0.515214 0.029761 0.114655 17
0 0.191898 0.305963 0.0156027 0.0674287 18
0 0.0151777 0.641183 0.0303554 0.0866321 19
0 0.525967 0.960741 0.0462075 0.0770906 20
0 0.580364 0.241353 0.0113099 0.0362178 21
0 0.45712 0.313237 0.0134916 0.0748419 22
0 0.222109 0.394535 0.0242617 0.0683399 23
0 0.477836 0.463756 0.024491 0.0986106 24
0 0.391822 0.385357 0.0183402 0.0668142 25
0 0.266205 0.337363 0.0169313 0.0480938 26
0 0.106191 0.530882 0.0291969 0.070305 27
0 0.377783 0.384702 0.0209617 0.0666439 28
0 0.418048 0.342692 0.0152364 0.0469314 29
0 0.211286 0.54452 0.0234397 0.0693073 30
