0 0.536844 0.440552 0.0294886 0.110083 1
0 0.529784 0.659001 0.0327297 0.143506 2
0 0.339809 0.516235 0.0250473 0.11419 3
0 0.47624 0.561315 0.0282414 0.113919 4
0 0.390871 0.315716 0.0158402 0.0741952 5
0 0.438071 0.4962 0.026139 0.0968531 6
0 0.103711 0.734575 0.0499702 0.130516 7
0 0.339235 0.176607 0.0128121 0.0497581 8
0 0.168098 0.303624 0.0198253 0.0746286 9
0 0.260257 0.502942 0.0281886 0.122835 10
0 0.119771 0.722102 0.0359595 0.154151 11
0 0.108133 0.161089 0.0113609 0.0405487 12
0 0.0924764 0.168278 0.0120479 0.0516426 13
0 0.056064 0.216507 0.0148519 0.053053 14
0 0.581952 0.357856 0.0205823 0.0759576 15
0 0.0676287 0.204492 0.0140057 0.0452468 16
0 0.210017 0.474755 0.0249555 0.0941283 17
0 0.457674 0.479063 0.0283843 0.114977 18
0 0.0592038 0.426897 0.0253655 0.0760599 19
0 0.227204 0.468131 0.0245053 0.108551 20
0 0.426372 0.466874 0.0266693 0.102039 21
0 0.0101268 0.323303 0.0196583 0.0713783 22
0 0.559567 0.362457 0.0177429 0.0654692 23
0 0.186686 0.308543 0.0196603 0.0699432 24
0 0.181876 0.076322 0.00947528 0.0293197 25
0 0.431901 0.139086 0.0110727 0.0460709 26
0 0.528171 0.249923 0.0139228 0.0639817 27
0 0.181526 0.26305 0.0155846 0.0547813 28
0 0.0952136 0.14829 0.00934449 0.0423115 29
0 0.174593 0.477941 0.0289 0.0845942 30
0 0.16891 0.130639 0.00972551 0.0390397 31
0 0.147951 0.145267 0.0107892 0.0388763 32
0 0.292568 0.327358 0.0161211 0.0692397 33
0 0.109355 0.434461 0.0325993 0.0701006 34
1 0.108323 0.430442 0.0302006 0.0622439 35
0 0.174534 0.53371 0.0361037 0.0772556 36
0 0.241258 0.0520951 0.00846347 0.0354654 37
0 0.393091 0.142139 0.011844 0.0416069 38
0 0.352906 0.135345 0.00948486 0.0340979 39
0 0.209795 0.190154 0.0131249 0.0337597 40
0 0.440614 0.141307 0.012468 0.0449816 41
0 0.205587 0.405112 0.0235148 0.0842427 42
0 0.227022 0.056321 0.00867194 0.0343633 43
0 0.283819 0.130061 0.0103179 0.0526973 44
1 0.444603 0.311296 0.020768 0.0583716 45
0 0.134158 0.087203 0.00892176 0.0287301 46
0 0.31582 0.380741 0.0288444 0.088288 47
0 0.457033 0.121228 0.00884401 0.0422942 48
0 0.162084 0.611158 0.0465807 0.103703 49
0 0.223261 0.0504174 0.00916358 0.0328695 50
1 0.314706 0.378969 0.0272738 0.0848379 51
0 0.0860679 0.43728 0.0244937 0.051999 52
0 0.273056 0.029553 0.008887 0.0293547 53
0 0.289262 0.0276021 0.00910634 0.0265562 54
0 0.489015 0.09559 0.00978602 0.0385972 55
1 0.17425 0.533015 0.036423 0.0760876 56
