0 0.712805 0.639015 0.0278854 0.13222 1
0 0.341827 0.615266 0.0362514 0.135367 2
0 0.472394 0.575395 0.0287311 0.132159 3
0 0.0487789 0.411682 0.0253543 0.0934697 4
0 0.605136 0.477907 0.0270789 0.105895 5
0 0.5532 0.563496 0.0240618 0.112796 6
0 0.359583 0.91789 0.0506966 0.16245 7
0 0.526722 0.459451 0.0265057 0.113289 8
0 0.255348 0.587965 0.034356 0.130978 9
0 0.312282 0.368163 0.0169214 0.0849984 10
0 0.566742 0.437211 0.0210363 0.0925527 11
0 0.262469 0.792549 0.0525982 0.116472 12
0 0.718808 0.503081 0.0243188 0.115368 13
0 0.0141348 0.427131 0.0282069 0.0917714 14
0 0.226147 0.584114 0.024085 0.115814 15
0 0.464803 0.486527 0.0284715 0.104884 16
0 0.167636 0.610229 0.0417269 0.0831112 17
0 0.300121 0.798565 0.0446869 0.0937995 18
0 0.0134167 0.746107 0.0268334 0.0828288 19
0 0.14038 0.174731 0.0138207 0.0474651 20
0 0.494073 0.375181 0.0175743 0.0636826 21
0 0.515778 0.366652 0.0213897 0.0794088 22
0 0.664323 0.398849 0.0212908 0.0510963 23
0 0.194091 0.16835 0.0130725 0.0500087 24
1 0.240162 0.439932 0.0232215 0.0562688 25
0 0.163723 0.166437 0.0117878 0.0571317 26
0 0.367486 0.360148 0.0247299 0.0835329 27
0 0.20796 0.438604 0.0283161 0.0785994 28
0 0.206545 0.221234 0.0136132 0.0434422 29
1 0.219941 0.669331 0.0482894 0.144507 30
0 0.734405 0.272135 0.0115894 0.0381978 31
0 0.0793199 0.476121 0.034124 0.0842726 32
2 0.0510616 0.597215 0.0567124 0.078015 33
0 0.379862 0.269834 0.0161413 0.0663475 34
0 0.135186 0.506019 0.0292294 0.0595963 35
0 0.348875 0.340593 0.0254017 0.067829 36
0 0.358264 0.354867 0.0406818 0.101883 37
0 0.509644 0.369761 0.0165879 0.07206 38
0 0.0106395 0.608888 0.0210873 0.0640505 39
