0 0.604055 0.612326 0.0315948 0.117184 1
0 0.278992 0.846759 0.0332993 0.122773 2
0 0.678456 0.503093 0.0216508 0.102564 3
0 0.54671 0.54389 0.0219331 0.110939 4
0 0.211518 0.548835 0.0268998 0.114856 5
0 0.238962 0.550278 0.0245068 0.124224 6
0 0.231978 0.876107 0.0392381 0.187745 7
0 0.581364 0.4818 0.0234192 0.106659 8
0 0.285375 0.582059 0.0328426 0.12791 9
0 0.111364 0.373134 0.0217806 0.0803811 10
0 0.481717 0.496996 0.0255918 0.104793 11
0 0.116835 0.167794 0.0121038 0.0508601 12
0 0.351047 0.354751 0.0182489 0.082859 13
0 0.153059 0.209701 0.0135595 0.0529337 14
0 0.523589 0.377235 0.0205134 0.0636653 15
0 0.00822815 0.172672 0.0153278 0.0465699 16
0 0.308243 0.163709 0.011963 0.041796 17
0 0.457814 0.613632 0.0367512 0.157736 18
0 0.546178 0.375778 0.0208254 0.0680981 19
0 0.0787706 0.322899 0.0160636 0.0672103 20
0 0.265337 0.19025 0.0131947 0.0567097 21
0 0.186457 0.640187 0.0554281 0.104749 22
0 0.0260686 0.0765526 0.0112147 0.037332 23
0 0.0750701 0.53984 0.0392919 0.0695029 24
0 0.163355 0.46448 0.0249776 0.059171 25
0 0.067296 0.230684 0.0168992 0.0376152 26
0 0.341813 0.263786 0.0146681 0.0546514 27
0 0.454308 0.309733 0.0165344 0.07378 28
0 0.160835 0.557257 0.0371046 0.081496 29
0 0.320758 0.455188 0.0188488 0.050889 30
0 0.0176692 0.103021 0.010685 0.0368935 31
0 0.117163 0.449703 0.0271001 0.0870087 32
0 0.393025 0.345524 0.0186834 0.0615643 33
1 0.207066 0.72795 0.0348699 0.0877458 34
0 0.260421 0.17751 0.0126228 0.0491749 35
0 0.299038 0.457796 0.0208096 0.0495917 36
1 0.393783 0.344795 0.0186306 0.0597411 37
0 0.460338 0.561074 0.0314791 0.109104 38
0 0.0893433 0.0880875 0.0100934 0.0428845 39
0 0.412793 0.349337 0.0176983 0.0468364 40
0 0.451611 0.251823 0.0133312 0.0444795 41
0 0.313053 0.163439 0.0135392 0.0434058 42
0 0.327016 0.144197 0.0102622 0.050897 43
0 0.689864 0.426292 0.0269731 0.0559977 44
1 0.270956 0.414209 0.0295472 0.0553154 45
0 0.805943 0.302883 0.0145687 0.0475219 46
0 0.0868511 0.397225 0.0202013 0.0650297 47
0 0.0444838 0.0649145 0.0112474 0.0380957 48
0 0.208055 0.146614 0.0114038 0.0393823 49
0 0.339046 0.145172 0.010116 0.0478364 50
