0 0.674811 0.585701 0.0255923 0.128032 1
0 0.265449 0.592738 0.0387363 0.138106 2
0 0.331423 0.623434 0.0363994 0.132235 3
0 0.632715 0.514779 0.0367134 0.117098 4
0 0.556816 0.519179 0.0215874 0.111327 5
0 0.18763 0.454807 0.0254149 0.0819268 6
0 0.0132385 0.4273 0.0262004 0.108344 7
0 0.164405 0.629678 0.0476067 0.0958252 8
0 0.292076 0.806454 0.0491652 0.131216 9
0 0.517744 0.444713 0.028024 0.117077 10
0 0.416252 0.921434 0.0605546 0.157131 11
0 0.134812 0.247174 0.014402 0.0517529 12
0 0.478317 0.473651 0.0205158 0.118575 13
0 0.231605 0.595945 0.029609 0.129162 14
0 0.304152 0.362013 0.0234751 0.0916824 15
0 0.101749 0.169292 0.0122861 0.0555997 16
0 0.583993 0.303222 0.0166515 0.0809404 17
0 0.342645 0.360214 0.0238595 0.0820225 18
0 0.149365 0.742581 0.0536857 0.166705 19
2 0.0378646 0.616787 0.0633056 0.0882617 20
0 0.336737 0.808707 0.0466278 0.108368 21
0 0.126564 0.168891 0.0133633 0.0538153 22
0 0.291629 0.300006 0.014834 0.0512315 23
0 0.526998 0.473913 0.0271356 0.103097 24
0 0.450691 0.493121 0.0230074 0.0991004 25
0 0.475148 0.364765 0.0174894 0.0638304 26
0 0.0765092 0.179219 0.0143681 0.0515178 27
0 0.646816 0.386006 0.0208124 0.0539898 28
1 0.293075 0.805673 0.049301 0.128832 29
1 0.219241 0.441744 0.02426 0.0576923 30
0 0.0553092 0.176371 0.0121259 0.0457363 31
1 0.109237 0.5189 0.0373334 0.0655252 32
0 0.0464098 0.168179 0.0112555 0.050292 33
2 0.228221 0.70775 0.0638052 0.122665 34
0 0.108397 0.518916 0.0401987 0.0667312 35
0 0.489733 0.356873 0.0162096 0.070602 36
0 0.0469961 0.487292 0.031428 0.083698 37
0 0.218484 0.441022 0.026269 0.0636239 38
