0 0.56149 0.582811 0.0370844 0.117515 1
0 0.215932 0.53251 0.0252221 0.109607 2
0 0.360027 0.346113 0.0195848 0.0804338 3
0 0.529955 0.526576 0.0257366 0.0979034 4
0 0.643486 0.503144 0.0306946 0.118313 5
0 0.242696 0.534513 0.0244079 0.118038 6
0 0.259593 0.809313 0.0286893 0.118638 7
0 0.284381 0.563393 0.0329285 0.131269 8
0 0.151684 0.155259 0.0125321 0.0528765 9
0 0.556086 0.372614 0.019516 0.0686759 10
0 0.473693 0.614167 0.0324497 0.14609 11
0 0.0389519 0.166208 0.0114304 0.0399612 12
0 0.564476 0.472366 0.0236078 0.0889186 13
0 0.102308 0.313446 0.015134 0.0659083 14
0 0.366355 0.257907 0.0125488 0.0457106 15
0 0.198613 0.201387 0.0129853 0.0546151 16
0 0.129393 0.360932 0.0208881 0.0820861 17
0 0.188355 0.617623 0.0508889 0.106069 18
1 0.416327 0.33187 0.0341053 0.062038 19
0 0.0591801 0.0967878 0.00978444 0.0311668 20
0 0.296745 0.197686 0.0113056 0.0438937 21
0 0.33253 0.149001 0.0116101 0.051595 22
0 0.535942 0.373329 0.01974 0.064465 23
0 0.173969 0.446476 0.0235105 0.0557097 24
1 0.20418 0.704108 0.0399534 0.0925554 25
0 0.0692882 0.0698602 0.0117411 0.0349665 26
0 0.106723 0.369533 0.0208618 0.0628044 27
1 0.283722 0.401178 0.0250926 0.0525501 28
0 0.452239 0.487596 0.0247075 0.103557 29
0 0.0170694 0.508229 0.0255328 0.0809038 30
0 0.0988279 0.220466 0.015782 0.0357257 31
0 0.0141784 0.178328 0.0125018 0.0459663 32
0 0.0676723 0.148024 0.0109276 0.0480993 33
0 0.0879473 0.0646425 0.00971513 0.0357304 34
0 0.211921 0.85045 0.0373321 0.178721 35
0 0.432074 0.493331 0.0247257 0.096116 36
0 0.134404 0.43454 0.022428 0.0878503 37
0 0.170629 0.538114 0.0268577 0.0684734 38
1 0.0165915 0.508719 0.0283857 0.0821375 39
0 0.142725 0.0938628 0.00835107 0.0313599 40
0 0.101816 0.0716677 0.00977538 0.0297828 41
0 0.281224 0.162845 0.0118787 0.0433361 42
0 0.342596 0.151451 0.0109241 0.0472853 43
0 0.0848415 0.518964 0.0387435 0.0675205 44
0 0.700151 0.421365 0.0273794 0.0532401 45
0 0.219006 0.71984 0.0376651 0.0976828 46
