0 0.068445 0.560554 0.0294482 0.0971548 1
0 0.579438 0.518194 0.0298246 0.107608 2
0 0.351668 0.700731 0.0316315 0.145569 3
0 0.195456 0.703203 0.0398237 0.153778 4
0 0.248424 0.680484 0.037103 0.135661 5
0 0.495905 0.548171 0.0255591 0.117854 6
0 0.02125 0.442733 0.0189392 0.0752852 7
0 0.528075 0.508321 0.0229202 0.110483 8
0 0.218829 0.82833 0.0518567 0.156896 9
0 0.385971 0.921479 0.0696352 0.13583 10
0 0.339346 0.919318 0.0558943 0.13217 11
0 0.596942 0.922929 0.0543368 0.154142 12
0 0.119554 0.762564 0.060761 0.107299 13
0 0.548102 0.429983 0.022251 0.0944965 14
0 0.182023 0.424925 0.0301706 0.102241 15
0 0.467411 0.51906 0.0311842 0.107232 16
0 0.409103 0.529742 0.034825 0.171307 17
0 0.524554 0.960841 0.0469517 0.0770555 18
0 0.391613 0.383643 0.020322 0.0683745 19
0 0.579747 0.246203 0.0111537 0.0387026 20
0 0.0153354 0.640477 0.0306709 0.0863 21
0 0.192366 0.307623 0.0158033 0.0657156 22
0 0.216069 0.397922 0.031185 0.0746407 23
0 0.103431 0.532217 0.0335118 0.0746001 24
0 0.47583 0.460668 0.0243464 0.0929875 25
0 0.373888 0.389218 0.0183351 0.0657197 26
0 0.456645 0.302117 0.0110069 0.0544725 27
0 0.264418 0.337091 0.0177416 0.0486769 28
0 0.211928 0.543041 0.0226289 0.064747 29
0 0.383678 0.383387 0.0181512 0.0701098 30
0 0.545652 0.392873 0.0164982 0.0548998 31
