0 0.68385 0.670843 0.0343781 0.136063 1
0 0.289236 0.598923 0.035658 0.132347 2
0 0.316219 0.936463 0.0344002 0.121881 3
0 0.329113 0.364738 0.0173363 0.0823287 4
0 0.629923 0.489084 0.0258005 0.108406 5
0 0.568106 0.56572 0.0259218 0.108186 6
0 0.502231 0.480611 0.0263192 0.10591 7
0 0.732448 0.513971 0.0258449 0.113682 8
0 0.0802289 0.394043 0.0257819 0.0949675 9
0 0.477519 0.563745 0.0251182 0.115763 10
0 0.183896 0.668885 0.063915 0.11383 11
0 0.153306 0.582582 0.0415769 0.0798406 12
0 0.23507 0.571822 0.0275117 0.124736 13
0 0.473045 0.470414 0.021892 0.095428 14
0 0.529702 0.375778 0.0190823 0.0688355 15
0 0.0407888 0.339466 0.0204384 0.0722583 16
0 0.069917 0.178084 0.0146759 0.0557744 17
0 0.207981 0.562812 0.027573 0.107373 18
0 0.0531747 0.410367 0.0221528 0.067048 19
0 0.0668297 0.231708 0.018374 0.0631349 20
0 0.214359 0.195575 0.0126611 0.0612259 21
0 0.211737 0.766401 0.0481589 0.11649 22
0 0.642676 0.315802 0.0149868 0.0670177 23
0 0.064318 0.570342 0.0293706 0.0683315 24
0 0.204537 0.384162 0.0201059 0.0694138 25
0 0.0952002 0.48053 0.0297275 0.0951106 26
0 0.508222 0.380844 0.0200569 0.0645029 27
0 0.27934 0.242984 0.0122021 0.0450906 28
0 0.307996 0.463466 0.0193684 0.0523278 29
0 0.273869 0.900237 0.0374361 0.188375 30
1 0.188095 0.666327 0.0554631 0.11404 31
1 0.210939 0.767557 0.0493788 0.116344 32
0 0.144676 0.485022 0.0231686 0.0600013 33
0 0.265568 0.162851 0.010679 0.0442839 34
0 0.418829 0.245924 0.0120103 0.0381058 35
0 0.77451 0.289112 0.0137193 0.0467868 36
0 0.364915 0.199325 0.0130019 0.0583745 37
0 0.237657 0.539347 0.0234352 0.0693583 38
0 0.569291 0.314374 0.013631 0.0663624 39
0 0.473103 0.631342 0.0347614 0.158263 40
0 0.104591 0.463632 0.0320169 0.104432 41
0 0.275273 0.857651 0.0310525 0.101054 42
0 0.422883 0.271675 0.0139122 0.0604827 43
1 0.376917 0.340627 0.0250224 0.0744197 44
0 0.230906 0.160308 0.0109839 0.0436746 45
0 0.211729 0.184124 0.0131396 0.0609085 46
0 0.238877 0.424882 0.0241438 0.0546779 47
1 0.00895122 0.242851 0.0179024 0.0382755 48
1 0.251908 0.42709 0.0255987 0.0571045 49
