0 0.476758 0.595156 0.0302342 0.130675 1
0 0.731058 0.659774 0.0379571 0.129379 2
0 0.320258 0.367476 0.0167443 0.0836558 3
0 0.331397 0.609016 0.0360475 0.133113 4
0 0.561837 0.570854 0.0338758 0.110528 5
0 0.637047 0.487739 0.0287273 0.109659 6
0 0.465963 0.494321 0.0236268 0.106149 7
0 0.254787 0.582844 0.0343949 0.128243 8
0 0.0280993 0.419132 0.0297468 0.0944792 9
0 0.169158 0.602865 0.040247 0.0765256 10
0 0.0626477 0.406155 0.0255753 0.0931508 11
0 0.745999 0.500982 0.021445 0.115136 12
0 0.546595 0.456097 0.0269092 0.101383 13
0 0.191423 0.214588 0.0123054 0.0453095 14
0 0.344188 0.890529 0.0365204 0.136019 15
0 0.224404 0.581518 0.0274391 0.114698 16
0 0.524193 0.367854 0.0218548 0.0763196 17
0 0.291842 0.792759 0.0370091 0.0966688 18
0 0.748555 0.27758 0.0149948 0.0437033 19
0 0.559501 0.449143 0.0251571 0.100805 20
1 0.254381 0.787334 0.0536197 0.11489 21
0 0.376957 0.359705 0.0227551 0.0877883 22
0 0.142567 0.499806 0.0287955 0.0628402 23
0 0.181822 0.113374 0.0104059 0.0502122 24
0 0.273769 0.793497 0.0704936 0.101124 25
0 0.395214 0.270304 0.0138056 0.0679408 26
0 0.404101 0.974652 0.0316498 0.050176 27
0 0.238526 0.249239 0.0159463 0.0360301 28
0 0.019527 0.382524 0.025813 0.0820887 29
0 0.0915951 0.465706 0.0281076 0.0774565 30
0 0.394278 0.25203 0.0131026 0.039411 31
0 0.253897 0.143027 0.0106789 0.0369685 32
0 0.222185 0.163358 0.0107572 0.0462485 33
0 0.105317 0.154043 0.0146742 0.0554239 34
0 0.503918 0.378826 0.0173321 0.0594657 35
0 0.312204 0.468414 0.0221776 0.0545414 36
0 0.164252 0.174744 0.0148346 0.0437639 37
1 0.238522 0.43604 0.0331029 0.0563393 38
0 0.253565 0.785386 0.0508871 0.111906 39
0 0.0659312 0.590186 0.0359488 0.0747675 40
0 0.0135895 0.371184 0.0244643 0.0627192 41
0 0.204145 0.425218 0.0213809 0.0747889 42
0 0.359459 0.347092 0.0253822 0.0639634 43
0 0.581393 0.346851 0.0144762 0.0473809 44
