0 0.212707 0.762207 0.0362493 0.119456 1
0 0.474231 0.48912 0.0241029 0.0942513 2
0 0.279058 0.545712 0.0290388 0.120611 3
0 0.450516 0.546306 0.0260181 0.138664 4
0 0.481269 0.621419 0.0270653 0.127771 5
0 0.36567 0.334365 0.0158079 0.0804548 6
0 0.213714 0.511955 0.0261127 0.111686 7
0 0.149659 0.340434 0.0226392 0.0836389 8
0 0.016532 0.195245 0.0153745 0.0563491 9
0 0.535389 0.459203 0.0354731 0.104826 10
0 0.232357 0.511871 0.0314259 0.116295 11
0 0.186554 0.150261 0.0135299 0.0552897 12
0 0.0551661 0.172698 0.0137768 0.0518759 13
0 0.432729 0.474107 0.0249624 0.111602 14
0 0.028625 0.483284 0.0261384 0.0834705 15
0 0.173531 0.815198 0.0463 0.175538 16
0 0.565932 0.368348 0.0204813 0.07092 17
0 0.362686 0.464956 0.0270928 0.0978377 18
0 0.318314 0.152498 0.0101886 0.0408949 19
0 0.0775221 0.1507 0.0116122 0.0419011 20
0 0.451909 0.504518 0.0225247 0.0976108 21
0 0.543135 0.377667 0.021023 0.0819066 22
0 0.0990022 0.494972 0.0259143 0.062566 23
0 0.487011 0.245627 0.0137457 0.0574363 24
0 0.132915 0.21117 0.0160015 0.0371732 25
0 0.147138 0.421303 0.0211691 0.0764126 26
0 0.249787 0.195464 0.0146828 0.0497228 27
0 0.117645 0.0622054 0.00988916 0.0381712 28
0 0.125421 0.332671 0.0234718 0.0972392 29
0 0.364428 0.153696 0.0109312 0.0437095 30
0 0.125584 0.306196 0.0195731 0.0723644 31
0 0.104794 0.0946349 0.0086585 0.0298995 32
1 0.421149 0.327695 0.0236144 0.0609055 33
0 0.304405 0.409553 0.0293364 0.0890905 34
0 0.439369 0.335714 0.0166237 0.0512431 35
0 0.337 0.148704 0.0105361 0.0459023 36
0 0.345823 0.138829 0.00686616 0.0468049 37
0 0.172925 0.52013 0.0292097 0.0788254 38
0 0.186862 0.599216 0.0438493 0.0961658 39
0 0.0905844 0.483432 0.0403106 0.0770911 40
0 0.605716 0.289562 0.014241 0.0665094 41
0 0.181066 0.0714323 0.00976825 0.0379894 42
0 0.360139 0.167422 0.010037 0.0464217 43
1 0.430716 0.32895 0.0251167 0.0605161 44
1 0.271582 0.345006 0.0203359 0.0662365 45
0 0.488664 0.230414 0.0121834 0.0492532 46
0 0.134375 0.0594101 0.0094275 0.0409337 47
1 0.189774 0.683592 0.0480749 0.1043 48
0 0.846963 0.303099 0.0148059 0.0487787 49
0 0.148184 0.0675577 0.00958222 0.0354475 50
