0 0.651735 0.570666 0.0295585 0.120496 1
0 0.19977 0.877556 0.0489948 0.192528 2
0 0.558742 0.523753 0.0412247 0.118128 3
0 0.523271 0.505257 0.0250475 0.108351 4
0 0.145883 0.638277 0.0507217 0.0879781 5
0 0.320545 0.612321 0.0346139 0.133787 6
0 0.293184 0.811425 0.0496202 0.13202 7
0 0.422698 0.916557 0.0446066 0.164315 8
0 0.254648 0.595241 0.0372775 0.13109 9
0 0.210707 0.600256 0.0332321 0.132903 10
0 0.443945 0.486088 0.026259 0.11271 11
0 0.396612 0.499703 0.0322645 0.121511 12
0 0.0791159 0.263959 0.0132947 0.053046 13
0 0.0659394 0.168839 0.0137475 0.0588487 14
0 0.267295 0.364554 0.0208626 0.0917915 15
0 0.333535 0.811415 0.060051 0.115058 16
0 0.306563 0.266641 0.0131727 0.0642552 17
0 0.493028 0.447108 0.0292205 0.125748 18
0 0.151557 0.472761 0.0267382 0.0891659 19
0 0.614982 0.376387 0.0210851 0.0572944 20
2 0.0218372 0.634028 0.0432085 0.096062 21
0 0.304596 0.37985 0.0203615 0.0672107 22
0 0.445858 0.361385 0.0170625 0.06047 23
0 0.0124207 0.627047 0.0247532 0.0928835 24
0 0.0781215 0.531283 0.033954 0.0664633 25
1 0.186787 0.451405 0.0250011 0.0588772 26
0 0.0165937 0.186767 0.0127361 0.0453247 27
0 0.5474 0.294339 0.0165617 0.0737244 28
2 0.217882 0.714314 0.0767089 0.137005 29
0 0.0361365 0.117746 0.012187 0.0516173 30
0 0.281445 0.349319 0.0176529 0.0551476 31
