0 0.704969 0.629566 0.0368137 0.130163 1
0 0.523147 0.459063 0.0295002 0.111055 2
0 0.339769 0.615623 0.038632 0.133955 3
0 0.552365 0.559973 0.0221884 0.11683 4
0 0.35829 0.918468 0.0548951 0.156898 5
0 0.256805 0.589294 0.0325353 0.134157 6
0 0.710073 0.496911 0.0288395 0.10705 7
0 0.597642 0.477217 0.0263733 0.10851 8
0 0.466469 0.530298 0.0367562 0.20037 9
0 0.307342 0.37011 0.0198234 0.0854587 10
0 0.0175983 0.724432 0.0351967 0.118518 11
0 0.0434516 0.412494 0.0249798 0.0864051 12
0 0.562034 0.437814 0.0234012 0.100835 13
0 0.00998905 0.437222 0.0199781 0.0733468 14
0 0.223217 0.589403 0.0319719 0.127384 15
0 0.242434 0.262244 0.0134221 0.051252 16
0 0.263049 0.794105 0.0541392 0.120552 17
0 0.162215 0.613838 0.0417532 0.0840991 18
0 0.0560754 0.598929 0.0385079 0.0803072 19
0 0.376432 0.270096 0.0148783 0.068347 20
0 0.0116189 0.612878 0.0232378 0.0619241 21
0 0.130012 0.175082 0.0146539 0.0516123 22
0 0.300797 0.799454 0.0435109 0.098721 23
0 0.0734267 0.471969 0.0278954 0.0769372 24
0 0.509 0.365465 0.018684 0.0784948 25
0 0.124828 0.509274 0.0334181 0.0656384 26
0 0.462313 0.485833 0.0299711 0.11344 27
0 0.151132 0.115911 0.0121644 0.0587586 28
0 0.657762 0.400741 0.0231583 0.0525239 29
0 0.202632 0.440628 0.0295008 0.080787 30
1 0.236914 0.440268 0.0212231 0.060734 31
1 0.218763 0.441614 0.0280913 0.0608146 32
0 0.0715072 0.15353 0.0165846 0.0547859 33
0 0.00928895 0.196348 0.0158578 0.0496696 34
2 0.214147 0.703335 0.0717081 0.116625 35
