0 0.0737416 0.559232 0.0278856 0.0955333 1
0 0.0220493 0.437435 0.0219677 0.0764469 2
0 0.258793 0.686778 0.0393769 0.151122 3
0 0.484141 0.522357 0.0286211 0.119005 4
0 0.360336 0.701121 0.0365537 0.153546 5
0 0.653447 0.936924 0.0346079 0.125923 6
0 0.571393 0.518665 0.036813 0.101926 7
0 0.565081 0.432002 0.0219608 0.0936857 8
0 0.207906 0.703626 0.0375196 0.150276 9
0 0.229785 0.831453 0.0533393 0.153999 10
0 0.534613 0.510291 0.0254568 0.114532 11
0 0.402175 0.922358 0.0682983 0.137962 12
0 0.508541 0.553034 0.0277176 0.117337 13
0 0.354552 0.919509 0.0428886 0.130609 14
0 0.422789 0.543235 0.0336729 0.132492 15
0 0.0165156 0.645946 0.0330311 0.0819693 16
0 0.538801 0.959955 0.0453606 0.0767938 17
0 0.188392 0.42397 0.0281397 0.103439 18
0 0.584055 0.240731 0.0111364 0.0382612 19
0 0.318059 0.296599 0.01418 0.0592064 20
0 0.197943 0.305683 0.0145892 0.0686296 21
1 0.221675 0.396247 0.0291453 0.0654269 22
0 0.432437 0.349149 0.025177 0.050992 23
0 0.461499 0.301473 0.0119893 0.0529463 24
0 0.271755 0.336612 0.0138194 0.0510151 25
0 0.382415 0.391805 0.0179239 0.0637085 26
1 0.114017 0.53238 0.0296413 0.0710312 27
0 0.401967 0.383467 0.0194331 0.0701692 28
0 0.22063 0.543045 0.0246412 0.0658123 29
0 0.126753 0.759063 0.0388625 0.102817 30
1 0.431127 0.349078 0.0262358 0.0496578 31
0 0.205476 0.30681 0.0166948 0.0678061 32
0 0.5974 0.964426 0.0345333 0.0711472 33
0 0.497625 0.457964 0.0199544 0.0856914 34
0 0.417741 0.50039 0.0330741 0.120697 35
