0 0.628392 0.51308 0.0293829 0.112743 1
0 0.262469 0.591864 0.0414242 0.136393 2
0 0.331636 0.625028 0.0316361 0.130526 3
0 0.672172 0.584034 0.0297041 0.130329 4
0 0.556734 0.518535 0.0218113 0.110284 5
0 0.41271 0.920937 0.0511927 0.158127 6
0 0.292648 0.806559 0.0493411 0.131961 7
0 0.185521 0.456255 0.02514 0.0808404 8
0 0.516472 0.439911 0.0267436 0.10627 9
0 0.121076 0.168705 0.0126797 0.0530124 10
0 0.477441 0.477302 0.0192728 0.1094 11
0 0.163118 0.636544 0.0498547 0.110434 12
0 0.446483 0.502257 0.0257723 0.112971 13
0 0.129057 0.245976 0.0133001 0.0514811 14
0 0.0112768 0.422406 0.0225537 0.105793 15
0 0.0980567 0.169272 0.0125345 0.0576447 16
0 0.302349 0.363497 0.0218492 0.0872026 17
0 0.343131 0.265822 0.013402 0.063614 18
2 0.0347064 0.620826 0.0636534 0.083006 19
0 0.522939 0.469046 0.0271663 0.109675 20
0 0.228322 0.594926 0.022419 0.124192 21
0 0.581914 0.291342 0.0133087 0.0549155 22
0 0.337264 0.807453 0.046291 0.105734 23
0 0.153741 0.737007 0.0560997 0.202425 24
0 0.64241 0.385914 0.0228579 0.0543902 25
0 0.473516 0.364128 0.0177908 0.0638999 26
0 0.287901 0.301084 0.0137025 0.0497891 27
1 0.231917 0.706187 0.0574533 0.121105 28
0 0.341492 0.350583 0.020989 0.0581806 29
0 0.0709279 0.180594 0.0130466 0.0511503 30
0 0.337872 0.369312 0.0207471 0.0698733 31
0 0.0440943 0.487856 0.0294354 0.0838162 32
1 0.218643 0.44236 0.0228441 0.0570949 33
0 0.0405192 0.172585 0.013111 0.0494111 34
0 0.218893 0.442958 0.0217377 0.0580386 35
0 0.110971 0.519099 0.0332012 0.066577 36
0 0.583694 0.313193 0.0134903 0.0862247 37
0 0.00697739 0.1559 0.0139436 0.0521408 38
