0 0.328483 0.555668 0.0310223 0.124616 1
0 0.547156 0.677418 0.0307074 0.151305 2
0 0.439204 0.506354 0.0235604 0.107129 3
0 0.192568 0.289812 0.0174653 0.0685384 4
0 0.257206 0.487778 0.0344187 0.120455 5
0 0.414957 0.476358 0.0293831 0.103114 6
0 0.369325 0.171671 0.0124385 0.045241 7
0 0.00992074 0.339642 0.0198275 0.075293 8
0 0.408954 0.308842 0.0148758 0.0746942 9
0 0.508619 0.568159 0.0254716 0.123251 10
0 0.0220345 0.267633 0.0220864 0.0647048 11
0 0.59603 0.357937 0.021854 0.071735 12
0 0.553602 0.449053 0.0228414 0.105111 13
0 0.477699 0.479585 0.0222821 0.100144 14
0 0.0643334 0.290687 0.0204585 0.0678921 15
0 0.0910885 0.699057 0.0445326 0.134355 16
0 0.114854 0.683871 0.0312194 0.148579 17
0 0.235324 0.44872 0.0230379 0.105424 18
0 0.189572 0.145399 0.0109163 0.0421082 19
0 0.33041 0.373268 0.0264104 0.084737 20
0 0.181458 0.507165 0.0304637 0.0763963 21
0 0.390572 0.138246 0.0101269 0.0406079 22
0 0.150731 0.151569 0.0112692 0.040662 23
0 0.573558 0.363768 0.0201988 0.0710701 24
0 0.130859 0.164417 0.0131468 0.0459719 25
0 0.218148 0.45206 0.0226242 0.0979085 26
0 0.216082 0.125724 0.010062 0.0467791 27
0 0.0799853 0.40723 0.0246339 0.0730348 28
0 0.21993 0.0730147 0.00907918 0.0292934 29
0 0.2128 0.310573 0.0204781 0.061354 30
0 0.104895 0.194069 0.013835 0.0448304 31
0 0.20995 0.260946 0.0140378 0.0692907 32
0 0.5721 0.442802 0.0213444 0.10061 33
0 0.189417 0.4594 0.0255724 0.0712735 34
0 0.457182 0.305204 0.0165324 0.0627314 35
0 0.143878 0.147605 0.0121253 0.0465628 36
0 0.356982 0.391081 0.0179208 0.0463593 37
0 0.551697 0.24802 0.0135766 0.0647786 38
0 0.113933 0.196602 0.0137431 0.0456286 39
0 0.326095 0.126251 0.0108758 0.0517743 40
0 0.467188 0.139216 0.0104343 0.0475378 41
0 0.272689 0.0500345 0.00892496 0.0340213 42
0 0.299726 0.29976 0.0144712 0.0591484 43
0 0.128861 0.418312 0.0304572 0.0680062 44
0 0.216412 0.36346 0.0250202 0.0732927 45
0 0.163652 0.584763 0.0397426 0.104684 46
0 0.563267 0.452241 0.0368571 0.104278 47
0 0.319153 0.0422063 0.009258 0.0445277 48
0 0.0772217 0.0218966 0.00856572 0.0322048 49
0 0.442109 0.135198 0.00961286 0.0433241 50
0 0.289235 0.0477999 0.00957807 0.0386396 51
0 0.321242 0.0307246 0.0104001 0.0393094 52
0 0.407284 0.134237 0.0110025 0.043826 53
0 0.872372 0.324749 0.0139077 0.0484343 54
