0 0.389791 0.782153 0.0398795 0.164361 1
0 0.548427 0.562325 0.0325029 0.148445 2
0 0.0814237 0.5264 0.0249684 0.089969 3
0 0.228041 0.649496 0.0414911 0.139008 4
0 0.45633 0.94038 0.0496131 0.118535 5
0 0.305048 0.653183 0.0286007 0.145263 6
0 0.0167658 0.600906 0.0335316 0.0774134 7
0 0.193265 0.774256 0.0515983 0.150792 8
0 0.183721 0.659837 0.0371498 0.134194 9
0 0.0576701 0.938483 0.047672 0.118812 10
0 0.457339 0.564141 0.0366509 0.118181 11
0 0.300133 0.867843 0.0553739 0.142684 12
0 0.505297 0.442268 0.0214688 0.0983744 13
0 0.494198 0.439713 0.0328485 0.0954955 14
0 0.11963 0.498479 0.0370559 0.0689449 15
0 0.201353 0.40327 0.0185286 0.0898231 16
0 0.246746 0.446632 0.0179466 0.0504839 17
0 0.0765595 0.461813 0.0217303 0.0819852 18
0 0.382194 0.500775 0.0289123 0.120845 19
0 0.406648 0.511093 0.0250933 0.123317 20
0 0.477124 0.295779 0.0150859 0.0634069 21
0 0.352784 0.872014 0.0568655 0.112725 22
0 0.41477 0.601923 0.0343208 0.127327 23
0 0.387576 0.369221 0.0212386 0.0806841 24
0 0.109902 0.710751 0.0558258 0.0962414 25
0 0.508599 0.943134 0.0342245 0.105514 26
0 0.308301 0.262391 0.0142506 0.0457863 27
0 0.555702 0.378017 0.015997 0.0493115 28
0 0.240705 0.376495 0.0228133 0.0579371 29
0 0.222793 0.277526 0.0123972 0.0473326 30
0 0.408021 0.370858 0.0200547 0.0637534 31
0 0.586033 0.236605 0.0100992 0.0348114 32
0 0.207555 0.340678 0.0189688 0.0667349 33
0 0.228884 0.375426 0.0158173 0.0589527 34
