0 0.340285 0.619177 0.0346948 0.134526 1
0 0.541162 0.54834 0.0281122 0.10861 2
0 0.685263 0.620868 0.032294 0.125834 3
0 0.294609 0.369338 0.0201331 0.0852944 4
0 0.24781 0.590733 0.0374791 0.134638 5
0 0.024306 0.417196 0.0256159 0.0911906 6
0 0.573016 0.481387 0.0242558 0.108589 7
0 0.51361 0.453419 0.0266329 0.105142 8
0 0.366953 0.921093 0.0547069 0.152945 9
0 0.686585 0.491677 0.0258413 0.105276 10
0 0.033978 0.708006 0.0527449 0.144603 11
0 0.458469 0.552562 0.0295904 0.12257 12
0 0.263452 0.802237 0.0571325 0.126973 13
0 0.133469 0.171299 0.0114376 0.0506125 14
0 0.22434 0.596023 0.042237 0.135082 15
0 0.459966 0.476839 0.0237457 0.0952181 16
0 0.545387 0.434709 0.0218174 0.0922742 17
0 0.647878 0.396473 0.0228032 0.0556212 18
0 0.19189 0.445667 0.0301207 0.07956 19
0 0.181579 0.226285 0.0135271 0.0421707 20
0 0.159566 0.161971 0.0128684 0.0610091 21
0 0.350717 0.365673 0.0226769 0.0870198 22
0 0.112774 0.514818 0.0458257 0.0642435 23
0 0.129016 0.115899 0.012963 0.0575074 24
0 0.246528 0.273326 0.0154136 0.0489043 25
0 0.303469 0.804788 0.0457544 0.10324 26
0 0.155805 0.618304 0.0429731 0.086345 27
1 0.210706 0.698352 0.0712207 0.118767 28
0 0.360867 0.268919 0.013567 0.067635 29
0 0.496617 0.363872 0.020408 0.0724388 30
0 0.225833 0.444584 0.0246222 0.0643902 31
1 0.154927 0.61801 0.0450939 0.0859919 32
0 0.330344 0.332739 0.0284392 0.0836022 33
