0 0.681598 0.605182 0.0368791 0.126781 1
0 0.543664 0.537993 0.0275881 0.112574 2
0 0.0261491 0.417782 0.0268427 0.0979129 3
0 0.46756 0.508663 0.032312 0.166529 4
0 0.336468 0.614111 0.0375086 0.140217 5
0 0.671742 0.496475 0.0271645 0.111972 6
0 0.255098 0.591474 0.0390729 0.131318 7
0 0.301545 0.365479 0.0188522 0.0895496 8
0 0.073404 0.700975 0.0482824 0.152941 9
0 0.387305 0.91966 0.0582972 0.149428 10
0 0.278126 0.802179 0.052505 0.126365 11
0 0.56364 0.484603 0.0307822 0.106999 12
0 0.518216 0.445782 0.0257427 0.09696 13
0 0.226356 0.577968 0.0233741 0.0989916 14
0 0.0773388 0.170871 0.0157322 0.0505823 15
0 0.198011 0.446324 0.0241444 0.0747241 16
0 0.153686 0.163884 0.0136271 0.0588982 17
0 0.533585 0.425702 0.015553 0.0881637 18
0 0.10298 0.1755 0.0138617 0.0507127 19
0 0.501982 0.363147 0.0212248 0.0742436 20
0 0.320962 0.803686 0.0404054 0.103522 21
0 0.163825 0.619415 0.0382161 0.087018 22
1 0.119505 0.512562 0.0315958 0.0646364 23
1 0.0599425 0.48467 0.028417 0.0849636 24
0 0.351456 0.363072 0.0238663 0.0861898 25
0 0.323511 0.33994 0.0245018 0.0742637 26
0 0.299437 0.805208 0.0838154 0.111324 27
0 0.36078 0.26605 0.0141215 0.068463 28
0 0.555888 0.502992 0.0421357 0.1469 29
0 0.0265004 0.185013 0.0104097 0.0472392 30
0 0.0428421 0.154131 0.0154744 0.0561202 31
0 0.484957 0.370594 0.0160955 0.0699863 32
1 0.226633 0.441155 0.0217397 0.058489 33
1 0.198848 0.446718 0.0260228 0.0718899 34
0 0.173299 0.23112 0.0128762 0.0505233 35
0 0.128203 0.167832 0.0123149 0.0557581 36
0 0.594731 0.293745 0.0119638 0.0447871 37
0 0.652239 0.392048 0.0186239 0.0522217 38
2 0.218859 0.687142 0.0659809 0.142999 39
0 0.00525659 0.128054 0.0105132 0.0473612 40
