0 0.584861 0.612392 0.0350387 0.120918 1
0 0.283727 0.701601 0.0391521 0.14229 2
0 0.440718 0.936912 0.0583059 0.120873 3
0 0.195327 0.436458 0.0268467 0.10591 4
0 0.384262 0.714743 0.0416555 0.157495 5
0 0.663638 0.445022 0.0223803 0.0978415 6
0 0.234113 0.717438 0.0356863 0.146001 7
0 0.257959 0.849044 0.0506772 0.152848 8
0 0.0388214 0.431165 0.0229272 0.064812 9
0 0.0990507 0.566265 0.0265072 0.0965113 10
0 0.382555 0.937672 0.0525193 0.12179 11
0 0.462806 0.518107 0.0275833 0.118097 12
0 0.504477 0.561446 0.0278906 0.113331 13
0 0.149319 0.780048 0.0503381 0.116119 14
0 0.490397 0.45575 0.0216376 0.0913194 15
0 0.507405 0.508646 0.0311384 0.113667 16
0 0.0262934 0.6594 0.051011 0.0812391 17
0 0.620054 0.47068 0.0245865 0.101574 18
0 0.216586 0.31036 0.01609 0.0726969 19
0 0.563467 0.397466 0.0181801 0.0520706 20
0 0.130072 0.538559 0.030774 0.0733691 21
0 0.280402 0.355372 0.0140638 0.0603221 22
0 0.469297 0.452849 0.0229175 0.08833 23
0 0.591575 0.249771 0.0118532 0.0429242 24
0 0.415225 0.392149 0.0181496 0.0718452 25
1 0.228061 0.400786 0.0191621 0.0634152 26
0 0.0404311 0.240822 0.0119418 0.0446202 27
0 0.247422 0.286684 0.0155078 0.0511151 28
1 0.241494 0.405114 0.0218195 0.058503 29
0 0.292121 0.276703 0.0109372 0.0406131 30
