0 0.0798799 0.559584 0.0293061 0.0952682 1
0 0.363967 0.701255 0.0382214 0.15474 2
0 0.192172 0.42473 0.0259169 0.102038 3
0 0.0215467 0.647764 0.0430933 0.0819601 4
0 0.488822 0.518138 0.0312919 0.114502 5
0 0.210581 0.70273 0.0432984 0.149942 6
0 0.537619 0.510875 0.0267195 0.114342 7
0 0.357476 0.919295 0.0524733 0.130039 8
0 0.255081 0.69225 0.0571099 0.15889 9
0 0.137934 0.763567 0.057455 0.108738 10
0 0.0215217 0.437237 0.0205311 0.0751283 11
0 0.408421 0.924238 0.0697308 0.1363 12
0 0.68211 0.939866 0.0408258 0.118933 13
0 0.569207 0.502021 0.0322412 0.130743 14
0 0.235176 0.826784 0.0562308 0.16726 15
0 0.426737 0.518121 0.0357944 0.158179 16
0 0.513075 0.470003 0.0230442 0.106501 17
0 0.513148 0.542508 0.0254068 0.137691 18
0 0.585081 0.23818 0.0111177 0.0377677 19
0 0.463334 0.337803 0.0149384 0.0525504 20
0 0.57474 0.430674 0.0248829 0.0942035 21
0 0.546375 0.961669 0.0417164 0.074683 22
0 0.402755 0.382619 0.0202152 0.0722407 23
0 0.224099 0.544072 0.0235406 0.0650535 24
0 0.385421 0.392418 0.0197887 0.0637905 25
0 0.116995 0.533786 0.0311712 0.0742274 26
0 0.553377 0.385733 0.0169777 0.0539914 27
0 0.501549 0.521591 0.0480433 0.130758 28
0 0.266544 0.292178 0.0138876 0.0493369 29
0 0.461809 0.304052 0.012792 0.0585209 30
0 0.203686 0.307808 0.0156331 0.0650155 31
0 0.277967 0.339903 0.014942 0.0478638 32
1 0.226716 0.393892 0.026737 0.0724049 33
0 0.219871 0.399035 0.0246012 0.0719797 34
