0 0.264069 0.506938 0.0256119 0.124436 1
0 0.526623 0.652362 0.0268329 0.142274 2
0 0.529575 0.43855 0.0307485 0.114403 3
0 0.472606 0.555132 0.0274242 0.114567 4
0 0.209714 0.471937 0.0247719 0.108444 5
0 0.0409735 0.224376 0.0148647 0.0595178 6
0 0.388507 0.317724 0.0163559 0.0797855 7
0 0.340369 0.513568 0.0267914 0.117863 8
0 0.434433 0.473539 0.0353012 0.131746 9
0 0.0573474 0.203387 0.0139478 0.0415271 10
0 0.23054 0.477918 0.022634 0.114676 11
0 0.579468 0.36002 0.0200422 0.0726914 12
0 0.183589 0.31031 0.0223343 0.0753542 13
0 0.0985098 0.160227 0.0108857 0.0416658 14
0 0.331182 0.177844 0.012882 0.0412385 15
0 0.523473 0.249955 0.0127851 0.0631641 16
0 0.0845433 0.172941 0.0120854 0.0463465 17
0 0.158607 0.1367 0.00991358 0.038985 18
0 0.0538243 0.433543 0.0251223 0.0796493 19
0 0.270309 0.135497 0.0090558 0.0470272 20
0 0.440951 0.317921 0.0207855 0.0624604 21
0 0.0055615 0.334104 0.011123 0.0708419 22
0 0.17526 0.484475 0.0253766 0.0844259 23
0 0.123166 0.725659 0.0421534 0.153152 24
0 0.423324 0.141521 0.0101026 0.0410282 25
0 0.427491 0.144157 0.0112978 0.0423207 26
0 0.17599 0.0785849 0.0105502 0.0323673 27
0 0.162986 0.305193 0.0163005 0.0733578 28
0 0.344267 0.126171 0.00964987 0.039665 29
0 0.137466 0.156227 0.0110058 0.0420468 30
0 0.0884806 0.149956 0.0106877 0.0448939 31
1 0.167722 0.618593 0.0413637 0.104358 32
0 0.451565 0.476365 0.0312836 0.116262 33
0 0.107777 0.438126 0.0332056 0.0739232 34
0 0.109756 0.741987 0.0528124 0.139686 35
0 0.21469 0.0563233 0.00866052 0.0349224 36
0 0.445002 0.141182 0.0116034 0.0481276 37
0 0.384858 0.144388 0.0112881 0.0405518 38
0 0.229658 0.0525322 0.00876084 0.0352568 39
0 0.476923 0.0939959 0.00916872 0.0389246 40
0 0.177111 0.276983 0.0156857 0.0591438 41
0 0.316924 0.3856 0.0240021 0.0896097 42
0 0.0668778 0.0776796 0.0082294 0.0331751 43
0 0.23994 0.0618027 0.00841933 0.027078 44
0 0.122146 0.0898918 0.00907287 0.0285124 45
0 0.342957 0.40582 0.0178618 0.0475411 46
0 0.200974 0.191055 0.014137 0.0350037 47
0 0.276818 0.0291962 0.00906134 0.0282865 48
0 0.169746 0.613089 0.0420225 0.111741 49
1 0.173244 0.489363 0.0321972 0.0946586 50
