0 0.22095 0.707557 0.0391273 0.15123 1
0 0.522995 0.547493 0.0295469 0.121392 2
0 0.092395 0.559687 0.029518 0.0939956 3
0 0.0223124 0.428998 0.0219604 0.0743988 4
0 0.274381 0.689045 0.0367062 0.146093 5
0 0.431578 0.510506 0.0326103 0.152265 6
0 0.14769 0.764208 0.0533865 0.106705 7
0 0.0216314 0.651785 0.043111 0.0783331 8
0 0.198144 0.425302 0.0279519 0.101889 9
0 0.369222 0.924832 0.0507423 0.123895 10
0 0.373608 0.702025 0.0432989 0.161794 11
0 0.42312 0.923193 0.0670582 0.131005 12
0 0.491812 0.512235 0.0277867 0.120369 13
0 0.580144 0.48316 0.0281376 0.123178 14
0 0.759593 0.959797 0.037766 0.0804054 15
0 0.601658 0.43214 0.025624 0.0932496 16
0 0.20492 0.307409 0.0154458 0.0701382 17
0 0.543056 0.515217 0.0270746 0.0994 18
0 0.286707 0.343558 0.0145104 0.0549807 19
0 0.55182 0.448698 0.025795 0.0980192 20
0 0.408827 0.386609 0.0183998 0.0684506 21
0 0.560979 0.965547 0.0461283 0.0666672 22
0 0.558318 0.391222 0.0178032 0.0516792 23
0 0.588754 0.242834 0.0127233 0.0431079 24
0 0.248682 0.833868 0.0517238 0.144597 25
0 0.390554 0.395776 0.0190471 0.0639397 26
0 0.0391296 0.235577 0.0103104 0.0498152 27
1 0.234953 0.397892 0.0228613 0.060056 28
0 0.124593 0.53219 0.030058 0.0711826 29
0 0.0828851 0.204395 0.0096423 0.0389358 30
0 0.470106 0.301 0.0111523 0.0488681 31
