0 0.667023 0.653441 0.0378404 0.128013 1
0 0.33382 0.363564 0.0181472 0.0823866 2
0 0.721666 0.515933 0.0307376 0.105767 3
0 0.183443 0.661958 0.0649845 0.112678 4
0 0.566256 0.562042 0.0275789 0.113559 5
0 0.617452 0.484819 0.0253588 0.109376 6
0 0.0878759 0.390484 0.0239458 0.0956179 7
0 0.493446 0.484575 0.0248674 0.103244 8
0 0.464 0.482981 0.0258808 0.0942017 9
0 0.286619 0.593312 0.0368545 0.135479 10
0 0.311681 0.91661 0.0310759 0.129818 11
0 0.209559 0.56421 0.0291496 0.12302 12
0 0.533593 0.375917 0.0198104 0.0701624 13
0 0.20658 0.378851 0.0201418 0.0706419 14
0 0.0269149 0.239986 0.0175885 0.040228 15
0 0.233729 0.565075 0.0293905 0.1286 16
0 0.0805913 0.178932 0.0150681 0.0557683 17
0 0.061393 0.56057 0.0427685 0.0730506 18
0 0.152594 0.578388 0.0420732 0.0801027 19
0 0.0521993 0.335712 0.0226339 0.0761854 20
0 0.512204 0.379221 0.0206503 0.0636855 21
0 0.0892954 0.242381 0.0186077 0.0499703 22
0 0.432075 0.272724 0.0156217 0.0582719 23
0 0.0612571 0.401823 0.0228905 0.0774093 24
0 0.311529 0.459386 0.0212389 0.05404 25
0 0.244034 0.421502 0.025853 0.0511688 26
0 0.00545749 0.0705539 0.0107619 0.0558563 27
1 0.211866 0.758047 0.0371498 0.105914 28
0 0.264229 0.900328 0.0374939 0.186223 29
0 0.474083 0.572363 0.0353146 0.116439 30
0 0.287546 0.469246 0.0217548 0.0520762 31
0 0.680223 0.4216 0.0226851 0.0564505 32
0 0.16475 0.168035 0.010353 0.0533153 33
0 0.467928 0.650411 0.0348979 0.131502 34
0 0.304205 0.145084 0.0108564 0.0431078 35
0 0.222317 0.179924 0.0153648 0.0618011 36
0 0.278464 0.163041 0.0107311 0.0445786 37
0 0.78287 0.292237 0.0143645 0.0465265 38
0 0.382453 0.341813 0.027855 0.0737193 39
0 0.298112 0.245176 0.0141038 0.0550211 40
0 0.395223 0.347652 0.021911 0.0586386 41
0 0.102177 0.470247 0.0308134 0.0984267 42
1 0.240934 0.766986 0.0244467 0.0810255 43
0 0.180701 0.148157 0.0140863 0.0527902 44
0 0.238088 0.539346 0.0222227 0.0815862 45
0 0.353168 0.18924 0.00979271 0.043525 46
