0 0.326921 0.616576 0.0331988 0.13186 1
0 0.184011 0.833384 0.0504998 0.192152 2
0 0.41415 0.919799 0.052998 0.15941 3
0 0.655492 0.571408 0.0279522 0.119104 4
0 0.456574 0.48218 0.0246761 0.11046 5
0 0.259514 0.592338 0.0338795 0.129318 6
0 0.584176 0.521663 0.0277813 0.115079 7
0 0.5362 0.508042 0.0233891 0.105894 8
0 0.0978335 0.261844 0.0166412 0.0539869 9
0 0.217529 0.59714 0.0318322 0.127808 10
0 0.293262 0.809495 0.0491533 0.132037 11
0 0.152882 0.633883 0.0483251 0.0898306 12
2 0.026696 0.634345 0.0533919 0.0793751 13
0 0.28053 0.364323 0.0222469 0.0925215 14
0 0.406832 0.499801 0.0407061 0.113846 15
0 0.160859 0.46889 0.0232363 0.0895085 16
0 0.0863382 0.165263 0.0131632 0.0605204 17
0 0.498108 0.435808 0.0244681 0.100181 18
0 0.506308 0.443115 0.0254425 0.112653 19
0 0.0625557 0.166437 0.0143747 0.0669737 20
0 0.332033 0.809106 0.062972 0.114466 21
0 0.320177 0.256591 0.0114943 0.0497546 22
0 0.0889443 0.528551 0.033029 0.0709931 23
0 0.318341 0.366697 0.0249601 0.0886832 24
0 0.198871 0.449801 0.0292586 0.061779 25
0 0.447833 0.925134 0.0383091 0.146544 26
0 0.0205583 0.49828 0.0335087 0.0886431 27
0 0.0377833 0.18567 0.0138604 0.0437717 28
0 0.259566 0.295758 0.0154814 0.0502843 29
0 0.62473 0.376727 0.0246594 0.0561606 30
