0 0.119297 0.683944 0.0544631 0.0905558 1
0 0.589426 0.59121 0.0361664 0.130013 2
0 0.149121 0.918841 0.0583349 0.159888 3
0 0.235554 0.62546 0.0362356 0.136551 4
0 0.530403 0.535187 0.0262694 0.121166 5
0 0.0990344 0.502968 0.0241353 0.09272 6
0 0.303901 0.62731 0.0380802 0.145109 7
0 0.189868 0.636871 0.0363464 0.133021 8
0 0.323448 0.724276 0.0456155 0.129626 9
0 0.403978 0.497706 0.0266025 0.115306 10
0 0.452108 0.928029 0.0480308 0.143219 11
0 0.465082 0.636185 0.0526169 0.17326 12
0 0.504818 0.439293 0.0285852 0.105394 13
0 0.376616 0.498365 0.0253005 0.113099 14
0 0.473465 0.598817 0.0425323 0.125097 15
0 0.294921 0.841992 0.0559374 0.137231 16
0 0.199795 0.736913 0.0458233 0.104031 17
0 0.0303893 0.574452 0.0422833 0.0734158 18
0 0.0104112 0.302952 0.0191587 0.0550467 19
0 0.494202 0.293277 0.014216 0.0636816 20
0 0.331247 0.839501 0.0806882 0.141454 21
0 0.569588 0.375061 0.0188624 0.0529787 22
0 0.247319 0.422528 0.0159871 0.0618382 23
0 0.216734 0.38771 0.0218169 0.0943332 24
0 0.51468 0.425696 0.0185476 0.0887643 25
0 0.260693 0.367503 0.0181414 0.0603124 26
0 0.0109511 0.586408 0.0217483 0.052362 27
0 0.489982 0.930902 0.0367378 0.133035 28
1 0.13528 0.480037 0.0319268 0.0676585 29
0 0.421148 0.365485 0.0226375 0.0701275 30
0 0.10427 0.476427 0.0217353 0.0933468 31
