0 0.629871 0.588419 0.0291595 0.122874 1
0 0.23945 0.614306 0.0389127 0.138074 2
0 0.415222 0.491919 0.0230459 0.114526 3
0 0.1132 0.491741 0.0269599 0.0960778 4
0 0.125404 0.667701 0.0519088 0.092587 5
0 0.19415 0.622005 0.0379348 0.136256 6
0 0.294385 0.713632 0.0503068 0.153009 7
0 0.500614 0.591956 0.0468151 0.134038 8
0 0.383335 0.505566 0.0264634 0.111149 9
0 0.443376 0.921153 0.0483637 0.155263 10
0 0.177122 0.922481 0.047911 0.155039 11
0 0.0289905 0.286506 0.0162731 0.0514979 12
0 0.203872 0.737929 0.0575448 0.135195 13
0 0.29339 0.815661 0.0586031 0.150726 14
0 0.502762 0.433007 0.0226572 0.0948919 15
0 0.0487297 0.558248 0.0416205 0.0751505 16
0 0.526388 0.515818 0.0272676 0.106192 17
0 0.305806 0.613081 0.033571 0.140568 18
0 0.22815 0.377657 0.0220483 0.0935398 19
0 0.148454 0.468616 0.0343844 0.0673421 20
0 0.274541 0.354125 0.0193544 0.0571203 21
0 0.519872 0.427116 0.0216751 0.0962075 22
0 0.506415 0.295404 0.0162473 0.0768747 23
0 0.581177 0.370402 0.0160176 0.0502584 24
0 0.258095 0.401394 0.0150169 0.0597391 25
0 0.410975 0.364006 0.0169964 0.0607722 26
0 0.237806 0.483839 0.0228052 0.0687938 27
0 0.429343 0.357019 0.0202751 0.0671473 28
