0 0.531474 0.659597 0.0312811 0.143602 1
0 0.474999 0.560308 0.029359 0.115909 2
0 0.535178 0.439059 0.0279316 0.111782 3
0 0.390458 0.315903 0.0157649 0.0755975 4
0 0.340728 0.515196 0.0251683 0.111844 5
0 0.437911 0.497526 0.0255267 0.0928964 6
0 0.00942579 0.328206 0.0188516 0.0797315 7
0 0.0533657 0.218341 0.0154722 0.0543971 8
0 0.459266 0.47975 0.0239678 0.110875 9
0 0.168346 0.304357 0.0214609 0.0761516 10
0 0.260956 0.503889 0.0279416 0.124536 11
0 0.102918 0.736761 0.0478043 0.132319 12
0 0.106405 0.16181 0.012466 0.0408374 13
0 0.209921 0.478065 0.0250778 0.0902414 14
0 0.58134 0.358345 0.0207022 0.0742535 15
0 0.0662252 0.204185 0.013337 0.0459507 16
0 0.187597 0.308908 0.0202504 0.0734802 17
0 0.0913903 0.16511 0.0138838 0.0540523 18
0 0.228831 0.469187 0.0205189 0.105855 19
0 0.0589876 0.427541 0.0264717 0.0757677 20
0 0.33804 0.176992 0.013023 0.0463816 21
0 0.427938 0.456671 0.0261452 0.0855374 22
0 0.180698 0.0778075 0.0101377 0.0305899 23
0 0.527195 0.248595 0.0135456 0.0655219 24
0 0.430684 0.138444 0.0109587 0.0472515 25
0 0.35182 0.139005 0.0103139 0.0374883 26
0 0.166922 0.132711 0.0102041 0.0444282 27
0 0.174725 0.480315 0.0294441 0.0864725 28
0 0.119764 0.723674 0.0372338 0.155921 29
0 0.20815 0.433279 0.0242858 0.136095 30
0 0.560212 0.365004 0.0172896 0.0603649 31
0 0.0278837 0.119862 0.0119823 0.0419854 32
0 0.146124 0.150178 0.0118896 0.0446477 33
0 0.181338 0.264256 0.0160688 0.0578906 34
0 0.20424 0.402699 0.0246588 0.0798209 35
0 0.222626 0.0530542 0.00869379 0.0348649 36
0 0.0933026 0.151298 0.0099548 0.0469766 37
0 0.281118 0.131976 0.0102271 0.0493911 38
0 0.293341 0.328878 0.0171087 0.0688435 39
0 0.239802 0.0499011 0.00885285 0.039177 40
1 0.444234 0.312245 0.0204861 0.0571628 41
0 0.108247 0.433186 0.0329005 0.0655734 42
1 0.207626 0.190344 0.0128905 0.0334477 43
1 0.162237 0.608853 0.045696 0.106627 44
1 0.087057 0.438717 0.0223313 0.0515227 45
0 0.163224 0.60502 0.0482837 0.103657 46
1 0.106876 0.431414 0.0334409 0.0601361 47
0 0.392876 0.144311 0.0120658 0.0382143 48
0 0.27201 0.0265592 0.00959583 0.0355424 49
0 0.130889 0.0855694 0.00902356 0.0284414 50
0 0.381694 0.10009 0.0108556 0.0512678 51
0 0.316522 0.382806 0.0271382 0.0890345 52
0 0.280707 0.0398237 0.00836329 0.0430199 53
0 0.174956 0.529412 0.0354709 0.0832857 54
