0 0.534539 0.558154 0.0327436 0.114502 1
0 0.257439 0.850128 0.0532668 0.149346 2
0 0.282826 0.698731 0.0403887 0.142466 3
0 0.0240204 0.424653 0.022417 0.0731776 4
0 0.438525 0.936333 0.058499 0.123854 5
0 0.606163 0.45957 0.0237578 0.0996821 6
0 0.383553 0.936406 0.050064 0.127187 7
0 0.0979785 0.565788 0.0274982 0.0962935 8
0 0.383309 0.714354 0.0405432 0.1635 9
0 0.624542 0.580082 0.0370498 0.120192 10
0 0.20475 0.431005 0.0242412 0.103359 11
0 0.502895 0.500636 0.0244005 0.112254 12
0 0.654407 0.437334 0.0212028 0.0953445 13
0 0.233208 0.71774 0.0368527 0.147655 14
0 0.15362 0.777649 0.0540706 0.116053 15
0 0.0275986 0.658293 0.0546112 0.0805944 16
0 0.469356 0.524295 0.0435736 0.116273 17
0 0.277458 0.352273 0.0139317 0.0555891 18
0 0.563159 0.398581 0.0196085 0.0503201 19
0 0.129177 0.539825 0.036281 0.0687331 20
0 0.451854 0.479679 0.0269796 0.111896 21
0 0.591953 0.247102 0.0130936 0.0404115 22
0 0.414079 0.391279 0.0194532 0.0711533 23
0 0.393943 0.398471 0.0164906 0.0662767 24
0 0.21846 0.317511 0.0135664 0.0568727 25
0 0.0407286 0.24413 0.0119613 0.0400265 26
1 0.228432 0.402073 0.0188485 0.0652158 27
0 0.214461 0.566709 0.0407695 0.0766495 28
0 0.579423 0.971375 0.04479 0.057249 29
0 0.292004 0.276111 0.0104682 0.0398213 30
