0 0.51103 0.642183 0.0271212 0.134921 1
0 0.339485 0.496501 0.0247029 0.113286 2
0 0.520389 0.442055 0.0256798 0.116935 3
0 0.267183 0.517744 0.0265529 0.125987 4
0 0.382997 0.325452 0.0167451 0.0767267 5
0 0.577196 0.362524 0.0210133 0.0718768 6
0 0.231114 0.487318 0.0249001 0.113465 7
0 0.142754 0.142858 0.0114442 0.0422856 8
0 0.316703 0.186142 0.0122162 0.0501036 9
0 0.0369148 0.21318 0.0189082 0.0482366 10
0 0.00807586 0.232609 0.0160175 0.0644572 11
0 0.431604 0.452255 0.0235817 0.0995804 12
0 0.442507 0.483296 0.0256748 0.103415 13
0 0.0481631 0.446223 0.0243505 0.0780628 14
0 0.209478 0.482022 0.0250786 0.114593 15
0 0.463488 0.483222 0.0254294 0.0979782 16
0 0.177677 0.323548 0.022735 0.0825521 17
0 0.44162 0.316715 0.0271327 0.0695962 18
0 0.249257 0.136512 0.0113631 0.0501896 19
0 0.16 0.0802448 0.00878969 0.0342301 20
0 0.553508 0.364831 0.0213915 0.0652992 21
0 0.155339 0.316352 0.0213221 0.0762873 22
0 0.462993 0.531847 0.0305104 0.15181 23
0 0.0736111 0.175698 0.0128478 0.0472678 24
1 0.164887 0.626864 0.0458481 0.113969 25
0 0.105445 0.458345 0.0353203 0.0679528 26
0 0.0782936 0.166802 0.0146573 0.057618 27
0 0.175338 0.495219 0.0226177 0.0801883 28
0 0.36966 0.146802 0.0118289 0.0425263 29
0 0.119514 0.157625 0.0115794 0.0461841 30
0 0.516407 0.248873 0.0133694 0.0588105 31
0 0.434907 0.297129 0.0186686 0.0998339 32
1 0.175314 0.553956 0.0398732 0.078958 33
0 0.43061 0.269526 0.0143614 0.0668702 34
0 0.417121 0.138572 0.0109316 0.0494637 35
0 0.166383 0.281704 0.0170409 0.0635317 36
0 0.242436 0.0607458 0.00896306 0.035646 37
0 0.162029 0.127657 0.0117552 0.0423381 38
0 0.0983234 0.0922749 0.00943425 0.0287865 39
0 0.341755 0.412259 0.0176136 0.0487783 40
0 0.170202 0.30321 0.0228157 0.0993274 41
0 0.255808 0.0434692 0.00887299 0.0454647 42
