0 0.512154 0.642936 0.0277735 0.134853 1
0 0.339168 0.498801 0.0247152 0.111264 2
0 0.521882 0.441442 0.0259748 0.115753 3
0 0.266281 0.516201 0.0280506 0.126575 4
0 0.577178 0.362584 0.0221277 0.0724527 5
0 0.383397 0.325125 0.0166923 0.0775919 6
0 0.0490133 0.444611 0.0247399 0.0789537 7
0 0.231585 0.48766 0.0251611 0.115574 8
0 0.144005 0.142325 0.0118717 0.0447125 9
0 0.0378998 0.214143 0.0171168 0.0475068 10
0 0.00917794 0.231591 0.0178914 0.0608923 11
0 0.317952 0.187456 0.0125382 0.0525668 12
0 0.433295 0.452644 0.0278054 0.103943 13
0 0.177937 0.322887 0.0243843 0.0855041 14
0 0.250971 0.138252 0.01114 0.047356 15
0 0.208544 0.474063 0.025665 0.126653 16
0 0.105543 0.455649 0.035608 0.0725213 17
0 0.156068 0.316475 0.0211543 0.0781202 18
0 0.133701 0.739765 0.0410056 0.170918 19
0 0.444272 0.478479 0.0211102 0.118463 20
0 0.463837 0.528758 0.0297415 0.161448 21
0 0.1617 0.0798178 0.0104042 0.0355532 22
0 0.442939 0.317581 0.0305302 0.0694477 23
0 0.553542 0.36467 0.0214878 0.0653662 24
0 0.463201 0.482013 0.0256746 0.0948053 25
0 0.0799903 0.164812 0.0140303 0.05337 26
0 0.173978 0.506037 0.0358634 0.10703 27
1 0.165547 0.626238 0.0535457 0.116347 28
0 0.120355 0.157351 0.0129058 0.0486885 29
0 0.463885 0.0902866 0.0105301 0.0473716 30
0 0.435966 0.299169 0.0207533 0.0978062 31
0 0.0744163 0.172864 0.0127661 0.0536816 32
0 0.22244 0.0613741 0.0083088 0.0328993 33
0 0.162606 0.127057 0.0125715 0.0424972 34
0 0.415205 0.144402 0.0105781 0.0441166 35
0 0.430899 0.265428 0.0158384 0.0748487 36
0 0.410975 0.141806 0.0105734 0.0455247 37
0 0.3705 0.147325 0.0127284 0.0419621 38
0 0.328734 0.144498 0.0106667 0.0395743 39
0 0.187796 0.197732 0.015379 0.0329379 40
0 0.167007 0.284708 0.0178768 0.0704652 41
0 0.165449 0.385121 0.0251727 0.089642 42
0 0.173404 0.544694 0.0439653 0.0939945 43
0 0.202217 0.414992 0.0252418 0.0744987 44
0 0.25787 0.0396028 0.00867051 0.0407545 45
0 0.385074 0.0910653 0.00875979 0.0374881 46
0 0.195694 0.0593297 0.00936724 0.0336774 47
0 0.243795 0.0346262 0.00957437 0.0333727 48
0 0.264466 0.121775 0.00989446 0.0463763 49
