0 0.602002 0.591828 0.0305552 0.131507 1
0 0.120049 0.680635 0.055584 0.0926097 2
0 0.103118 0.490313 0.0262208 0.105661 3
0 0.15744 0.919441 0.0553781 0.161117 4
0 0.471723 0.637631 0.0510435 0.157428 5
0 0.504032 0.438032 0.0280073 0.110019 6
0 0.190403 0.634913 0.0390911 0.1366 7
0 0.530005 0.528553 0.0246656 0.111528 8
0 0.404952 0.496112 0.0289862 0.121492 9
0 0.315991 0.717407 0.0425227 0.132263 10
0 0.234971 0.62258 0.0406839 0.135695 11
0 0.453188 0.924167 0.0538256 0.141764 12
0 0.376611 0.498566 0.0242073 0.113736 13
0 0.0344418 0.571061 0.0485399 0.0766243 14
0 0.517974 0.430182 0.0206959 0.100262 15
0 0.294656 0.835878 0.0574225 0.130581 16
0 0.218237 0.380379 0.022888 0.0992438 17
0 0.0138138 0.296882 0.0190367 0.0530888 18
0 0.303955 0.613569 0.0341681 0.121851 19
0 0.13951 0.477881 0.0309487 0.0676173 20
0 0.572836 0.373221 0.0201075 0.0546022 21
0 0.201665 0.7396 0.0498508 0.119057 22
0 0.250721 0.416052 0.0177473 0.0719064 23
0 0.330312 0.829896 0.0770715 0.15603 24
0 0.603759 0.244936 0.0131881 0.0526284 25
0 0.151593 0.180439 0.0097083 0.0341842 26
