0 0.730888 0.65999 0.040313 0.131603 1
0 0.477569 0.596424 0.0314325 0.129662 2
0 0.329765 0.609593 0.0372958 0.131923 3
0 0.320484 0.368241 0.0169288 0.0862057 4
0 0.561583 0.569279 0.0346313 0.109786 5
0 0.466853 0.494904 0.0256414 0.107317 6
0 0.0637207 0.407925 0.0264983 0.0952452 7
0 0.746862 0.501539 0.022142 0.113139 8
0 0.638745 0.484313 0.0259293 0.106133 9
0 0.253637 0.581735 0.0370127 0.128907 10
0 0.546304 0.454821 0.0272675 0.103842 11
0 0.0280266 0.415354 0.0305115 0.0941808 12
0 0.167623 0.603686 0.0411126 0.0786533 13
0 0.561248 0.4475 0.0320309 0.103955 14
0 0.223229 0.57912 0.0285364 0.112213 15
0 0.523699 0.36593 0.0227929 0.0811115 16
0 0.190411 0.21246 0.0126272 0.0537731 17
0 0.253865 0.78668 0.0546425 0.117503 18
0 0.288618 0.79249 0.0425071 0.0991494 19
2 0.0532816 0.588931 0.0619581 0.0777573 20
0 0.377228 0.356673 0.0232864 0.0920133 21
0 0.0215011 0.384051 0.0280677 0.0913503 22
0 0.163397 0.17276 0.0148992 0.0481208 23
0 0.749402 0.278771 0.0166253 0.0438085 24
0 0.184073 0.1122 0.0110209 0.0537108 25
0 0.405841 0.97412 0.031454 0.0514838 26
0 0.374561 0.334565 0.0299946 0.093807 27
0 0.504051 0.37585 0.0186257 0.0653854 28
0 0.140391 0.500105 0.0351556 0.0641475 29
0 0.0916643 0.466403 0.0288151 0.0787363 30
0 0.0160349 0.372705 0.0224527 0.0684475 31
0 0.110088 0.150426 0.0144953 0.0508715 32
1 0.23902 0.435748 0.0332257 0.0567794 33
0 0.255515 0.146475 0.0102746 0.0435794 34
0 0.103871 0.166607 0.0133822 0.0708706 35
1 0.0909612 0.466898 0.0285802 0.0835512 36
0 0.257288 0.163832 0.0123576 0.0550538 37
0 0.21908 0.165569 0.0124231 0.0459963 38
0 0.671521 0.407709 0.024003 0.0531518 39
0 0.39483 0.247645 0.0143983 0.0395224 40
0 0.394988 0.268927 0.0144025 0.0697016 41
1 0.342045 0.87414 0.0350921 0.101094 42
1 0.253162 0.783592 0.0508177 0.115714 43
