0 0.318426 0.674026 0.0343316 0.151155 1
0 0.390228 0.495766 0.0266179 0.113459 2
0 0.435726 0.827058 0.0484526 0.15759 3
0 0.0637191 0.541247 0.028524 0.0917309 4
0 0.226439 0.664774 0.0358221 0.140433 5
0 0.192524 0.801954 0.0503472 0.139862 6
0 0.562059 0.526601 0.0320648 0.106384 7
0 0.504454 0.445661 0.0231237 0.100359 8
0 0.0499192 0.462134 0.0257724 0.0904984 9
0 0.466895 0.443564 0.0222853 0.0873552 10
0 0.305709 0.88816 0.053327 0.138347 11
0 0.527428 0.549064 0.02458 0.111222 12
0 0.183563 0.411459 0.0205402 0.0956222 13
0 0.180209 0.67747 0.0363719 0.140894 14
0 0.350753 0.891788 0.0663625 0.120143 15
0 0.472654 0.947913 0.0433774 0.104175 16
0 0.417153 0.504334 0.0243902 0.103582 17
0 0.101952 0.734598 0.0533713 0.103077 18
0 0.461277 0.548328 0.029158 0.105019 19
0 0.230505 0.448375 0.018335 0.0726596 20
0 0.171427 0.408775 0.0326752 0.100092 21
0 0.0993963 0.514897 0.0424212 0.0713131 22
0 0.289971 0.283989 0.0171836 0.0578312 23
0 0.458791 0.301402 0.013836 0.0748805 24
0 0.37146 0.381543 0.0197595 0.0698607 25
0 0.541335 0.380105 0.0207104 0.0535098 26
0 0.19913 0.30399 0.0165787 0.0717651 27
0 0.436988 0.550936 0.0268181 0.0945952 28
0 0.391906 0.379252 0.0225107 0.0645628 29
0 0.011162 0.600776 0.0223241 0.0969876 30
0 0.523827 0.953166 0.0320745 0.0896275 31
0 0.448265 0.550067 0.0456709 0.100557 32
0 0.222969 0.385094 0.0222583 0.0681636 33
