0 0.280562 0.546604 0.0285499 0.121499 1
0 0.372418 0.467152 0.0297842 0.100467 2
0 0.365298 0.336487 0.0157421 0.0806945 3
0 0.214267 0.512303 0.0270141 0.112332 4
0 0.482306 0.618742 0.0247598 0.136342 5
0 0.533678 0.468406 0.0297217 0.104881 6
0 0.452773 0.545016 0.0275898 0.145565 7
0 0.432575 0.480433 0.0256897 0.120244 8
0 0.146189 0.339819 0.0216635 0.0824453 9
0 0.23794 0.512419 0.0235368 0.115745 10
0 0.0110377 0.194165 0.0165373 0.0540444 11
0 0.564787 0.371366 0.0209284 0.077055 12
0 0.0509504 0.173408 0.013151 0.0540962 13
0 0.123246 0.343808 0.0238432 0.0810168 14
0 0.243732 0.194131 0.0134578 0.0490711 15
0 0.542237 0.370834 0.0190714 0.0641772 16
0 0.556775 0.461469 0.0270581 0.102256 17
0 0.0273619 0.485316 0.0259464 0.0817774 18
0 0.185224 0.158308 0.012497 0.0523107 19
0 0.475336 0.496227 0.0261219 0.104634 20
0 0.122202 0.30168 0.0188954 0.0726216 21
1 0.268787 0.343255 0.0183944 0.0625015 22
0 0.101494 0.095945 0.00974956 0.0347779 23
0 0.0733994 0.15016 0.0111178 0.0483532 24
0 0.110298 0.0629918 0.00901356 0.0352569 25
0 0.461219 0.521399 0.0311168 0.135442 26
0 0.183963 0.820513 0.0359194 0.172489 27
1 0.419142 0.327316 0.0218337 0.0605463 28
1 0.18569 0.683131 0.0481917 0.106646 29
0 0.485233 0.249686 0.013374 0.053656 30
1 0.433652 0.330202 0.0192341 0.0591103 31
0 0.128357 0.212311 0.0153458 0.0350192 32
0 0.141218 0.0719466 0.00858078 0.0291227 33
0 0.113713 0.0669313 0.0102936 0.0313231 34
0 0.31455 0.15287 0.0105798 0.038254 35
0 0.0899114 0.496295 0.040676 0.0689998 36
1 0.186299 0.597709 0.0438861 0.0899092 37
0 0.169309 0.521082 0.0346698 0.0723646 38
