0 0.476546 0.478377 0.0223639 0.104621 1
0 0.101868 0.632752 0.0350867 0.135418 2
0 0.437613 0.487679 0.0208214 0.102757 3
0 0.628238 0.455063 0.022999 0.10729 4
0 0.396529 0.570638 0.033775 0.121679 5
0 0.538672 0.443538 0.0221019 0.0993989 6
0 0.530393 0.668232 0.0273079 0.138701 7
0 0.0608538 0.270852 0.0188872 0.0721846 8
0 0.0114376 0.313861 0.0225857 0.0832097 9
0 0.156469 0.255705 0.0175275 0.0677347 10
0 0.268128 0.465274 0.0259767 0.114729 11
0 0.22117 0.135838 0.0112713 0.0461572 12
0 0.442547 0.30668 0.0193397 0.0788638 13
0 0.381168 0.116557 0.00908809 0.0421391 14
0 0.106436 0.292143 0.021416 0.0833138 15
0 0.238987 0.275621 0.0187173 0.0686004 16
0 0.413498 0.471824 0.0230648 0.103624 17
0 0.532433 0.572853 0.026071 0.109368 18
0 0.259987 0.239627 0.0144753 0.0567267 19
0 0.255612 0.282644 0.0155131 0.0687201 20
0 0.203023 0.151563 0.0118484 0.0473406 21
0 0.0867402 0.638329 0.0370722 0.125042 22
0 0.0962242 0.240978 0.0173488 0.0568975 23
0 0.117768 0.37983 0.0229546 0.067509 24
0 0.595569 0.243203 0.0151533 0.0675691 25
0 0.331529 0.263004 0.015936 0.06112 26
0 0.16119 0.394698 0.0257896 0.0604324 27
0 0.619904 0.359416 0.0224211 0.0703612 28
0 0.00501574 0.104482 0.0100315 0.044796 29
0 0.128762 0.0936096 0.00938255 0.0264521 30
0 0.154099 0.184059 0.0128497 0.0436203 31
0 0.596695 0.360265 0.0191462 0.0647941 32
0 0.0763695 0.143359 0.0128689 0.0509067 33
0 0.538934 0.132607 0.0101293 0.0448343 34
0 0.166811 0.178791 0.0133196 0.0491986 35
0 0.424288 0.172003 0.0112697 0.0436095 36
0 0.455844 0.133901 0.0116554 0.0428565 37
0 0.00866387 0.513588 0.0171573 0.121513 38
0 0.0542724 0.163467 0.0134896 0.0432685 39
0 0.0583238 0.164496 0.0116646 0.0440948 40
0 0.298228 0.0642285 0.00918611 0.0260635 41
0 0.285318 0.123058 0.00936642 0.0358362 42
0 0.0482507 0.164103 0.011816 0.0430053 43
0 0.369847 0.0441607 0.00851761 0.0340574 44
1 0.19546 0.479053 0.030338 0.0784552 45
1 0.358107 0.359953 0.0256249 0.0730965 46
0 0.37979 0.381893 0.0146194 0.0479813 47
0 0.525987 0.137221 0.010566 0.0381938 48
0 0.0210988 0.0752227 0.0101062 0.0308544 49
0 0.554491 0.148632 0.0115707 0.0506259 50
0 0.251365 0.350217 0.0213634 0.0749525 51
0 0.0146299 0.422325 0.0290442 0.0572003 52
0 0.261229 0.129962 0.0086031 0.0365941 53
0 0.253022 0.457344 0.0228238 0.119599 54
1 0.503049 0.308132 0.0164167 0.0522502 55
0 0.472318 0.136066 0.0106253 0.0417735 56
0 0.0408708 0.0826914 0.00943837 0.0429584 57
0 0.49402 0.136931 0.0116186 0.0380711 58
0 0.419493 0.0274897 0.00872962 0.0268768 59
0 0.19603 0.476993 0.0292444 0.0770187 60
0 0.353373 0.0445384 0.00900507 0.0346336 61
0 0.00877707 0.10642 0.0132483 0.0410395 62
0 0.301274 0.0632821 0.0101079 0.0256905 63
0 0.481508 0.135729 0.0114493 0.0456599 64
0 0.238849 0.35006 0.0213478 0.0784698 65
0 0.277504 0.0709244 0.00808278 0.0278782 66
0 0.245729 0.421472 0.0260977 0.107534 67
