0 0.718758 0.648993 0.0353488 0.128297 1
0 0.734135 0.503987 0.0283542 0.104787 2
0 0.315039 0.370041 0.0177958 0.0852173 3
0 0.339851 0.612596 0.038767 0.13857 4
0 0.619741 0.477434 0.0290447 0.105658 5
0 0.0547603 0.413805 0.0237147 0.0936235 6
0 0.569587 0.442495 0.0210445 0.0988495 7
0 0.0205848 0.42212 0.0267497 0.0892188 8
0 0.538345 0.456202 0.0240781 0.101472 9
0 0.555388 0.564615 0.0260729 0.115052 10
0 0.471548 0.582601 0.0291774 0.126341 11
0 0.250716 0.586418 0.0440303 0.131709 12
0 0.354296 0.914756 0.0503899 0.169196 13
0 0.464727 0.484121 0.0269365 0.0990568 14
0 0.517374 0.366771 0.0217121 0.0793961 15
0 0.0637886 0.59449 0.0398293 0.0771842 16
0 0.66642 0.403294 0.0246199 0.0545852 17
0 0.168973 0.607704 0.0414475 0.0823243 18
0 0.204094 0.216483 0.0129855 0.0465493 19
0 0.227347 0.589848 0.0347608 0.128802 20
0 0.300134 0.793473 0.040812 0.0941898 21
0 0.211387 0.432315 0.0285353 0.0760489 22
0 0.168747 0.11278 0.0111076 0.0529095 23
0 0.15014 0.175274 0.0157553 0.0459918 24
0 0.497697 0.372478 0.017948 0.0676812 25
0 0.261339 0.789372 0.053227 0.113921 26
1 0.261279 0.78907 0.0503549 0.116021 27
0 0.206448 0.165878 0.013432 0.0462769 28
0 0.353314 0.341731 0.0240355 0.0677858 29
0 0.0861268 0.470668 0.0285907 0.0783823 30
0 0.240719 0.248804 0.0156968 0.0386066 31
0 0.350576 0.870234 0.0440125 0.0858162 32
0 0.574404 0.343333 0.018554 0.0463472 33
0 0.37157 0.362088 0.0250568 0.0838321 34
1 0.215368 0.688328 0.0591586 0.115459 35
0 0.366644 0.343272 0.0375705 0.0865061 36
1 0.238285 0.438817 0.032292 0.0587693 37
0 0.741467 0.273556 0.0147234 0.0404158 38
