0 0.0780281 0.55918 0.0328736 0.0977195 1
0 0.207988 0.704105 0.0411441 0.152766 2
0 0.362507 0.702812 0.0379208 0.157377 3
0 0.666881 0.938286 0.0398157 0.122996 4
0 0.191401 0.424634 0.0283935 0.103123 5
0 0.0205425 0.436043 0.0196219 0.0759515 6
0 0.486076 0.516639 0.0302759 0.114875 7
0 0.53623 0.508687 0.0255696 0.110399 8
0 0.354884 0.919821 0.0533853 0.134211 9
0 0.233346 0.826957 0.0548811 0.166459 10
0 0.42568 0.545268 0.0292624 0.120448 11
0 0.251962 0.709946 0.0614204 0.192136 12
0 0.0168991 0.646193 0.0337982 0.084953 13
0 0.568429 0.507858 0.0293297 0.118041 14
0 0.404714 0.922877 0.0735948 0.141887 15
0 0.568732 0.43585 0.0287155 0.100352 16
0 0.133852 0.770128 0.059915 0.123387 17
0 0.511442 0.54002 0.0279879 0.144542 18
0 0.584277 0.240908 0.0110937 0.0376617 19
0 0.600857 0.964896 0.0343433 0.0702072 20
0 0.54379 0.961417 0.0418938 0.0758422 21
0 0.222883 0.542309 0.0253452 0.0722406 22
0 0.402163 0.383901 0.0208406 0.0710118 23
0 0.50591 0.474063 0.0184037 0.111448 24
0 0.500982 0.522162 0.0439588 0.148853 25
0 0.464487 0.301372 0.0130186 0.0535833 26
1 0.225148 0.393928 0.0299958 0.0726057 27
0 0.114861 0.533942 0.0324849 0.0749841 28
0 0.24563 0.762531 0.0793042 0.294452 29
0 0.39447 0.385314 0.0181754 0.0729863 30
0 0.383367 0.393545 0.0196253 0.063382 31
0 0.222781 0.398735 0.0308414 0.0726177 32
