0 0.706071 0.673934 0.0359018 0.129827 1
0 0.740665 0.513421 0.0272779 0.108719 2
0 0.576987 0.562478 0.0306288 0.116739 3
0 0.47446 0.545385 0.0256934 0.120904 4
0 0.0719292 0.401064 0.0252864 0.0964738 5
0 0.515127 0.4687 0.0249859 0.106427 6
0 0.638029 0.500079 0.0231479 0.0821888 7
0 0.0563889 0.171599 0.0152968 0.0531118 8
0 0.325237 0.365825 0.0181749 0.0822562 9
0 0.210183 0.569957 0.0274729 0.107214 10
0 0.0355736 0.240296 0.0183103 0.0628303 11
0 0.337187 0.955007 0.0340533 0.0858384 12
0 0.490412 0.458095 0.0218111 0.0916402 13
0 0.240591 0.578307 0.0243967 0.120872 14
0 0.297963 0.609814 0.0300552 0.125192 15
0 0.0297754 0.351047 0.0227684 0.0799623 16
0 0.29274 0.910704 0.0348375 0.175249 17
0 0.5265 0.373781 0.0191429 0.0735461 18
0 0.196059 0.195196 0.0129374 0.0602454 19
1 0.222318 0.769949 0.0403556 0.101991 20
0 0.0398031 0.405449 0.0275717 0.083227 21
0 0.130549 0.181762 0.0117586 0.0391653 22
0 0.0601978 0.577235 0.0327897 0.0685862 23
0 0.259082 0.241599 0.0141714 0.0427918 24
0 0.153384 0.592149 0.0443001 0.0795666 25
0 0.410044 0.271944 0.0126215 0.0678017 26
0 0.25589 0.785722 0.0323483 0.0913473 27
0 0.505708 0.377673 0.0199886 0.0656054 28
0 0.144982 0.146676 0.0129161 0.0488824 29
0 0.200829 0.392819 0.0201697 0.0653312 30
0 0.244138 0.16219 0.011554 0.0458782 31
1 0.249049 0.429502 0.0230612 0.0526096 32
1 0.0110981 0.584271 0.0219047 0.055147 33
1 0.366805 0.353757 0.0191706 0.0550552 34
0 0.140544 0.490621 0.0260066 0.0583509 35
1 0.195417 0.666715 0.0455119 0.107353 36
1 0.383068 0.343567 0.02426 0.0713843 37
0 0.767864 0.285723 0.0169199 0.046819 38
0 0.528867 0.260398 0.011956 0.0514463 39
0 0.094453 0.454391 0.0276362 0.075051 40
0 0.213666 0.11186 0.0109063 0.0505413 41
0 0.305939 0.465405 0.0188751 0.0513204 42
0 0.283438 0.140479 0.00927357 0.0368332 43
0 0.676478 0.414297 0.0232348 0.0525442 44
