0 0.537646 0.66663 0.0402399 0.142434 1
0 0.330393 0.525492 0.0285622 0.103222 2
0 0.485279 0.563812 0.0341244 0.119696 3
0 0.545489 0.441305 0.0259309 0.116983 4
0 0.396159 0.313435 0.0164877 0.0731399 5
0 0.258471 0.494764 0.025578 0.120209 6
0 0.438811 0.497961 0.022292 0.0962061 7
0 0.113534 0.702332 0.0387654 0.154761 8
0 0.123201 0.153882 0.0113309 0.045953 9
0 0.0285465 0.309046 0.0209395 0.0753252 10
0 0.104813 0.169406 0.0112357 0.0460451 11
0 0.0961452 0.718346 0.053436 0.132228 12
0 0.414808 0.467837 0.0279763 0.0966254 13
0 0.224412 0.464221 0.0314896 0.107913 14
0 0.195371 0.074291 0.00740072 0.0281382 15
0 0.349002 0.177201 0.0111411 0.0480165 16
0 0.190557 0.260021 0.0149622 0.0542185 17
0 0.559614 0.361951 0.0226125 0.0695852 18
0 0.06546 0.419899 0.0274606 0.0771986 19
0 0.464138 0.474399 0.0240348 0.10367 20
0 0.365569 0.136807 0.00980307 0.0383633 21
0 0.584885 0.360028 0.0216301 0.0730799 22
0 0.163465 0.14468 0.0108176 0.0392143 23
0 0.0729842 0.205258 0.0115703 0.0517502 24
0 0.535591 0.247659 0.0133408 0.0662845 25
0 0.0801813 0.20922 0.0121876 0.052689 26
1 0.317587 0.367961 0.0312786 0.0695047 27
0 0.444632 0.135026 0.0114562 0.0505464 28
0 0.30181 0.136716 0.0104277 0.0395356 29
0 0.441961 0.308109 0.0184689 0.0583683 30
0 0.0844868 0.207596 0.0129785 0.0521243 31
0 0.115949 0.429101 0.0324193 0.068562 32
0 0.194869 0.308926 0.0198164 0.0726511 33
0 0.417407 0.137143 0.0100071 0.0420725 34
0 0.187033 0.133233 0.0114238 0.039144 35
0 0.405589 0.14072 0.0101765 0.0393555 36
0 0.178278 0.303817 0.0204414 0.0773569 37
0 0.176821 0.471929 0.0282173 0.0770996 38
0 0.259062 0.0477542 0.00770778 0.0372559 39
0 0.243267 0.0522823 0.00857049 0.0347098 40
0 0.382373 0.141887 0.0105232 0.0345062 41
0 0.1146 0.151398 0.0100768 0.0489998 42
0 0.346143 0.397481 0.0176029 0.0468015 43
0 0.212896 0.459957 0.0286633 0.105323 44
0 0.157871 0.605286 0.0490542 0.0908949 45
0 0.467345 0.130376 0.0100084 0.0409198 46
0 0.205147 0.38508 0.0225677 0.0693292 47
0 0.291107 0.0306146 0.00924512 0.0360418 48
1 0.441975 0.310017 0.0179272 0.0602086 49
0 0.306573 0.0305394 0.00930139 0.0299145 50
1 0.176498 0.473731 0.0306608 0.0824826 51
0 0.224045 0.189624 0.0128085 0.0423135 52
