0 0.547129 0.540594 0.0246534 0.117359 1
0 0.379257 0.931286 0.0482412 0.126484 2
0 0.628062 0.436336 0.0266794 0.0940873 3
0 0.279344 0.696518 0.0383954 0.141332 4
0 0.430452 0.933537 0.0709506 0.132304 5
0 0.0956012 0.563717 0.0290113 0.0958056 6
0 0.489988 0.503034 0.0249109 0.109928 7
0 0.15328 0.772897 0.054214 0.112839 8
0 0.22852 0.714667 0.0393319 0.147353 9
0 0.376367 0.710148 0.0446175 0.163753 10
0 0.0259609 0.424082 0.0193623 0.0762114 11
0 0.202135 0.427136 0.0223989 0.104357 12
0 0.515739 0.538445 0.0268942 0.114682 13
0 0.439004 0.499568 0.030004 0.133251 14
0 0.023736 0.656966 0.0470177 0.0795399 15
0 0.253618 0.835944 0.0518092 0.135527 16
0 0.604377 0.543289 0.033853 0.0847159 17
0 0.285774 0.344522 0.0139774 0.0535447 18
0 0.581433 0.455925 0.0241125 0.10743 19
0 0.590144 0.245672 0.0116155 0.0382998 20
0 0.128501 0.536038 0.0312258 0.0731154 21
0 0.205553 0.310905 0.0181176 0.07101 22
0 0.560525 0.396566 0.0187084 0.050898 23
0 0.392418 0.397553 0.0170175 0.0648437 24
0 0.0782687 0.24454 0.0141124 0.0565953 25
0 0.234285 0.54729 0.0263225 0.0687043 26
1 0.239967 0.402372 0.0192816 0.0533395 27
0 0.443629 0.464789 0.0235837 0.0920658 28
0 0.57404 0.969785 0.046245 0.0598453 29
1 0.233686 0.398925 0.0234936 0.0599615 30
