0 0.453704 0.559895 0.0262065 0.117789 1
0 0.235567 0.789739 0.0286125 0.119124 2
0 0.282622 0.552434 0.0280277 0.126837 3
0 0.214619 0.518975 0.0257168 0.10896 4
0 0.600552 0.487378 0.0236187 0.0981462 5
0 0.0234242 0.495337 0.0259005 0.0842938 6
0 0.545364 0.474446 0.0260183 0.0980965 7
0 0.442291 0.474053 0.0236168 0.101003 8
0 0.49673 0.518633 0.0394058 0.10653 9
0 0.240653 0.521957 0.0218414 0.114974 10
0 0.226371 0.195227 0.0148768 0.0538953 11
0 0.363174 0.338696 0.0177006 0.0791294 12
0 0.483712 0.622608 0.0299085 0.127924 13
0 0.167836 0.154683 0.0111645 0.0473997 14
0 0.0556428 0.157119 0.0118486 0.0454351 15
0 0.562043 0.368573 0.0214477 0.068572 16
0 0.140735 0.345208 0.0218175 0.0791791 17
0 0.0820846 0.0943487 0.00861796 0.0309935 18
0 0.114487 0.304522 0.0154197 0.064013 19
0 0.116525 0.356781 0.0205751 0.0670076 20
0 0.395656 0.445186 0.021476 0.0831094 21
0 0.540324 0.372603 0.0194023 0.0656379 22
0 0.19526 0.834525 0.0397141 0.176362 23
0 0.0350537 0.176574 0.0146256 0.048318 24
0 0.379758 0.258174 0.0114071 0.046725 25
0 0.331936 0.434791 0.0177059 0.0498318 26
0 0.117036 0.214684 0.0133925 0.0342906 27
1 0.41871 0.329414 0.0227722 0.0591266 28
1 0.428848 0.331367 0.0203302 0.0590281 29
0 0.093516 0.0648184 0.0113358 0.0395039 30
0 0.179266 0.437278 0.0236061 0.0532549 31
0 0.346327 0.147449 0.0120887 0.0520334 32
0 0.341017 0.142577 0.00977126 0.0530919 33
0 0.172668 0.529091 0.027262 0.0703228 34
1 0.289657 0.39677 0.0220351 0.0558218 35
0 0.47936 0.249024 0.0136023 0.0518629 36
0 0.0883828 0.506525 0.0359176 0.0650087 37
0 0.109561 0.0619883 0.00991123 0.041857 38
1 0.185334 0.605644 0.0483073 0.0945075 39
0 0.398026 0.0984796 0.00938861 0.0397701 40
0 0.474754 0.253088 0.0146731 0.0526858 41
