0 0.641824 0.501766 0.0361854 0.105313 1
0 0.286375 0.562226 0.0280331 0.129222 2
0 0.255809 0.803444 0.0302273 0.120392 3
0 0.21485 0.531733 0.0238732 0.109464 4
0 0.548112 0.577421 0.0328409 0.105643 5
0 0.154397 0.153723 0.0128844 0.0533603 6
0 0.528567 0.525879 0.0222271 0.0966373 7
0 0.360027 0.343726 0.0191711 0.0784795 8
0 0.241811 0.532174 0.023993 0.117959 9
0 0.556181 0.371943 0.0184339 0.0702061 10
0 0.0176229 0.181183 0.0156924 0.0571136 11
0 0.10435 0.315559 0.0156368 0.0715407 12
0 0.204102 0.200214 0.014262 0.0568326 13
0 0.0406458 0.16423 0.0127153 0.0447448 14
1 0.415519 0.331752 0.0312629 0.0612555 15
0 0.131617 0.3559 0.0217565 0.0872992 16
0 0.560983 0.476734 0.0225366 0.0973901 17
0 0.452725 0.479262 0.0241243 0.0910917 18
0 0.106722 0.359003 0.0221121 0.0775816 19
0 0.0725843 0.0667479 0.0117942 0.0387781 20
0 0.474184 0.618814 0.0292491 0.137928 21
0 0.535641 0.373182 0.0185139 0.0630035 22
0 0.428144 0.490801 0.0260737 0.103846 23
0 0.367431 0.257852 0.0118359 0.0454397 24
0 0.0182424 0.507202 0.0278812 0.0837134 25
0 0.17586 0.444159 0.0236658 0.0591965 26
0 0.465102 0.549082 0.0227513 0.083567 27
0 0.136409 0.431199 0.0215953 0.0931409 28
0 0.0854538 0.51293 0.0410562 0.0713145 29
0 0.334291 0.148738 0.0114921 0.0497157 30
0 0.0909965 0.0645856 0.0109706 0.0384153 31
0 0.301325 0.195011 0.0103002 0.0506707 32
0 0.356603 0.144781 0.0112916 0.0529349 33
1 0.282587 0.400808 0.0291246 0.052938 34
0 0.101387 0.220061 0.0163069 0.0365219 35
0 0.342852 0.15243 0.0108911 0.0460064 36
0 0.0700293 0.145052 0.0123689 0.0479918 37
0 0.0642101 0.0994384 0.00959709 0.0334341 38
0 0.701256 0.421365 0.0261438 0.0536784 39
1 0.195966 0.703242 0.0439142 0.0987821 40
0 0.118028 0.0336072 0.00960029 0.0397713 41
0 0.133606 0.0683758 0.0109452 0.0394618 42
0 0.18855 0.615303 0.0507453 0.102851 43
0 0.385883 0.0964977 0.00994069 0.0399459 44
0 0.305467 0.0994694 0.00977008 0.0395852 45
0 0.204807 0.722241 0.0589392 0.103487 46
