0 0.193057 0.788461 0.052078 0.1401 1
0 0.30943 0.659717 0.0396909 0.141016 2
0 0.543142 0.563496 0.0376032 0.147066 3
0 0.227964 0.653071 0.044007 0.141885 4
0 0.396216 0.805041 0.04942 0.17034 5
0 0.461905 0.943861 0.0430887 0.112277 6
0 0.299773 0.874438 0.0562077 0.143377 7
0 0.182745 0.667784 0.0362185 0.141554 8
0 0.506307 0.445247 0.024518 0.0997187 9
0 0.416307 0.58611 0.0298981 0.115516 10
0 0.460898 0.555911 0.0272399 0.114024 11
0 0.408097 0.506245 0.0332643 0.117753 12
0 0.0772568 0.528461 0.0245733 0.0937329 13
0 0.384836 0.499503 0.0271746 0.118671 14
0 0.194695 0.402384 0.0250391 0.10451 15
0 0.0166251 0.600207 0.0332501 0.0850397 16
0 0.0217388 0.954277 0.0416703 0.0913601 17
0 0.103781 0.717614 0.0494299 0.103989 18
0 0.351621 0.884795 0.0628412 0.107816 19
0 0.478965 0.43905 0.0267271 0.101481 20
0 0.115707 0.502397 0.037941 0.0719054 21
0 0.212965 0.294532 0.0199077 0.0690125 22
0 0.0733107 0.49541 0.0308047 0.153532 23
0 0.471227 0.298201 0.014339 0.0702784 24
0 0.58327 0.243269 0.0120077 0.0485408 25
0 0.513428 0.945822 0.0338768 0.101778 26
0 0.243813 0.451065 0.0158049 0.0588695 27
0 0.399931 0.377352 0.0205505 0.0658534 28
0 0.235118 0.377176 0.0244171 0.0607379 29
0 0.383242 0.376692 0.0221778 0.0749048 30
0 0.303327 0.269255 0.0137169 0.0554533 31
