0 0.719653 0.672989 0.0319852 0.130192 1
0 0.481591 0.626071 0.0280607 0.131446 2
0 0.301616 0.609911 0.0310913 0.123488 3
0 0.47141 0.533413 0.0282175 0.115507 4
0 0.322516 0.363025 0.0167836 0.0834603 5
0 0.579101 0.567306 0.025239 0.110838 6
0 0.0697443 0.399351 0.0251213 0.0946744 7
0 0.0412968 0.173981 0.0167324 0.0540812 8
0 0.212943 0.5781 0.0250407 0.118533 9
0 0.52395 0.463367 0.0210172 0.102527 10
0 0.640408 0.498318 0.0210986 0.0813714 11
0 0.0214677 0.244358 0.0179621 0.0622386 12
0 0.244721 0.574957 0.0272673 0.125363 13
0 0.154881 0.594777 0.0458418 0.0807742 14
0 0.505887 0.452597 0.0211908 0.0988666 15
0 0.196389 0.401962 0.0184504 0.0707501 16
0 0.34985 0.9633 0.0325788 0.0693973 17
0 0.102319 0.186555 0.0119502 0.0370193 18
0 0.743404 0.519243 0.0284378 0.0965161 19
0 0.526209 0.373866 0.0201189 0.0722181 20
0 0.0256806 0.351937 0.0236289 0.0714244 21
1 0.228376 0.775234 0.0447125 0.10046 22
0 0.206246 0.112763 0.0107044 0.0508421 23
0 0.0351563 0.401512 0.0298169 0.09531 24
0 0.139684 0.493524 0.0248495 0.0590062 25
0 0.304324 0.913497 0.036058 0.169157 26
0 0.505046 0.374155 0.0192485 0.0655879 27
0 0.189021 0.194245 0.0117304 0.0647385 28
0 0.405119 0.246298 0.0130066 0.0407884 29
1 0.367796 0.339565 0.0260495 0.0703282 30
0 0.765843 0.283871 0.0149859 0.041957 31
2 0.0503836 0.582598 0.0555242 0.0752389 32
0 0.307217 0.466627 0.0212119 0.0524163 33
0 0.634002 0.305784 0.0126013 0.0520054 34
0 0.209332 0.16624 0.00988234 0.0499196 35
0 0.186061 0.180127 0.0143852 0.0496246 36
0 0.673297 0.409362 0.0244889 0.0506677 37
0 0.24976 0.243715 0.0160411 0.0317588 38
0 0.243825 0.164357 0.0131175 0.0461438 39
0 0.163299 0.165415 0.0131879 0.0420209 40
1 0.3811 0.353626 0.0234686 0.0585093 41
0 0.453639 0.310496 0.0168038 0.0623816 42
0 0.761185 0.282303 0.0139525 0.0411702 43
0 0.249444 0.431673 0.0238962 0.0550605 44
