0 0.698299 0.674723 0.0309088 0.131846 1
0 0.29442 0.606686 0.0333025 0.12699 2
0 0.73916 0.514482 0.0256752 0.111304 3
0 0.57281 0.562921 0.026668 0.116689 4
0 0.327926 0.950017 0.0297019 0.0997238 5
0 0.509873 0.461053 0.0229578 0.0825283 6
0 0.0734 0.398647 0.0249916 0.0971187 7
0 0.0443439 0.234384 0.0166613 0.0633025 8
0 0.637373 0.494479 0.0241091 0.0944722 9
0 0.325534 0.364384 0.016289 0.0823427 10
0 0.184141 0.673504 0.0658923 0.116961 11
0 0.480709 0.459879 0.0219543 0.0974718 12
0 0.236164 0.575235 0.0254505 0.123647 13
0 0.0315661 0.347142 0.0212687 0.0763616 14
0 0.207947 0.570067 0.0255009 0.111802 15
0 0.201556 0.391147 0.023882 0.0705382 16
0 0.0431323 0.410104 0.0277281 0.0803619 17
0 0.0633106 0.169547 0.0173211 0.0574822 18
0 0.527321 0.373305 0.0193136 0.0737273 19
0 0.149677 0.591645 0.0433779 0.080531 20
1 0.222441 0.766244 0.0356959 0.104192 21
0 0.141008 0.172659 0.0127406 0.0537269 22
0 0.476669 0.550203 0.025183 0.109122 23
0 0.00543728 0.257827 0.0108746 0.0527913 24
0 0.477315 0.63919 0.0256883 0.137854 25
0 0.200954 0.193755 0.0119955 0.0631498 26
0 0.638361 0.312991 0.0149575 0.0583277 27
0 0.505236 0.377816 0.0194318 0.06363 28
0 0.0564496 0.572904 0.0393667 0.0717038 29
0 0.13976 0.487906 0.0272417 0.0563064 30
0 0.285094 0.906054 0.0393633 0.175437 31
0 0.251753 0.783936 0.0267059 0.0912721 32
0 0.767964 0.28482 0.0124933 0.0443557 33
0 0.265861 0.237324 0.0118406 0.0466842 34
0 0.0917084 0.478616 0.0290423 0.105176 35
0 0.198568 0.180787 0.0129612 0.0516313 36
0 0.00380406 0.0648594 0.00760811 0.0520716 37
0 0.306115 0.465353 0.0192713 0.0508635 38
0 0.366907 0.352331 0.0176574 0.0577408 39
0 0.257693 0.16341 0.0113913 0.0460296 40
0 0.220336 0.575752 0.0521233 0.124787 41
0 0.0844688 0.184235 0.0126605 0.0519712 42
0 0.387816 0.355454 0.0168819 0.0525455 43
0 0.23994 0.0399001 0.0103161 0.0439774 44
0 0.221057 0.159327 0.00968667 0.0418858 45
0 0.0227014 0.158843 0.0125367 0.0539014 46
1 0.24811 0.42911 0.024602 0.0540133 47
