0 0.369505 0.467738 0.0348612 0.100743 1
0 0.280384 0.546789 0.0289625 0.121262 2
0 0.482068 0.620951 0.0251147 0.131602 3
0 0.213029 0.512603 0.026298 0.115832 4
0 0.452411 0.542491 0.0277439 0.150659 5
0 0.216292 0.765261 0.0352327 0.116815 6
0 0.365277 0.335277 0.0161497 0.080397 7
0 0.542464 0.461613 0.0448994 0.104218 8
0 0.236524 0.51068 0.0263818 0.115091 9
0 0.432501 0.478374 0.0266073 0.115752 10
0 0.148204 0.339087 0.0235324 0.0830219 11
0 0.0276794 0.484876 0.0259141 0.0817734 12
0 0.0128516 0.194201 0.0192101 0.0538682 13
0 0.246523 0.195363 0.0133322 0.0480971 14
0 0.186086 0.155936 0.0121517 0.0532048 15
0 0.0519083 0.173988 0.013412 0.0533557 16
0 0.17813 0.818089 0.0442135 0.17382 17
0 0.543103 0.369334 0.020857 0.0618664 18
0 0.565252 0.368535 0.0208025 0.072403 19
0 0.122778 0.302459 0.0188517 0.0736366 20
0 0.47467 0.489967 0.0251161 0.0963691 21
0 0.113987 0.0646999 0.00986986 0.0322544 22
0 0.131218 0.212426 0.0146884 0.0352774 23
0 0.168034 0.519363 0.0356832 0.0726135 24
0 0.123962 0.34456 0.0211846 0.0796282 25
0 0.342225 0.135865 0.00981569 0.0460913 26
0 0.183228 0.596415 0.0511516 0.0901848 27
0 0.01599 0.102484 0.0106121 0.0337173 28
0 0.147608 0.421684 0.0194553 0.0768771 29
1 0.421302 0.327095 0.0255354 0.0615415 30
0 0.0755443 0.153251 0.0119032 0.0416703 31
0 0.363816 0.146358 0.0109748 0.0500242 32
1 0.432314 0.328536 0.0210182 0.0617533 33
0 0.0916594 0.49603 0.0386565 0.0692693 34
1 0.269423 0.348023 0.020042 0.0699073 35
0 0.102569 0.096259 0.00875831 0.030718 36
0 0.485375 0.250382 0.0143575 0.0539565 37
0 0.210928 0.14121 0.0103593 0.0458355 38
0 0.315712 0.153357 0.0114413 0.0375788 39
1 0.185934 0.681624 0.0522977 0.108111 40
0 0.244552 0.094932 0.00885925 0.0282782 41
0 0.35418 0.176176 0.00979794 0.0392385 42
0 0.331856 0.0971687 0.0106 0.0427683 43
0 0.304728 0.40984 0.0314213 0.0914703 44
0 0.188776 0.683804 0.0549337 0.114592 45
0 0.168767 0.0614298 0.00945792 0.0386185 46
1 0.180252 0.429955 0.0294506 0.0513766 47
