0 0.315301 0.613736 0.0371523 0.137584 1
0 0.291326 0.816635 0.0541068 0.133502 2
0 0.388057 0.502749 0.0328656 0.115657 3
0 0.651712 0.570722 0.0346904 0.121631 4
0 0.432987 0.485495 0.0265839 0.115891 5
0 0.425484 0.917398 0.0454774 0.165203 6
0 0.203191 0.925681 0.0483464 0.146975 7
0 0.140195 0.644417 0.0513549 0.093936 8
0 0.524811 0.514595 0.0413973 0.11853 9
0 0.0639493 0.272862 0.0163034 0.0543281 10
0 0.256123 0.369934 0.0207465 0.0904732 11
0 0.490725 0.450824 0.0297018 0.136916 12
0 0.209721 0.599547 0.0276744 0.117671 13
0 0.250066 0.590552 0.0363264 0.1214 14
0 0.242768 0.688999 0.0444284 0.165033 15
0 0.141243 0.482332 0.0212663 0.084416 16
0 0.0237757 0.173767 0.0153511 0.0633305 17
0 0.0482342 0.168413 0.0135501 0.0656837 18
0 0.0623712 0.538854 0.0471939 0.0739371 19
0 0.458338 0.92405 0.0395441 0.14899 20
0 0.605577 0.376074 0.018737 0.0542928 21
0 0.206101 0.708213 0.0499741 0.130157 22
0 0.0710966 0.152931 0.0117803 0.0592832 23
2 0.017971 0.655233 0.0358705 0.0729429 24
0 0.297119 0.354263 0.0267341 0.0635636 25
0 0.317405 0.819007 0.0929055 0.130277 26
0 0.237352 0.301882 0.014786 0.0477294 27
0 0.203967 0.204814 0.0120186 0.0597849 28
0 0.0734174 0.168119 0.0110719 0.0597095 29
0 0.437178 0.367447 0.0189716 0.0553259 30
0 0.276166 0.322005 0.0194076 0.0733603 31
0 0.254763 0.474575 0.0326133 0.0707196 32
1 0.178117 0.454558 0.0259272 0.0601853 33
0 0.271779 0.341875 0.0154335 0.0668559 34
1 0.0180497 0.567431 0.0354337 0.0712691 35
