0 0.491027 0.510115 0.0280002 0.11684 1
0 0.275444 0.690184 0.0390984 0.145968 2
0 0.0942459 0.559945 0.030439 0.0937625 3
0 0.24909 0.83722 0.0516837 0.14981 4
0 0.0216691 0.426705 0.0206495 0.0778998 5
0 0.37204 0.701484 0.0429007 0.159586 6
0 0.201024 0.4245 0.0278264 0.104524 7
0 0.432086 0.504164 0.0312254 0.148598 8
0 0.523908 0.541993 0.0288341 0.122588 9
0 0.223262 0.706759 0.0399932 0.14338 10
0 0.149052 0.765051 0.0533446 0.109018 11
0 0.428545 0.923338 0.0617869 0.12353 12
0 0.54593 0.511062 0.0281574 0.107755 13
0 0.58428 0.491281 0.0230029 0.122376 14
0 0.37109 0.924189 0.0533806 0.124005 15
0 0.0221638 0.653585 0.0438926 0.0802524 16
0 0.60772 0.432586 0.0233848 0.095543 17
0 0.772987 0.963702 0.035539 0.0705617 18
0 0.204648 0.308287 0.0149617 0.0702218 19
0 0.28682 0.342455 0.0147146 0.0544645 20
0 0.560652 0.394616 0.0201424 0.0557505 21
0 0.559916 0.458629 0.0219346 0.106355 22
0 0.409136 0.387478 0.0187712 0.0678245 23
0 0.589003 0.244613 0.0126596 0.0423881 24
0 0.563873 0.966154 0.0466098 0.0672896 25
0 0.39098 0.39469 0.0199183 0.0666996 26
0 0.125168 0.533049 0.0302373 0.0702367 27
0 0.236759 0.399495 0.0233609 0.0580634 28
0 0.231654 0.548298 0.0259927 0.0652832 29
1 0.232716 0.396985 0.0294673 0.0629081 30
0 0.0392326 0.234675 0.0105756 0.0514572 31
0 0.0837512 0.203189 0.00999683 0.0386938 32
0 0.439711 0.347935 0.0180765 0.0524243 33
0 0.26469 0.284266 0.0158685 0.0613525 34
