0 0.257017 0.849716 0.0521643 0.151469 1
0 0.282653 0.701633 0.0404531 0.146247 2
0 0.503516 0.503049 0.024188 0.117405 3
0 0.438362 0.936322 0.0589474 0.123146 4
0 0.384973 0.715379 0.0428227 0.162301 5
0 0.0983498 0.565878 0.0277266 0.0968367 6
0 0.383173 0.937347 0.0533867 0.125306 7
0 0.234126 0.714132 0.0345642 0.142146 8
0 0.0270866 0.428887 0.0258956 0.064602 9
0 0.613436 0.463098 0.0276586 0.103918 10
0 0.658126 0.439901 0.0232027 0.0995141 11
0 0.200015 0.433311 0.0241737 0.11004 12
0 0.150261 0.77884 0.0515929 0.116902 13
0 0.609415 0.589418 0.0362362 0.123421 14
0 0.523863 0.557755 0.0265101 0.114066 15
0 0.466694 0.521627 0.0316284 0.11665 16
0 0.0270212 0.658435 0.0518009 0.0811187 17
0 0.455381 0.469743 0.0205347 0.102348 18
0 0.277573 0.351035 0.0143122 0.06207 19
0 0.563154 0.397081 0.0206223 0.0490889 20
0 0.214632 0.293384 0.0180982 0.0501457 21
0 0.131766 0.538441 0.0310573 0.064419 22
0 0.476926 0.461235 0.0232779 0.0959097 23
0 0.591997 0.247635 0.0137688 0.0424372 24
0 0.0405576 0.24172 0.0115198 0.0417462 25
0 0.29222 0.276379 0.0107647 0.0402684 26
0 0.592553 0.272737 0.0152993 0.0710385 27
0 0.580039 0.971396 0.0457733 0.0572074 28
0 0.576887 0.287206 0.0103775 0.0383466 29
0 0.414413 0.390218 0.0228581 0.0781738 30
