0 0.0215559 0.650003 0.0431117 0.0784166 1
0 0.49272 0.520292 0.0295795 0.119558 2
0 0.0854132 0.560485 0.0234352 0.098495 3
0 0.196192 0.424984 0.0280771 0.10136 4
0 0.415002 0.921893 0.071927 0.135802 5
0 0.588977 0.429245 0.0225261 0.0903966 6
0 0.367446 0.700759 0.0427612 0.158996 7
0 0.363689 0.921638 0.0510795 0.127944 8
0 0.021399 0.431158 0.0198024 0.0768259 9
0 0.42975 0.519775 0.0367733 0.168148 10
0 0.219749 0.701415 0.0347633 0.143051 11
0 0.262356 0.696292 0.0547715 0.161169 12
0 0.204927 0.305459 0.0157947 0.0698499 13
0 0.723012 0.947233 0.035932 0.101261 14
0 0.539489 0.513588 0.0288685 0.10644 15
0 0.570437 0.515984 0.0318495 0.0998605 16
0 0.142602 0.764237 0.0567535 0.10863 17
0 0.283169 0.34011 0.0149479 0.0489573 18
0 0.516584 0.549572 0.0275049 0.124337 19
0 0.121119 0.532698 0.032391 0.0757078 20
0 0.241235 0.821374 0.0534051 0.174215 21
0 0.266046 0.287021 0.0134008 0.0583831 22
0 0.556243 0.963081 0.0427454 0.0725494 23
0 0.40274 0.384496 0.0190803 0.0688699 24
0 0.531686 0.457127 0.0200048 0.0924294 25
0 0.467327 0.298502 0.00997325 0.0437895 26
0 0.556874 0.390045 0.0169497 0.0505885 27
0 0.388398 0.394537 0.0177605 0.0610109 28
0 0.00957169 0.786977 0.0191434 0.10158 29
0 0.534576 0.487163 0.0246897 0.154813 30
1 0.232761 0.397435 0.0243052 0.0604511 31
0 0.586011 0.240603 0.0110688 0.0334485 32
0 0.227211 0.544639 0.0264196 0.0698188 33
