0 0.529361 0.656778 0.0304915 0.145751 1
0 0.532263 0.438546 0.0290586 0.115114 2
0 0.474511 0.557981 0.0270193 0.115525 3
0 0.210223 0.471782 0.025389 0.104846 4
0 0.26407 0.504724 0.0253339 0.122772 5
0 0.389294 0.317662 0.0161099 0.0795699 6
0 0.43602 0.480495 0.0317749 0.112934 7
0 0.0458416 0.219838 0.0161148 0.0586683 8
0 0.580344 0.359266 0.0212469 0.0736901 9
0 0.0074972 0.3322 0.0149944 0.0770935 10
0 0.229929 0.471843 0.0197567 0.106658 11
0 0.339266 0.513503 0.0225952 0.110289 12
0 0.0559083 0.431466 0.0253637 0.0773469 13
0 0.335589 0.179193 0.0132071 0.0413601 14
0 0.101363 0.163882 0.01169 0.0408815 15
0 0.431388 0.45037 0.0296379 0.0816705 16
0 0.14057 0.152957 0.0110725 0.0462662 17
0 0.0611163 0.203377 0.0122735 0.0418127 18
0 0.183274 0.305682 0.0221253 0.0767411 19
0 0.453934 0.474892 0.0289589 0.108328 20
0 0.0859337 0.165176 0.0121045 0.0508657 21
0 0.31654 0.384447 0.0257301 0.0894014 22
0 0.164214 0.305944 0.0180099 0.0753459 23
0 0.164011 0.14084 0.010727 0.0410879 24
0 0.118394 0.725424 0.0449586 0.152015 25
0 0.100231 0.741715 0.0376331 0.130981 26
0 0.177153 0.0767005 0.0090888 0.0298224 27
0 0.557602 0.36389 0.0224767 0.0627346 28
1 0.16547 0.612942 0.0404906 0.0998879 29
0 0.108276 0.44146 0.0331155 0.0703016 30
0 0.175088 0.481652 0.0261421 0.0819634 31
0 0.179767 0.279731 0.0175874 0.0734948 32
1 0.204498 0.189561 0.0126156 0.0329635 33
0 0.29267 0.331133 0.0171179 0.0676069 34
0 0.524055 0.249717 0.0121797 0.064087 35
0 0.342637 0.405311 0.0172588 0.047457 36
0 0.0978164 0.159108 0.0142892 0.0518484 37
0 0.429714 0.140412 0.00938034 0.0424968 38
0 0.021821 0.122432 0.0115716 0.0385193 39
1 0.173291 0.483693 0.0316496 0.0861794 40
0 0.276472 0.137045 0.0111602 0.0420076 41
0 0.0892634 0.151026 0.010386 0.0476391 42
0 0.267133 0.0441221 0.00970493 0.0445786 43
1 0.108156 0.437281 0.0314677 0.0709562 44
0 0.279391 0.0411503 0.0090929 0.0457209 45
0 0.126163 0.0879066 0.0105163 0.0309399 46
0 0.218061 0.0535298 0.00957507 0.0369984 47
0 0.233764 0.0493256 0.00845167 0.0379071 48
0 0.42367 0.136753 0.0101593 0.0427243 49
0 0.281599 0.0346264 0.00966406 0.035631 50
0 0.569759 0.36248 0.0204918 0.0657355 51
0 0.346832 0.132526 0.00921992 0.0333556 52
