0 0.688777 0.672955 0.0276486 0.129208 1
0 0.290408 0.603391 0.0348785 0.128376 2
0 0.184054 0.671156 0.0643498 0.114925 3
0 0.327334 0.364617 0.0161876 0.0826455 4
0 0.569216 0.564939 0.0264247 0.113868 5
0 0.32015 0.940997 0.0318136 0.113608 6
0 0.735135 0.513156 0.025275 0.114532 7
0 0.632294 0.488513 0.0273749 0.107382 8
0 0.504256 0.471388 0.0240526 0.0956374 9
0 0.475921 0.558423 0.0256487 0.114386 10
0 0.0774979 0.395127 0.0237777 0.0928269 11
0 0.067158 0.173895 0.0137839 0.048859 12
0 0.0569834 0.230697 0.0157419 0.0588057 13
0 0.234309 0.570848 0.0282298 0.127533 14
0 0.208515 0.200045 0.0131604 0.0541692 15
0 0.474681 0.468204 0.0200946 0.0982688 16
0 0.529186 0.37599 0.0194424 0.0681216 17
0 0.0380612 0.343892 0.0237253 0.0761363 18
0 0.151336 0.586348 0.0447751 0.0817839 19
0 0.0495371 0.41134 0.0245913 0.076515 20
0 0.211864 0.768407 0.0449139 0.11738 21
0 0.206652 0.567665 0.025258 0.11555 22
0 0.202979 0.386221 0.021459 0.067914 23
0 0.506115 0.378356 0.0193569 0.0629861 24
0 0.418466 0.270612 0.0141459 0.0642416 25
0 0.0929459 0.478826 0.0236844 0.0781382 26
0 0.0118972 0.574889 0.0233244 0.0588628 27
0 0.141766 0.486408 0.0270934 0.0588811 28
0 0.640417 0.31219 0.0139861 0.0606208 29
0 0.154547 0.178402 0.0122623 0.0423393 30
0 0.306499 0.463672 0.0203679 0.0511193 31
0 0.77177 0.288341 0.0130184 0.0422825 32
1 0.212115 0.768591 0.0468025 0.112929 33
0 0.00822497 0.245609 0.0161658 0.0371008 34
0 0.292277 0.144692 0.0105482 0.0446145 35
0 0.523808 0.380753 0.0186172 0.0626353 36
0 0.154773 0.151698 0.0127045 0.0478076 37
0 0.279486 0.892479 0.0360921 0.164889 38
0 0.0559515 0.569961 0.0407954 0.0736105 39
0 0.258321 0.164635 0.0103754 0.0427547 40
0 0.0433567 0.367725 0.0301453 0.10537 41
0 0.250858 0.426824 0.0238306 0.0540219 42
1 0.188442 0.667129 0.0562107 0.114898 43
0 0.22608 0.162544 0.0106287 0.0445809 44
0 0.0760656 0.459568 0.018847 0.0764127 45
0 0.100482 0.45699 0.0335645 0.0938982 46
0 0.237264 0.540515 0.0227246 0.071543 47
0 0.273502 0.244714 0.0127374 0.0442087 48
0 0.179781 0.165668 0.0107806 0.039606 49
1 0.00759598 0.244125 0.0151648 0.0370526 50
0 0.237196 0.778991 0.049388 0.103733 51
