0 0.515917 0.544342 0.0421181 0.123799 1
0 0.244733 0.795323 0.035123 0.120796 2
0 0.283582 0.556118 0.0286729 0.125266 3
0 0.448019 0.473852 0.0252684 0.0887143 4
0 0.45857 0.561566 0.0298237 0.11721 5
0 0.214135 0.521206 0.024728 0.109172 6
0 0.480624 0.620571 0.0270014 0.1319 7
0 0.411686 0.476771 0.0285345 0.101032 8
0 0.239898 0.525914 0.0235291 0.11983 9
0 0.616654 0.501038 0.0292534 0.0974765 10
0 0.552011 0.477441 0.0287417 0.0994051 11
0 0.0215028 0.498863 0.0263248 0.0823658 12
0 0.359496 0.339203 0.0160383 0.0745077 13
0 0.136802 0.347149 0.0201683 0.0828015 14
0 0.200333 0.842796 0.0352929 0.166256 15
0 0.315887 0.184329 0.0116799 0.0441539 16
0 0.0272196 0.180089 0.0129204 0.0522027 17
0 0.560466 0.370338 0.0216232 0.0686722 18
0 0.0481711 0.162014 0.0105176 0.042149 19
0 0.107659 0.30841 0.0192163 0.0714613 20
0 0.216772 0.193992 0.0138216 0.0495128 21
0 0.163017 0.156042 0.0117631 0.0511673 22
0 0.536795 0.371554 0.0192009 0.0619531 23
0 0.331365 0.435832 0.0186692 0.0500816 24
0 0.178746 0.439847 0.0211663 0.0554787 25
0 0.341618 0.151022 0.00980625 0.0454671 26
0 0.115053 0.360339 0.0182085 0.0667355 27
0 0.110428 0.214786 0.0149016 0.0375458 28
0 0.37583 0.257923 0.0125423 0.0474646 29
0 0.335773 0.141799 0.0094874 0.0489821 30
0 0.70378 0.420876 0.0270161 0.053518 31
0 0.13849 0.421717 0.0219221 0.0735676 32
1 0.0839653 0.504087 0.0410998 0.0703401 33
0 0.354961 0.0344957 0.00993776 0.0413481 34
0 0.429461 0.33592 0.0189147 0.049869 35
0 0.0843032 0.0672562 0.00938538 0.0364112 36
1 0.413758 0.331053 0.0229273 0.0595374 37
0 0.172536 0.532524 0.0291376 0.0737396 38
0 0.0725245 0.138694 0.0108262 0.0431436 39
1 0.186191 0.602762 0.0497821 0.0974603 40
0 0.0735189 0.0951865 0.0100879 0.0323638 41
0 0.338572 0.147344 0.0111372 0.0486091 42
0 0.297958 0.413521 0.031922 0.0860911 43
0 0.0852319 0.506075 0.0401947 0.0734208 44
1 0.290979 0.40832 0.0198992 0.0747347 45
0 0.306484 0.430714 0.0224451 0.0655075 46
0 0.412984 0.331098 0.0198977 0.056187 47
