0 0.569161 0.512055 0.0308149 0.11099 1
0 0.339171 0.695507 0.0351293 0.146153 2
0 0.23247 0.67836 0.0381982 0.141121 3
0 0.060074 0.552968 0.0273659 0.0989126 4
0 0.504058 0.887408 0.0535454 0.174576 5
0 0.202615 0.817885 0.0524962 0.149955 6
0 0.317963 0.904138 0.0495306 0.127369 7
0 0.181225 0.692631 0.0399357 0.149296 8
0 0.366601 0.909028 0.0770968 0.139005 9
0 0.411581 0.520794 0.03196 0.131679 10
0 0.179687 0.419683 0.0214943 0.098774 11
0 0.0307154 0.449644 0.0224387 0.0739622 12
0 0.520511 0.519288 0.0249666 0.122048 13
0 0.470554 0.531494 0.0268322 0.116641 14
0 0.103382 0.749932 0.0498098 0.107327 15
0 0.548878 0.961471 0.0332693 0.077057 16
0 0.46224 0.455658 0.0265274 0.0895594 17
0 0.36771 0.388817 0.0210163 0.0645911 18
0 0.2133 0.429073 0.0212791 0.0809059 19
0 0.0979558 0.522412 0.0325764 0.0723171 20
0 0.446585 0.523443 0.0304232 0.102209 21
0 0.189061 0.306114 0.0183461 0.0661074 22
0 0.16159 0.398364 0.0196763 0.0699615 23
0 0.571965 0.232925 0.0106972 0.0365644 24
0 0.454926 0.492723 0.0446141 0.164824 25
0 0.382727 0.380254 0.0218571 0.0726701 26
0 0.199397 0.538538 0.0292908 0.0675276 27
0 0.177606 0.555597 0.030927 0.0695783 28
0 0.502417 0.947038 0.0550729 0.0921574 29
0 0.451784 0.298213 0.0124129 0.0520478 30
0 0.21256 0.392575 0.0289761 0.0619848 31
0 0.316003 0.276906 0.014124 0.0424907 32
