0 0.547719 0.677522 0.0302621 0.151722 1
0 0.328898 0.544277 0.0289542 0.117942 2
0 0.502439 0.570512 0.0245152 0.122466 3
0 0.438879 0.505056 0.0232815 0.102438 4
0 0.415158 0.47426 0.0249696 0.0959045 5
0 0.0895206 0.705288 0.0424157 0.129443 6
0 0.36381 0.171035 0.0118319 0.0470713 7
0 0.257259 0.489095 0.0318922 0.120233 8
0 0.405422 0.311123 0.0153055 0.0771671 9
0 0.00927405 0.270025 0.0185481 0.064867 10
0 0.557439 0.44617 0.0294325 0.10254 11
0 0.190353 0.292889 0.0172249 0.0680875 12
0 0.0536019 0.292133 0.0194654 0.0673769 13
0 0.142771 0.150745 0.0134191 0.0463335 14
0 0.235484 0.450665 0.0199688 0.104796 15
0 0.296373 0.303805 0.015777 0.0606868 16
0 0.0980788 0.199539 0.0140533 0.054592 17
0 0.124297 0.165377 0.0118931 0.0427533 18
0 0.114916 0.686821 0.0308524 0.149725 19
0 0.592492 0.357371 0.0223137 0.0705835 20
0 0.206135 0.259495 0.0158205 0.0605578 21
0 0.0057779 0.353789 0.0114756 0.0689228 22
0 0.0753213 0.410496 0.0243269 0.0719511 23
0 0.320196 0.133923 0.0106675 0.0509183 24
0 0.103805 0.199011 0.0142445 0.0547898 25
1 0.327096 0.373268 0.0278077 0.0842697 26
0 0.213669 0.0729915 0.00911913 0.0284453 27
0 0.217148 0.451935 0.0234639 0.102682 28
0 0.209147 0.310485 0.0175862 0.0610325 29
0 0.126157 0.422695 0.0293401 0.0683605 30
0 0.0535024 0.09796 0.00988254 0.038902 31
0 0.208651 0.129782 0.00877328 0.039014 32
0 0.182985 0.146111 0.0117009 0.0447516 33
0 0.46332 0.131242 0.0116572 0.0509903 34
0 0.265817 0.0506521 0.0084776 0.0368604 35
0 0.472598 0.478207 0.0196493 0.101147 36
0 0.568235 0.362312 0.0198696 0.0689677 37
0 0.326886 0.0295215 0.00912162 0.031531 38
0 0.067546 0.0213071 0.0095905 0.0303994 39
0 0.214662 0.365829 0.0246754 0.0824661 40
0 0.327384 0.374945 0.0280187 0.0852351 41
0 0.184432 0.463481 0.0243085 0.0783544 42
0 0.418272 0.137638 0.0130536 0.0446095 43
1 0.354968 0.392845 0.0208938 0.0454552 44
1 0.179885 0.50937 0.0315806 0.0795706 45
1 0.160741 0.590173 0.0388302 0.0911146 46
0 0.281752 0.0478845 0.0087263 0.0387196 47
1 0.568384 0.359707 0.0214516 0.0664052 48
0 0.469616 0.141699 0.0111466 0.0490262 49
0 0.450954 0.307357 0.0167336 0.0576798 50
0 0.485055 0.139715 0.0100766 0.0489382 51
