0 0.454993 0.560935 0.0284621 0.117467 1
0 0.214814 0.519479 0.0259621 0.109733 2
0 0.6051 0.489947 0.0241301 0.096319 3
0 0.28301 0.553117 0.0284162 0.127537 4
0 0.237977 0.790629 0.0302767 0.11937 5
0 0.547608 0.474885 0.0280851 0.0951491 6
0 0.502528 0.53927 0.0458706 0.133616 7
0 0.0226041 0.496526 0.0262478 0.0831213 8
0 0.485103 0.619431 0.0319893 0.137108 9
0 0.240626 0.522828 0.0220543 0.117241 10
0 0.44282 0.471781 0.0234156 0.0950312 11
0 0.0534214 0.158676 0.0116146 0.0442511 12
0 0.166893 0.155858 0.011419 0.0497823 13
0 0.561583 0.368883 0.0217309 0.0688251 14
0 0.362461 0.338807 0.0167274 0.0793761 15
0 0.140396 0.346638 0.0214763 0.0810919 16
0 0.224697 0.195944 0.0155861 0.0521489 17
0 0.400032 0.439483 0.0228524 0.0831918 18
0 0.0327398 0.178286 0.0139203 0.053139 19
0 0.322634 0.182485 0.0104824 0.0503983 20
0 0.116556 0.359127 0.0192791 0.0620321 21
0 0.0790694 0.0966167 0.0103587 0.030656 22
0 0.179858 0.438142 0.0222779 0.0555049 23
0 0.112692 0.306381 0.0181937 0.0684965 24
1 0.419424 0.328993 0.027615 0.0606316 25
0 0.540094 0.373806 0.0191011 0.0637223 26
0 0.114304 0.215006 0.0157348 0.0353538 27
0 0.196857 0.833478 0.0381302 0.18094 28
0 0.0882966 0.50778 0.0366303 0.0667276 29
0 0.332192 0.434993 0.018051 0.0501661 30
0 0.34317 0.14558 0.0109138 0.0527674 31
0 0.478432 0.252138 0.0168018 0.0526483 32
0 0.172433 0.529403 0.0284276 0.0704176 33
0 0.10773 0.059553 0.0104908 0.0405146 34
1 0.42805 0.331839 0.022069 0.058517 35
0 0.838703 0.306703 0.020507 0.0588486 36
0 0.378766 0.259553 0.0108348 0.047729 37
0 0.091159 0.0651964 0.0116563 0.0368572 38
0 0.0842757 0.145797 0.0111829 0.0485929 39
1 0.289448 0.398844 0.022862 0.0603805 40
