0 0.490293 0.624887 0.029947 0.131811 1
0 0.234491 0.497018 0.0242453 0.112591 2
0 0.51881 0.446655 0.022599 0.116966 3
0 0.271318 0.531122 0.0260811 0.121848 4
0 0.473249 0.481193 0.0232371 0.103316 5
0 0.0393776 0.464763 0.0261155 0.0828012 6
0 0.114849 0.147976 0.0107916 0.0427825 7
0 0.210523 0.498101 0.0262505 0.107896 8
0 0.34219 0.475275 0.0252892 0.108387 9
0 0.375501 0.329417 0.0160399 0.0790934 10
0 0.571052 0.366318 0.0231622 0.0707506 11
0 0.288178 0.186572 0.0119823 0.0527633 12
0 0.147345 0.787952 0.0498329 0.146676 13
0 0.441047 0.513518 0.0316634 0.162829 14
0 0.217152 0.143128 0.0111519 0.0509863 15
0 0.0529704 0.183739 0.0149512 0.0612223 16
0 0.43168 0.454727 0.0201672 0.0991032 17
0 0.0897173 0.167619 0.0115637 0.046167 18
0 0.163566 0.331303 0.0213146 0.0785569 19
0 0.00612684 0.215056 0.0122537 0.0534709 20
0 0.547862 0.369562 0.0180948 0.0611832 21
0 0.0633981 0.0946572 0.0108963 0.0292748 22
0 0.142816 0.318982 0.0216992 0.089273 23
0 0.346161 0.149456 0.0111519 0.0412253 24
1 0.176382 0.523613 0.04078 0.111922 25
1 0.161388 0.392875 0.0229759 0.069914 26
0 0.139812 0.0836866 0.00894031 0.034089 27
0 0.379251 0.132606 0.0078778 0.0455712 28
0 0.210278 0.0617509 0.00848207 0.0356752 29
0 0.303192 0.141756 0.0102971 0.0363565 30
0 0.158564 0.0605083 0.00875802 0.0346922 31
1 0.42863 0.325851 0.0194374 0.0554172 32
0 0.227628 0.0848039 0.00768973 0.0293525 33
0 0.402249 0.147578 0.0102457 0.0472038 34
0 0.447316 0.327538 0.0173678 0.0521042 35
0 0.174524 0.51622 0.0278775 0.0958142 36
0 0.388877 0.138836 0.0100978 0.0496202 37
0 0.429093 0.325139 0.0202266 0.0545624 38
1 0.173199 0.64828 0.0306633 0.0932105 39
0 0.182338 0.0639533 0.00832739 0.0355556 40
0 0.306617 0.394183 0.0271513 0.081436 41
0 0.504086 0.244503 0.0133181 0.0500372 42
0 0.221728 0.0415081 0.00737551 0.0370832 43
1 0.162342 0.203797 0.0150364 0.0354257 44
