0 0.497487 0.56914 0.0298308 0.12189 1
0 0.328758 0.538603 0.0225097 0.108977 2
0 0.547537 0.673261 0.0331004 0.161229 3
0 0.438687 0.50248 0.0205342 0.0958865 4
0 0.0895362 0.710489 0.0439973 0.128814 5
0 0.357518 0.172477 0.0123421 0.0455326 6
0 0.550537 0.446791 0.0261879 0.106263 7
0 0.134045 0.150465 0.0148572 0.0497842 8
0 0.414653 0.477291 0.0249947 0.103793 9
0 0.258296 0.492146 0.0260901 0.119112 10
0 0.232468 0.456107 0.024445 0.107032 11
0 0.40188 0.313248 0.015794 0.0780309 12
0 0.0442437 0.299427 0.020081 0.0698405 13
0 0.112893 0.690436 0.0350407 0.151234 14
0 0.116338 0.16912 0.0119903 0.044404 15
0 0.589871 0.357056 0.0210832 0.0727707 16
0 0.128109 0.149843 0.010757 0.0492094 17
0 0.206683 0.07411 0.00765533 0.0276815 18
0 0.0898113 0.205789 0.0128293 0.0484857 19
0 0.377065 0.137534 0.0100184 0.0386341 20
0 0.325484 0.376378 0.0241298 0.0866401 21
0 0.543208 0.24658 0.0155632 0.0665584 22
0 0.456087 0.138175 0.0107059 0.0476077 23
0 0.468797 0.475384 0.0196863 0.102415 24
0 0.292336 0.306178 0.0172983 0.0638022 25
0 0.563681 0.363841 0.0212135 0.0737389 26
0 0.257656 0.0520037 0.00736393 0.0334854 27
0 0.176408 0.143067 0.0101212 0.0363245 28
0 0.214434 0.454865 0.0230071 0.103032 29
1 0.17928 0.469768 0.0313783 0.0833813 30
0 0.0714133 0.413335 0.0259028 0.072749 31
0 0.183242 0.295267 0.0191159 0.0680748 32
0 0.313507 0.134998 0.0107184 0.0451102 33
0 0.180974 0.46731 0.028629 0.079179 34
0 0.21127 0.37854 0.0218447 0.0609429 35
0 0.320441 0.0292416 0.00812546 0.0290809 36
0 0.448669 0.31063 0.0216095 0.0585487 37
0 0.0572374 0.0217602 0.00872105 0.0304723 38
0 0.201607 0.124598 0.00986814 0.0463859 39
0 0.200468 0.258759 0.0145245 0.0535297 40
0 0.429492 0.135123 0.0100634 0.0461398 41
1 0.160832 0.593223 0.0384493 0.0886953 42
0 0.351867 0.3945 0.0189386 0.0449293 43
0 0.477713 0.137098 0.00980636 0.0474233 44
0 0.120548 0.426713 0.032997 0.0682977 45
0 0.166798 0.0864837 0.00925936 0.0338309 46
0 0.866035 0.314591 0.0125847 0.0469315 47
0 0.40974 0.138034 0.010849 0.0425956 48
0 0.558783 0.44051 0.0263527 0.111968 49
0 0.304864 0.030477 0.00974017 0.0293023 50
0 0.282564 0.0563439 0.00743523 0.0305333 51
0 0.271886 0.0491002 0.00719529 0.0360597 52
1 0.119393 0.418145 0.0308094 0.0553134 53
