0 0.499233 0.438986 0.0281061 0.109204 1
0 0.36309 0.793123 0.0594704 0.212664 2
0 0.455468 0.936681 0.049403 0.120253 3
0 0.463948 0.573009 0.0302633 0.114222 4
0 0.0841238 0.925382 0.0454952 0.143322 5
0 0.41902 0.62266 0.0406074 0.133902 6
0 0.232352 0.638018 0.035112 0.133592 7
0 0.0860459 0.516935 0.0247228 0.0890437 8
0 0.401801 0.510048 0.0270575 0.122882 9
0 0.183848 0.652902 0.0403807 0.135696 10
0 0.381378 0.502989 0.0293179 0.12394 11
0 0.0205566 0.592785 0.040606 0.0750001 12
0 0.30129 0.86107 0.0608645 0.142537 13
0 0.547786 0.570973 0.0485666 0.15854 14
0 0.229483 0.286322 0.0131592 0.0641137 15
0 0.304746 0.644732 0.0436848 0.150725 16
0 0.481223 0.299155 0.0152979 0.0711739 17
0 0.0861507 0.473172 0.0250096 0.110331 18
0 0.542656 0.541673 0.0345887 0.113078 19
0 0.203818 0.397366 0.0194085 0.0959959 20
0 0.124126 0.492891 0.0325825 0.068631 21
0 0.244657 0.442127 0.0165512 0.0593014 22
0 0.189937 0.368637 0.0188271 0.0661672 23
0 0.503773 0.942516 0.0328455 0.113856 24
0 0.558808 0.378428 0.0203231 0.0509586 25
0 0.212056 0.322431 0.0154569 0.0525559 26
0 0.248198 0.374694 0.0186509 0.0634252 27
0 0.590388 0.241905 0.0117613 0.0449716 28
0 0.188963 0.707712 0.0587288 0.248923 29
0 0.235055 0.371184 0.0198172 0.0581963 30
0 0.113952 0.700183 0.0487447 0.0957398 31
0 0.122944 0.225657 0.011204 0.0514514 32
