0 0.347929 0.576449 0.0256582 0.122594 1
0 0.12046 0.26958 0.0175822 0.0734492 2
0 0.558033 0.447594 0.0253853 0.101353 3
0 0.482432 0.481183 0.0289844 0.103164 4
0 0.439023 0.493998 0.0221571 0.101946 5
0 0.265663 0.474323 0.0284648 0.11491 6
0 0.0236555 0.281303 0.0215269 0.0718244 7
0 0.0887895 0.665588 0.0412695 0.133826 8
0 0.108226 0.652484 0.0318012 0.140312 9
0 0.0706391 0.249361 0.0159635 0.0593954 10
0 0.189625 0.141457 0.0124016 0.0467688 11
0 0.426765 0.30559 0.0159784 0.0772036 12
0 0.526296 0.586562 0.0290659 0.121877 13
0 0.411967 0.469363 0.0230873 0.0992625 14
0 0.237605 0.248283 0.0150547 0.0633276 15
0 0.401123 0.168912 0.0116109 0.045988 16
0 0.0667843 0.303798 0.0183475 0.0687397 17
0 0.356703 0.119245 0.00999918 0.0422775 18
0 0.584548 0.360637 0.020195 0.0668994 19
0 0.101626 0.392101 0.023367 0.0736478 20
0 0.222947 0.283166 0.0212458 0.0760908 21
0 0.614339 0.3644 0.0196196 0.0794896 22
0 0.314231 0.279194 0.0169919 0.0642285 23
0 0.612713 0.437998 0.0203875 0.0954853 24
0 0.0382703 0.14961 0.0129785 0.0477217 25
0 0.170461 0.15562 0.0118252 0.0394131 26
0 0.607004 0.362457 0.0165814 0.0739463 27
0 0.091764 0.0984285 0.00990641 0.030693 28
0 0.0169641 0.166278 0.0126248 0.038112 29
0 0.234855 0.0771933 0.0085929 0.0314116 30
0 0.333411 0.0441023 0.00913252 0.0412592 31
0 0.228003 0.135209 0.0104655 0.0387516 32
0 0.236316 0.361803 0.0248123 0.0831058 33
0 0.530798 0.665973 0.0334187 0.14746 34
0 0.146748 0.181068 0.0162551 0.0463214 35
0 0.255471 0.120066 0.0101228 0.0505741 36
0 0.345738 0.363515 0.0259728 0.084848 37
0 0.382291 0.0287369 0.00898897 0.0314619 38
0 0.132792 0.193376 0.0139043 0.0550345 39
0 0.201995 0.448349 0.0242286 0.0722048 40
0 0.227227 0.423565 0.0256978 0.122811 41
0 0.191317 0.489192 0.0274819 0.074959 42
0 0.317932 0.0473066 0.00994959 0.0367656 43
0 0.146701 0.403308 0.0290089 0.0693487 44
1 0.346218 0.36158 0.0254092 0.081507 45
0 0.343541 0.0448958 0.00799742 0.0423332 46
0 0.528366 0.629442 0.0304211 0.0991806 47
1 0.497043 0.315061 0.022813 0.0436332 48
0 0.069469 0.28125 0.0167035 0.0723153 49
0 0.574529 0.245815 0.0139126 0.0707416 50
0 0.501269 0.140472 0.0104498 0.0386944 51
0 0.258376 0.0692936 0.0082409 0.0313925 52
0 0.228909 0.291735 0.0197363 0.0812191 53
0 0.00788123 0.170526 0.0130929 0.0363467 54
0 0.330739 0.0233498 0.00966186 0.0352424 55
0 0.36673 0.0443026 0.00914038 0.0428087 56
