0 0.526144 0.507677 0.0251923 0.102978 1
0 0.652215 0.569821 0.0289347 0.118462 2
0 0.32402 0.611624 0.0299047 0.130788 3
0 0.416549 0.916156 0.0513239 0.166741 4
0 0.196365 0.863421 0.0484937 0.197882 5
0 0.254985 0.594721 0.0394178 0.132667 6
0 0.292398 0.809293 0.0508001 0.132692 7
0 0.148601 0.636118 0.047694 0.0888129 8
0 0.569869 0.518476 0.0278373 0.109929 9
0 0.0867019 0.264314 0.01628 0.0540726 10
0 0.451574 0.483304 0.02299 0.114086 11
2 0.0233279 0.632149 0.0466558 0.100613 12
0 0.21392 0.59741 0.0330756 0.12801 13
0 0.40189 0.494356 0.0405208 0.11916 14
0 0.272979 0.360799 0.0206337 0.10132 15
0 0.330687 0.810267 0.0665493 0.116418 16
0 0.0734012 0.164316 0.0126479 0.0598175 17
0 0.495085 0.448713 0.0304024 0.130099 18
0 0.152424 0.471009 0.0184878 0.0904831 19
0 0.0500703 0.165776 0.0139394 0.067146 20
0 0.553583 0.285349 0.013819 0.0554751 21
0 0.0785711 0.529528 0.0477492 0.0711713 22
0 0.0226714 0.187601 0.0143278 0.0432791 23
0 0.618225 0.378121 0.0235136 0.0502451 24
0 0.0132496 0.501328 0.0264993 0.0975572 25
0 0.451071 0.922756 0.0356155 0.147896 26
0 0.249121 0.482735 0.0342376 0.0688924 27
0 0.043083 0.114097 0.0110751 0.0563835 28
0 0.312384 0.350622 0.0262512 0.0623708 29
1 0.19249 0.451721 0.0243035 0.064074 30
0 0.250568 0.301745 0.013675 0.0507838 31
1 0.0343325 0.555776 0.0311536 0.0636903 32
