0 0.270191 0.52517 0.0259047 0.123403 1
0 0.517912 0.446621 0.0250254 0.117708 2
0 0.494707 0.631537 0.0360565 0.132811 3
0 0.377667 0.326873 0.0179626 0.0795012 4
0 0.340084 0.486738 0.0278246 0.109916 5
0 0.23248 0.495082 0.0222622 0.11491 6
0 0.574158 0.36445 0.022694 0.0697028 7
0 0.12641 0.145684 0.0112759 0.0416012 8
0 0.168266 0.326484 0.022541 0.081861 9
0 0.21167 0.492376 0.0278013 0.109629 10
0 0.230001 0.142326 0.0117603 0.0501719 11
0 0.29923 0.188217 0.0118949 0.0496442 12
0 0.508346 0.246371 0.0128032 0.0534587 13
0 0.0177336 0.213586 0.0149433 0.0389684 14
0 0.437135 0.471866 0.0293535 0.13776 15
0 0.312165 0.398589 0.0263391 0.0921107 16
0 0.474222 0.484802 0.0181819 0.10655 17
0 0.07663 0.0928275 0.00943882 0.0287851 18
0 0.39352 0.140998 0.0109607 0.0539332 19
0 0.147771 0.0837633 0.00935232 0.0320407 20
0 0.0442585 0.456963 0.0283427 0.0796555 21
0 0.0625822 0.177423 0.0131042 0.0641906 22
1 0.178164 0.552051 0.0407435 0.0991364 23
0 0.101919 0.164016 0.011453 0.0466679 24
0 0.451272 0.543966 0.0291773 0.12088 25
0 0.344489 0.100189 0.00840746 0.0442863 26
0 0.550087 0.367398 0.0205962 0.0604257 27
0 0.354059 0.147756 0.0119247 0.0432017 28
0 0.0056448 0.143992 0.0112896 0.0425894 29
0 0.449232 0.325855 0.018335 0.0532943 30
0 0.439806 0.325732 0.0290999 0.0563081 31
0 0.160854 0.3939 0.0201495 0.0836175 32
0 0.408643 0.14069 0.0111401 0.0541805 33
1 0.161202 0.394554 0.0223538 0.0854946 34
0 0.145702 0.32153 0.0210987 0.0801319 35
0 0.1433 0.121932 0.0122561 0.0384554 36
0 0.416286 0.145167 0.0124105 0.0521286 37
0 0.223527 0.0556975 0.0100235 0.0409341 38
0 0.234336 0.0454115 0.00765962 0.0458887 39
