0 0.531108 0.659771 0.0349182 0.145891 1
0 0.475514 0.559244 0.0281555 0.118422 2
0 0.533568 0.438083 0.0277947 0.113409 3
0 0.340942 0.515204 0.0250527 0.113652 4
0 0.436621 0.487937 0.0300015 0.104679 5
0 0.390157 0.316586 0.0162573 0.0767974 6
0 0.168074 0.305124 0.0209375 0.0760782 7
0 0.456391 0.478914 0.0288817 0.111247 8
0 0.00847945 0.329757 0.0169589 0.0756771 9
0 0.26273 0.503535 0.0272525 0.124594 10
0 0.0515105 0.219926 0.0162765 0.0580702 11
0 0.580773 0.358345 0.0216149 0.0741006 12
0 0.228313 0.470248 0.0208564 0.106718 13
0 0.208982 0.471722 0.023573 0.101808 14
0 0.0575527 0.428968 0.0245618 0.0754057 15
0 0.102142 0.737779 0.0439607 0.130907 16
0 0.187172 0.310146 0.0203161 0.0725074 17
0 0.336853 0.17823 0.0139763 0.0457343 18
0 0.0902981 0.166433 0.0124717 0.0517327 19
0 0.0646914 0.205528 0.0138027 0.0469776 20
0 0.165891 0.134496 0.0108606 0.0497517 21
0 0.144142 0.15215 0.0113335 0.0453045 22
0 0.10451 0.162463 0.0108113 0.0404624 23
0 0.430256 0.457126 0.0291875 0.0869094 24
0 0.431201 0.139255 0.0109955 0.0469043 25
0 0.27906 0.136551 0.0105247 0.0412883 26
0 0.180255 0.0776028 0.00984439 0.0305628 27
1 0.163997 0.605305 0.0433515 0.0947871 28
0 0.092597 0.150699 0.00951848 0.0466383 29
0 0.221238 0.0538094 0.00874429 0.0364092 30
0 0.130094 0.0899114 0.00952592 0.0329558 31
0 0.556691 0.3635 0.0211563 0.063789 32
0 0.174539 0.479096 0.0285329 0.0800257 33
0 0.179989 0.265406 0.0164773 0.0595313 34
0 0.283319 0.0303828 0.00854799 0.0343255 35
1 0.0863103 0.439733 0.0227776 0.0514743 36
0 0.122376 0.723544 0.0350712 0.152371 37
1 0.108305 0.432171 0.0305636 0.0657663 38
1 0.206569 0.19019 0.0124383 0.0328086 39
0 0.349216 0.131903 0.0111914 0.0380105 40
1 0.173575 0.480301 0.0318932 0.0832568 41
0 0.0280031 0.131048 0.010653 0.0486553 42
0 0.132567 0.0999233 0.010541 0.0438329 43
0 0.293024 0.329634 0.017136 0.0705813 44
0 0.108339 0.432365 0.0330548 0.0674615 45
0 0.206224 0.407417 0.0213292 0.083615 46
0 0.573115 0.360961 0.0247595 0.0686578 47
