0 0.328396 0.550707 0.0303032 0.125242 1
0 0.547372 0.677934 0.0313528 0.152641 2
0 0.504569 0.570562 0.0247611 0.122369 3
0 0.414455 0.476381 0.0268834 0.100031 4
0 0.439294 0.509132 0.0243191 0.10955 5
0 0.0575392 0.291657 0.0208295 0.0704968 6
0 0.365574 0.172777 0.0123491 0.0487163 7
0 0.40692 0.309944 0.0159565 0.0743327 8
0 0.0913311 0.701513 0.0454325 0.132287 9
0 0.257569 0.489214 0.0313026 0.119711 10
0 0.556506 0.447484 0.0288979 0.102987 11
0 0.190889 0.291969 0.0178886 0.0655628 12
0 0.146671 0.150606 0.0114131 0.0462637 13
0 0.210696 0.307494 0.0172912 0.0619567 14
0 0.0128876 0.271293 0.0207319 0.0626962 15
0 0.297123 0.302711 0.0151183 0.0599564 16
0 0.215241 0.0720057 0.0097176 0.0312127 17
0 0.114591 0.686172 0.0308324 0.147412 18
0 0.235453 0.447937 0.0206173 0.104354 19
0 0.593342 0.356366 0.0228611 0.0716075 20
0 0.327916 0.372862 0.0295193 0.0851157 21
0 0.0764683 0.411581 0.0240195 0.0771798 22
0 0.207596 0.259846 0.0152649 0.0586979 23
0 0.322377 0.129091 0.0109399 0.0518589 24
0 0.464361 0.143038 0.0107242 0.044932 25
0 0.568637 0.363395 0.019914 0.0712857 26
0 0.126467 0.166957 0.0124067 0.0433303 27
0 0.47359 0.476288 0.0210267 0.103324 28
0 0.211881 0.125527 0.0105996 0.0351227 29
0 0.00686877 0.339694 0.0137375 0.0468051 30
0 0.21733 0.450671 0.0240878 0.103781 31
0 0.283781 0.0471603 0.00866595 0.0391817 32
0 0.355264 0.391674 0.0182121 0.0457974 33
0 0.214916 0.364777 0.0249978 0.0817922 34
0 0.332225 0.0312166 0.00931817 0.0322938 35
1 0.355563 0.392345 0.0209348 0.0461726 36
0 0.126754 0.422712 0.0302257 0.0610716 37
0 0.103394 0.201769 0.0143602 0.052711 38
0 0.186085 0.460137 0.0234468 0.0730162 39
0 0.0551769 0.099099 0.0100712 0.0371425 40
0 0.26853 0.04988 0.00903168 0.0347734 41
0 0.549144 0.245202 0.01236 0.0611526 42
0 0.00598206 0.356921 0.0119641 0.0585251 43
1 0.179916 0.507834 0.0318363 0.0795608 44
1 0.161587 0.583173 0.0395402 0.0986711 45
0 0.452114 0.294722 0.0137386 0.0687919 46
0 0.476366 0.152149 0.0102854 0.0440586 47
0 0.178777 0.0821893 0.00926075 0.0272206 48
0 0.316125 0.0386765 0.0099451 0.0456135 49
1 0.242534 0.185152 0.0133995 0.0342149 50
0 0.386076 0.137345 0.0113232 0.042315 51
0 0.106638 0.192073 0.0153457 0.04132 52
0 0.0713243 0.0213229 0.00918082 0.0309799 53
