0 0.462993 0.572875 0.0289452 0.113648 1
0 0.418316 0.621633 0.0413731 0.135178 2
0 0.0857474 0.519513 0.0249216 0.0900296 3
0 0.228823 0.641087 0.040998 0.138355 4
0 0.365342 0.791725 0.0549252 0.202632 5
0 0.456206 0.936872 0.0497157 0.120075 6
0 0.183153 0.654273 0.0410159 0.135938 7
0 0.499688 0.438361 0.029184 0.10318 8
0 0.548078 0.57014 0.0501473 0.162642 9
0 0.402314 0.511997 0.0267198 0.124705 10
0 0.305524 0.864354 0.0634197 0.143806 11
0 0.0808534 0.930785 0.0480699 0.136161 12
0 0.381914 0.504273 0.0335922 0.129395 13
0 0.0202414 0.594455 0.0404829 0.0747628 14
0 0.303709 0.647258 0.0388199 0.151404 15
0 0.083933 0.462815 0.0226748 0.0896015 16
0 0.54148 0.539846 0.0335739 0.110254 17
0 0.20257 0.397089 0.0194304 0.096303 18
0 0.480194 0.295196 0.0148621 0.0637291 19
0 0.557583 0.379238 0.0195372 0.051209 20
0 0.189518 0.373922 0.0213896 0.0731455 21
0 0.246327 0.4403 0.0180152 0.0565309 22
0 0.122577 0.49476 0.0319461 0.0689789 23
0 0.417901 0.328689 0.0158507 0.0513174 24
0 0.228351 0.286656 0.0124218 0.0619868 25
0 0.411715 0.369551 0.020286 0.0657824 26
0 0.504919 0.942191 0.0322101 0.112554 27
0 0.242832 0.3749 0.0209653 0.062866 28
0 0.589465 0.239989 0.0103933 0.0379776 29
