0 0.435171 0.509921 0.031345 0.116382 1
0 0.489313 0.506043 0.0252585 0.111135 2
0 0.095311 0.563806 0.0290589 0.0967603 3
0 0.278268 0.695053 0.0379854 0.141121 4
0 0.377917 0.931202 0.0471756 0.128934 5
0 0.546497 0.530699 0.0252631 0.1116 6
0 0.024505 0.425251 0.0207211 0.0732488 7
0 0.598003 0.540366 0.034906 0.0833791 8
0 0.201769 0.425619 0.0221094 0.101533 9
0 0.622468 0.435772 0.0304003 0.0952304 10
0 0.228064 0.713665 0.0383016 0.148395 11
0 0.252473 0.839668 0.0518728 0.145533 12
0 0.0226225 0.656754 0.0446688 0.0796701 13
0 0.43075 0.926025 0.0636453 0.11985 14
0 0.520775 0.537001 0.0316762 0.109937 15
0 0.153932 0.767192 0.0522857 0.103403 16
0 0.375529 0.706611 0.0446857 0.159682 17
0 0.578625 0.463985 0.0225443 0.103849 18
0 0.286504 0.343637 0.0151339 0.0524969 19
0 0.128996 0.531472 0.0306606 0.067873 20
0 0.589533 0.244562 0.0123363 0.0426556 21
0 0.559954 0.393483 0.0189606 0.0492075 22
0 0.261882 0.283446 0.0157396 0.0573679 23
0 0.234554 0.54903 0.0252834 0.0670928 24
0 0.390553 0.397066 0.0181043 0.0653276 25
0 0.571723 0.969011 0.0431864 0.0618087 26
0 0.204572 0.298346 0.0134121 0.0514352 27
0 0.409027 0.392373 0.0188684 0.0682997 28
1 0.240152 0.402139 0.0183592 0.0517975 29
0 0.0780212 0.244399 0.0148108 0.0573083 30
