0 0.341834 0.5679 0.0285358 0.124407 1
0 0.0369064 0.323358 0.0211549 0.0771089 2
0 0.485769 0.482297 0.0260676 0.100491 3
0 0.0906298 0.688083 0.0479164 0.130235 4
0 0.0903529 0.278712 0.0174132 0.0678406 5
0 0.206798 0.286653 0.0163227 0.0683535 6
0 0.560952 0.450544 0.0251856 0.104826 7
0 0.412805 0.473492 0.022612 0.10299 8
0 0.264528 0.481144 0.0300042 0.116461 9
0 0.418616 0.307821 0.0155348 0.0766764 10
0 0.440857 0.49586 0.0215937 0.102871 11
0 0.170273 0.143798 0.0128853 0.0493454 12
0 0.521072 0.5779 0.0279652 0.121581 13
0 0.112902 0.667532 0.0284782 0.139177 14
0 0.60349 0.360855 0.021047 0.0755686 15
0 0.593634 0.434321 0.0204153 0.0841865 16
0 0.388291 0.172261 0.0123366 0.0521056 17
0 0.0488201 0.260412 0.0155158 0.0620929 18
0 0.534375 0.673269 0.0369334 0.154971 19
0 0.343171 0.119575 0.009906 0.0480907 20
0 0.225411 0.442923 0.0255709 0.103344 21
0 0.0924685 0.400358 0.0250312 0.0746495 22
0 0.295913 0.0486252 0.00815373 0.033026 23
0 0.564375 0.249019 0.0138851 0.0674511 24
0 0.225342 0.299253 0.0195983 0.0695428 25
0 0.238338 0.121736 0.0108922 0.0420092 26
0 0.00491656 0.308389 0.00983311 0.0584119 27
0 0.224064 0.247619 0.0134301 0.0517705 28
0 0.132605 0.189927 0.0137116 0.0439583 29
0 0.358315 0.0245135 0.00901127 0.0292525 30
0 0.408778 0.135812 0.0114567 0.0451646 31
0 0.150775 0.161417 0.0129568 0.0428338 32
0 0.0141005 0.157201 0.0138171 0.0487476 33
0 0.482108 0.133422 0.00934097 0.0463396 34
0 0.124286 0.193895 0.0129942 0.0486891 35
0 0.139837 0.410675 0.0292019 0.0654409 36
0 0.195077 0.44819 0.0266875 0.0714215 37
0 0.308606 0.289727 0.0147726 0.0513694 38
0 0.580611 0.360504 0.0179056 0.0671405 39
0 0.242452 0.117086 0.0100594 0.0530932 40
1 0.339119 0.363274 0.0256432 0.0742431 41
0 0.541447 0.0936604 0.00951653 0.0406779 42
0 0.365734 0.387727 0.0173316 0.0467251 43
0 0.339665 0.372032 0.0252674 0.0831055 44
0 0.557187 0.0993522 0.00878793 0.041636 45
0 0.164914 0.579218 0.0433852 0.098763 46
0 0.44585 0.135753 0.0131924 0.045424 47
0 0.885443 0.331322 0.0178511 0.0635692 48
0 0.0129167 0.143655 0.013069 0.0497915 49
0 0.228783 0.370377 0.0270598 0.0774512 50
0 0.229442 0.405756 0.0313898 0.112467 51
0 0.52891 0.62011 0.0330265 0.0552806 52
0 0.238727 0.0694752 0.00990561 0.0282741 53
1 0.165322 0.57404 0.0390382 0.0995965 54
