0 0.52981 0.659195 0.0312482 0.144831 1
0 0.475639 0.557958 0.0275434 0.118082 2
0 0.531762 0.43795 0.0290174 0.115752 3
0 0.436596 0.491786 0.0294565 0.0920308 4
0 0.209969 0.47262 0.0242102 0.102036 5
0 0.00777576 0.330119 0.0155515 0.0739418 6
0 0.389631 0.31738 0.0155922 0.0782428 7
0 0.339669 0.513568 0.0222084 0.110032 8
0 0.229815 0.471023 0.0191781 0.105585 9
0 0.456155 0.477742 0.0263232 0.106668 10
0 0.5806 0.358635 0.0214329 0.0732213 11
0 0.164449 0.139131 0.0100549 0.0429653 12
0 0.118553 0.72586 0.0431983 0.150952 13
0 0.26401 0.504249 0.0244451 0.121485 14
0 0.102224 0.740386 0.0423618 0.132317 15
0 0.142271 0.15235 0.0109378 0.0443487 16
0 0.0571338 0.429847 0.0257797 0.0763914 17
0 0.336383 0.177634 0.0137115 0.0439646 18
0 0.431084 0.467854 0.0296089 0.110936 19
0 0.0630823 0.205742 0.0126354 0.0458892 20
0 0.167244 0.305225 0.0205012 0.0753823 21
0 0.109305 0.440922 0.0314793 0.0712207 22
0 0.103291 0.163769 0.0116264 0.0413157 23
0 0.17608 0.481242 0.0251637 0.0826281 24
0 0.048217 0.211129 0.0128534 0.0426754 25
0 0.431514 0.142863 0.00968456 0.0409266 26
0 0.0512756 0.224254 0.0124024 0.0518379 27
0 0.185168 0.310071 0.0197707 0.0701076 28
1 0.164256 0.605344 0.0375138 0.0924544 29
0 0.178606 0.0781024 0.00960619 0.0316249 30
0 0.178832 0.264562 0.01555 0.0576549 31
0 0.0226046 0.119204 0.012144 0.0348808 32
0 0.0884366 0.175522 0.0118953 0.0404379 33
0 0.276749 0.135979 0.00968218 0.0423907 34
0 0.282815 0.0306974 0.00813943 0.0305103 35
0 0.292479 0.330985 0.0163268 0.065958 36
0 0.559312 0.364682 0.0177207 0.0600966 37
0 0.0908568 0.146242 0.00936524 0.0384763 38
1 0.206214 0.190258 0.0115796 0.0330332 39
0 0.12926 0.092035 0.00946039 0.0326038 40
0 0.220309 0.056003 0.00920366 0.0350549 41
0 0.2693 0.045072 0.0091518 0.0429999 42
0 0.34809 0.136876 0.00958613 0.0354869 43
0 0.571746 0.362143 0.0226749 0.0654387 44
1 0.175503 0.482838 0.0281955 0.0849825 45
0 0.317023 0.385489 0.0254319 0.0855922 46
0 0.342523 0.405232 0.0158425 0.046685 47
0 0.292439 0.0731521 0.00832671 0.0325476 48
0 0.235138 0.0467965 0.00829292 0.0380705 49
0 0.195984 0.0567397 0.0089724 0.0383697 50
