0 0.727062 0.653504 0.0253016 0.124824 1
0 0.738249 0.50499 0.0306621 0.108351 2
0 0.0586777 0.411179 0.0266153 0.0932888 3
0 0.337512 0.608765 0.0346273 0.139468 4
0 0.472591 0.587488 0.0286955 0.127665 5
0 0.31719 0.367922 0.0170862 0.0848535 6
0 0.254678 0.585554 0.0350891 0.131568 7
0 0.557798 0.567297 0.0260426 0.111297 8
0 0.0228863 0.416049 0.029601 0.0967138 9
0 0.168811 0.606209 0.0414097 0.0816197 10
0 0.465555 0.502099 0.0300659 0.131762 11
0 0.626006 0.478771 0.0223539 0.104605 12
0 0.568382 0.447977 0.022698 0.103928 13
0 0.261357 0.7897 0.0589633 0.119936 14
0 0.541379 0.457439 0.0287571 0.100487 15
0 0.499343 0.375213 0.0182323 0.0664351 16
0 0.226193 0.580618 0.0230947 0.113359 17
0 0.519686 0.366871 0.0230087 0.0798737 18
0 0.668124 0.402546 0.0239517 0.0580908 19
0 0.201216 0.216046 0.0120809 0.0446562 20
0 0.153581 0.176291 0.0135339 0.0436383 21
0 0.238833 0.243831 0.0165315 0.0481957 22
0 0.208677 0.431239 0.0256718 0.0785212 23
0 0.349015 0.870718 0.0447678 0.0998508 24
0 0.0876535 0.46979 0.0295058 0.079309 25
0 0.218655 0.167829 0.0119563 0.0480114 26
0 0.743497 0.28002 0.0159801 0.0496461 27
0 0.2064 0.166662 0.0115019 0.0471753 28
0 0.0386205 0.19498 0.0117825 0.0492305 29
0 0.00824006 0.376693 0.0164801 0.0818199 30
2 0.213933 0.693586 0.0653885 0.108964 31
0 0.174377 0.113285 0.0122416 0.0533877 32
0 0.066126 0.594479 0.0331295 0.0728278 33
1 0.365966 0.336296 0.0411206 0.0881645 34
