0 0.474847 0.593133 0.0293158 0.133198 1
0 0.742076 0.502299 0.025075 0.106698 2
0 0.060304 0.413917 0.0269826 0.0966704 3
0 0.73019 0.655162 0.029056 0.126275 4
0 0.335422 0.610406 0.0326306 0.140599 5
0 0.254863 0.583411 0.0345986 0.130369 6
0 0.465185 0.496036 0.0292991 0.118762 7
0 0.346792 0.882489 0.0424491 0.121702 8
0 0.0229195 0.415828 0.0331601 0.106246 9
0 0.558793 0.566525 0.0288585 0.114049 10
0 0.318641 0.367194 0.0175478 0.084204 11
0 0.630497 0.477596 0.0181223 0.103771 12
0 0.168077 0.60579 0.0426067 0.0815391 13
0 0.542556 0.456881 0.0284212 0.107898 14
0 0.198348 0.213878 0.0131242 0.044822 15
0 0.262464 0.789483 0.0624668 0.117603 16
0 0.521553 0.366264 0.0226228 0.0822452 17
0 0.225707 0.582706 0.0244236 0.118129 18
0 0.561177 0.452989 0.0330222 0.108353 19
0 0.177539 0.112381 0.0114274 0.0558957 20
0 0.208392 0.430451 0.0241657 0.0786267 21
0 0.744932 0.277819 0.0148308 0.0447053 22
0 0.502927 0.374593 0.0204808 0.0666594 23
1 0.238368 0.437431 0.03379 0.0563322 24
0 0.217792 0.162661 0.0133459 0.053089 25
0 0.669451 0.404588 0.0219396 0.0540308 26
0 0.238178 0.244899 0.0162374 0.0429359 27
1 0.257026 0.787425 0.0484204 0.115034 28
0 0.0888007 0.468284 0.029541 0.0759909 29
0 0.158352 0.177169 0.0136464 0.047446 30
2 0.21358 0.692787 0.0641522 0.110746 31
0 0.0664704 0.592082 0.033735 0.0749374 32
0 0.142013 0.499759 0.0281532 0.0611805 33
0 0.220153 0.151978 0.0123685 0.0530295 34
1 0.365663 0.338311 0.0405393 0.0765126 35
