0 0.543485 0.551882 0.0257067 0.116648 1
0 0.381659 0.934872 0.0519344 0.12755 2
0 0.626926 0.583175 0.0333895 0.114754 3
0 0.25687 0.841305 0.0520132 0.139762 4
0 0.280752 0.698698 0.0434703 0.145487 5
0 0.0979064 0.565551 0.0291723 0.0973307 6
0 0.44678 0.485927 0.0290574 0.122488 7
0 0.382089 0.712093 0.0402076 0.163845 8
0 0.437992 0.933866 0.0574514 0.121959 9
0 0.0260592 0.422377 0.019678 0.0722158 10
0 0.204178 0.430337 0.0250741 0.102286 11
0 0.233979 0.712433 0.0338543 0.139783 12
0 0.156201 0.774125 0.0553779 0.111378 13
0 0.489203 0.513097 0.0384161 0.145396 14
0 0.646222 0.437682 0.0277686 0.100238 15
0 0.279536 0.354041 0.0127372 0.0565559 16
0 0.0269761 0.657891 0.0517099 0.0794536 17
0 0.600339 0.458598 0.0186037 0.0923957 18
0 0.454681 0.47713 0.0267266 0.122073 19
0 0.562771 0.397625 0.0190147 0.0480623 20
0 0.0409256 0.244426 0.0121556 0.0398187 21
0 0.590591 0.245954 0.0118519 0.0407241 22
0 0.131021 0.537356 0.0305388 0.0656618 23
0 0.209987 0.310621 0.0209649 0.069491 24
0 0.206027 0.303227 0.0134914 0.0569147 25
0 0.413081 0.392439 0.0200518 0.0688424 26
0 0.217304 0.318152 0.0158241 0.0550197 27
0 0.393102 0.396943 0.0167875 0.0668602 28
1 0.230203 0.401162 0.0206698 0.0623566 29
1 0.240272 0.404309 0.0219809 0.0553558 30
