0 0.410936 0.921455 0.0459131 0.15709 1
0 0.588732 0.518526 0.0348122 0.114255 2
0 0.330066 0.616338 0.0395435 0.130516 3
0 0.53929 0.509519 0.027943 0.105898 4
0 0.658541 0.572067 0.0292635 0.120317 5
0 0.459503 0.481036 0.0254884 0.110002 6
0 0.257123 0.592174 0.0379427 0.128661 7
0 0.184568 0.817923 0.0548457 0.185455 8
0 0.0912318 0.167411 0.0123843 0.0577553 9
0 0.416153 0.501835 0.0294771 0.107041 10
0 0.10263 0.26184 0.014436 0.0552903 11
0 0.218669 0.595358 0.0335836 0.126362 12
0 0.292967 0.808151 0.0496038 0.134716 13
0 0.500775 0.434017 0.0257045 0.0983819 14
2 0.0274499 0.631361 0.0548998 0.0842628 15
0 0.162085 0.46656 0.0221763 0.0849372 16
0 0.286388 0.359157 0.0242744 0.102563 17
0 0.459934 0.364271 0.0182642 0.0613613 18
0 0.323553 0.809631 0.0793604 0.123592 19
1 0.0201463 0.498953 0.0361964 0.0872454 20
0 0.0676635 0.171042 0.0134961 0.0601194 21
0 0.512384 0.457769 0.0294333 0.122246 22
0 0.473886 0.357877 0.0189173 0.0651026 23
1 0.154263 0.633375 0.0451638 0.0878885 24
1 0.321172 0.360001 0.0301333 0.0776648 25
0 0.145009 0.140334 0.0100475 0.0370756 26
0 0.44471 0.926852 0.0393774 0.146136 27
0 0.501476 0.978679 0.0252422 0.0426421 28
1 0.200507 0.448904 0.0267308 0.0619857 29
0 0.0908689 0.529114 0.0439037 0.0735874 30
0 0.153376 0.634148 0.0479474 0.090504 31
1 0.0905716 0.528528 0.0399879 0.0704021 32
0 0.0412888 0.188373 0.0127073 0.0421632 33
2 0.227205 0.709456 0.0531297 0.129556 34
0 0.263914 0.300488 0.0151176 0.0474621 35
