0 0.34136 0.620957 0.0368691 0.139766 1
0 0.678188 0.600481 0.0294758 0.120884 2
0 0.266314 0.592927 0.0392701 0.141195 3
0 0.658111 0.508544 0.0291257 0.116353 4
0 0.55408 0.527387 0.0273302 0.112499 5
0 0.0234211 0.421129 0.0259541 0.0970904 6
0 0.118144 0.706284 0.0396955 0.14295 7
0 0.166991 0.621195 0.0467597 0.0873794 8
0 0.306095 0.360196 0.0205089 0.0935679 9
0 0.477341 0.475047 0.0246614 0.107947 10
0 0.463981 0.51125 0.030901 0.122292 11
0 0.197196 0.449206 0.0266941 0.0825572 12
0 0.523751 0.440973 0.0253165 0.112595 13
0 0.405811 0.919122 0.0447487 0.150839 14
0 0.28773 0.802262 0.0531291 0.126929 15
0 0.233662 0.595153 0.0312064 0.132736 16
0 0.142129 0.164334 0.011814 0.0550809 17
0 0.0949266 0.17858 0.0125303 0.0493884 18
0 0.351607 0.365561 0.0235474 0.0886144 19
0 0.358235 0.264881 0.0122047 0.0637327 20
0 0.157291 0.24147 0.0126673 0.0559565 21
0 0.0650451 0.172513 0.0140705 0.0489678 22
0 0.542805 0.479164 0.0336697 0.1093 23
0 0.652999 0.389354 0.0218596 0.0479477 24
0 0.118118 0.163702 0.011941 0.0507789 25
0 0.484427 0.361431 0.0199055 0.076171 26
0 0.500357 0.357752 0.0217275 0.0795456 27
0 0.314456 0.805537 0.0792325 0.113823 28
0 0.11363 0.514316 0.043568 0.0675383 29
0 0.593238 0.290521 0.0136919 0.0475472 30
0 0.071757 0.173915 0.0151844 0.0525148 31
0 0.228049 0.441243 0.022711 0.058197 32
0 0.291462 0.286438 0.0161199 0.0458239 33
0 0.376724 0.24924 0.0119756 0.0465796 34
1 0.0623829 0.501724 0.0400337 0.116573 35
0 0.633191 0.311054 0.00982362 0.0491496 36
2 0.0470863 0.615377 0.0596171 0.0869479 37
0 0.301863 0.466981 0.0293764 0.0675858 38
0 0.115134 0.112606 0.0107988 0.0549413 39
2 0.225849 0.705916 0.0670312 0.126113 40
0 0.275865 0.481572 0.0251184 0.0663602 41
