0 0.440711 0.937501 0.0586134 0.120101 1
0 0.579521 0.613947 0.0346499 0.122845 2
0 0.664171 0.443459 0.0226521 0.100403 3
0 0.283602 0.700003 0.0389686 0.140004 4
0 0.193477 0.435722 0.0245816 0.106214 5
0 0.385355 0.715885 0.0432383 0.159143 6
0 0.23422 0.717942 0.0355957 0.145237 7
0 0.512141 0.508873 0.0285651 0.11286 8
0 0.257947 0.832554 0.0498787 0.119559 9
0 0.0991837 0.566545 0.0267672 0.0958376 10
0 0.384404 0.93803 0.0509316 0.120606 11
0 0.0407345 0.430347 0.0199397 0.0643367 12
0 0.150328 0.780332 0.0539155 0.115867 13
0 0.463854 0.518985 0.0266298 0.116985 14
0 0.623207 0.477819 0.0238958 0.113108 15
0 0.0273531 0.659126 0.0535719 0.0817907 16
0 0.491928 0.458747 0.0219765 0.0963948 17
0 0.216693 0.30963 0.0156419 0.0738374 18
0 0.563659 0.396474 0.0174873 0.0512711 19
0 0.130163 0.53875 0.031303 0.0738784 20
0 0.281885 0.354203 0.0136186 0.0518008 21
0 0.41477 0.392429 0.0176832 0.072218 22
0 0.591364 0.25108 0.0111193 0.0420997 23
0 0.493162 0.563183 0.0319774 0.117527 24
1 0.2275 0.401075 0.0191212 0.0637287 25
0 0.0397075 0.238615 0.0123448 0.0490461 26
0 0.201302 0.427973 0.0264309 0.0963659 27
0 0.244335 0.287047 0.0134593 0.049773 28
0 0.39343 0.401237 0.017953 0.0646701 29
0 0.292087 0.276799 0.0108103 0.0398528 30
0 0.475367 0.455457 0.0257799 0.0943157 31
