0 0.569511 0.512565 0.0327957 0.110072 1
0 0.339716 0.696441 0.0361848 0.146042 2
0 0.507684 0.889684 0.0573309 0.170116 3
0 0.0598374 0.553989 0.0277762 0.0981401 4
0 0.180945 0.694221 0.0391788 0.150132 5
0 0.230545 0.682069 0.0469132 0.146474 6
0 0.317928 0.905242 0.0509492 0.127564 7
0 0.410519 0.521004 0.0330141 0.131095 8
0 0.20277 0.81959 0.0528205 0.150733 9
0 0.47081 0.533381 0.0268154 0.117325 10
0 0.178693 0.418834 0.021782 0.0976915 11
0 0.0290923 0.453184 0.0211936 0.0755875 12
0 0.367318 0.90943 0.0759032 0.139137 13
0 0.520943 0.513833 0.0262051 0.116625 14
0 0.445582 0.522134 0.0285566 0.102016 15
0 0.103011 0.750941 0.0496871 0.106391 16
0 0.188632 0.307633 0.0185902 0.0614388 17
0 0.46238 0.455503 0.0264349 0.0880134 18
0 0.367629 0.388676 0.0209925 0.0655164 19
0 0.55084 0.96125 0.032201 0.0774991 20
0 0.100017 0.521499 0.0296484 0.0677324 21
0 0.211518 0.418315 0.0242738 0.0904961 22
0 0.572049 0.237098 0.011479 0.036507 23
0 0.164184 0.416 0.0190762 0.0960917 24
0 0.213942 0.391441 0.0263268 0.0604172 25
0 0.200137 0.539666 0.0290393 0.0676803 26
0 0.02905 0.236236 0.0115107 0.0489142 27
0 0.177307 0.55604 0.0314103 0.0703337 28
0 0.451625 0.297733 0.0122542 0.0516532 29
0 0.235802 0.33952 0.0151843 0.0531679 30
0 0.538244 0.382382 0.0159582 0.0514984 31
0 0.381624 0.381305 0.0186788 0.0694662 32
0 0.315134 0.276249 0.0129783 0.0421977 33
