0 0.242513 0.793803 0.0329746 0.117888 1
0 0.513625 0.543341 0.0452713 0.128222 2
0 0.458287 0.559548 0.0311805 0.11761 3
0 0.447318 0.469638 0.0257135 0.0834484 4
0 0.240337 0.52515 0.0235011 0.118712 5
0 0.611427 0.493492 0.0265363 0.0904735 6
0 0.214824 0.521609 0.0253478 0.110908 7
0 0.283972 0.555323 0.0292695 0.124605 8
0 0.549794 0.474835 0.0306362 0.0985754 9
0 0.481695 0.618821 0.0278139 0.130479 10
0 0.408054 0.474691 0.0292093 0.101319 11
0 0.164337 0.157458 0.0109723 0.0482738 12
0 0.360024 0.338132 0.01529 0.0727975 13
0 0.021962 0.49763 0.0260226 0.08291 14
0 0.137317 0.347217 0.0186484 0.0790113 15
0 0.317676 0.18525 0.0106843 0.0401789 16
0 0.219666 0.196338 0.0110658 0.0498426 17
0 0.0288626 0.17631 0.0124231 0.0526076 18
0 0.343347 0.152965 0.00877065 0.0425688 19
0 0.560807 0.369083 0.02173 0.066833 20
0 0.180359 0.439055 0.0192713 0.0545222 21
0 0.376738 0.256622 0.011386 0.044735 22
0 0.331758 0.435958 0.0182277 0.0499534 23
0 0.109512 0.304342 0.0164235 0.0655215 24
0 0.111917 0.214643 0.0141791 0.0369498 25
0 0.299979 0.415693 0.0310613 0.0934452 26
0 0.539605 0.374473 0.0196201 0.0642448 27
0 0.0768091 0.0975123 0.00934467 0.0304338 28
0 0.198279 0.847204 0.0368682 0.157681 29
0 0.0509227 0.159565 0.011359 0.0352899 30
0 0.170098 0.530197 0.02812 0.0790213 31
0 0.477418 0.248815 0.013566 0.0503967 32
1 0.416511 0.329974 0.0223556 0.0608791 33
0 0.131835 0.037748 0.008636 0.0316814 34
0 0.0858511 0.0643909 0.0100257 0.0346302 35
0 0.115976 0.359846 0.0167958 0.0641486 36
0 0.384338 0.156601 0.00939042 0.0400841 37
1 0.0838205 0.502356 0.0395965 0.0684431 38
0 0.0886517 0.0685268 0.0109265 0.0322873 39
1 0.188778 0.606963 0.0431311 0.0916799 40
0 0.704307 0.420016 0.0222771 0.0526127 41
0 0.138691 0.408798 0.0201845 0.055677 42
1 0.428879 0.332732 0.0192268 0.0562912 43
0 0.085789 0.505467 0.0389342 0.0720599 44
0 0.837015 0.307391 0.0191399 0.0564447 45
