0 0.492647 0.520019 0.028824 0.118993 1
0 0.0845827 0.559814 0.0218894 0.0985044 2
0 0.021188 0.649985 0.0423333 0.079044 3
0 0.412239 0.921773 0.064634 0.131852 4
0 0.194477 0.424551 0.0275152 0.101848 5
0 0.538448 0.510926 0.0275596 0.107705 6
0 0.367052 0.701723 0.0398663 0.156705 7
0 0.430777 0.527469 0.0355143 0.153825 8
0 0.0210916 0.433876 0.0189579 0.078863 9
0 0.260735 0.696733 0.0579729 0.159674 10
0 0.586655 0.428154 0.0239197 0.0980789 11
0 0.363089 0.922237 0.053654 0.125861 12
0 0.215605 0.705184 0.0407865 0.148166 13
0 0.204754 0.305065 0.0160553 0.0709991 14
0 0.568428 0.514061 0.0315111 0.106377 15
0 0.527574 0.455321 0.0173996 0.0896954 16
0 0.142053 0.76287 0.0539402 0.105975 17
0 0.715079 0.945395 0.0350681 0.106725 18
0 0.282679 0.340419 0.0155422 0.0484601 19
0 0.515732 0.549216 0.02598 0.121777 20
0 0.403594 0.383818 0.0203588 0.069456 21
0 0.387042 0.393729 0.0191166 0.0640459 22
0 0.552182 0.963048 0.0443405 0.0716834 23
0 0.267085 0.289415 0.0133385 0.0529022 24
0 0.556333 0.388734 0.0166798 0.0504672 25
0 0.120333 0.532693 0.031532 0.0732178 26
0 0.239375 0.819672 0.0546443 0.17883 27
0 0.225234 0.542935 0.0283515 0.0712887 28
0 0.467091 0.295179 0.00933656 0.0394422 29
0 0.510898 0.336776 0.0111534 0.0550381 30
0 0.585998 0.240928 0.0108356 0.0351967 31
1 0.231926 0.397478 0.0240848 0.0606369 32
0 0.00857999 0.78985 0.01716 0.0974562 33
0 0.0388244 0.238039 0.0115863 0.0470207 34
