0 0.546802 0.565896 0.0459554 0.160907 1
0 0.461459 0.572358 0.0301997 0.119286 2
0 0.184263 0.655993 0.0396991 0.137013 3
0 0.0841699 0.521957 0.024693 0.088953 4
0 0.0727206 0.936622 0.0458503 0.125738 5
0 0.228759 0.643782 0.0424529 0.140799 6
0 0.456257 0.93827 0.0511604 0.121739 7
0 0.421811 0.617466 0.0518161 0.139016 8
0 0.381693 0.50448 0.0339604 0.130289 9
0 0.0202326 0.596686 0.0404651 0.0739977 10
0 0.374585 0.77671 0.043644 0.167557 11
0 0.500241 0.437865 0.0297401 0.1029 12
0 0.401152 0.511861 0.029176 0.123242 13
0 0.302685 0.647786 0.035862 0.151432 14
0 0.302942 0.865817 0.0571638 0.14357 15
0 0.20342 0.397581 0.0215722 0.0947518 16
0 0.0833574 0.48034 0.0246046 0.123832 17
0 0.355244 0.864435 0.0675468 0.110447 18
0 0.247616 0.443627 0.0186036 0.0557358 19
0 0.121236 0.496403 0.0368027 0.0697739 20
0 0.19255 0.774857 0.0528016 0.141452 21
0 0.364789 0.835012 0.0586887 0.1296 22
0 0.557216 0.378934 0.0176004 0.0507913 23
0 0.478899 0.295688 0.0147016 0.0640479 24
0 0.310883 0.263775 0.0148711 0.0436917 25
0 0.244671 0.378601 0.0196047 0.0634559 26
0 0.187175 0.357854 0.0204273 0.0686552 27
0 0.419512 0.330858 0.0203076 0.0570506 28
0 0.248463 0.420854 0.0223455 0.0954946 29
0 0.226455 0.289106 0.0153166 0.0674381 30
0 0.207699 0.338613 0.0207558 0.0680638 31
0 0.38864 0.368146 0.0195472 0.0761139 32
0 0.1958 0.390169 0.0252992 0.0998796 33
