0 0.697097 0.673261 0.0318945 0.131875 1
0 0.739024 0.514761 0.0257723 0.111586 2
0 0.292979 0.606335 0.0351572 0.128294 3
0 0.327118 0.94754 0.0308456 0.103284 4
0 0.571558 0.56267 0.0241667 0.115734 5
0 0.509012 0.473574 0.0252293 0.100122 6
0 0.47943 0.462525 0.0214663 0.0978175 7
0 0.184587 0.673378 0.0639076 0.116485 8
0 0.0742643 0.39955 0.0247285 0.098966 9
0 0.326547 0.364731 0.0176184 0.0787325 10
0 0.636698 0.495637 0.0259405 0.0981883 11
0 0.0462309 0.234988 0.0182058 0.0645412 12
0 0.0332679 0.34694 0.0232332 0.0799633 13
0 0.0629586 0.169779 0.0145873 0.0539961 14
0 0.238292 0.574025 0.0237311 0.12284 15
0 0.145108 0.172797 0.0133891 0.0544423 16
0 0.528029 0.371957 0.0196284 0.0760035 17
0 0.208073 0.572571 0.0263254 0.116488 18
0 0.0440095 0.407685 0.0282705 0.0830994 19
0 0.476137 0.553241 0.0277125 0.11543 20
0 0.149978 0.590979 0.0416316 0.0814762 21
0 0.202631 0.196158 0.0120849 0.0539289 22
0 0.476958 0.640186 0.0258907 0.129919 23
0 0.638962 0.314475 0.0144026 0.0609285 24
0 0.203035 0.388934 0.0217137 0.0666545 25
0 0.267392 0.239447 0.0125443 0.0475048 26
1 0.222773 0.766573 0.035855 0.110041 27
0 0.139293 0.487883 0.0268956 0.0570331 28
0 0.00609206 0.248839 0.0121841 0.0432136 29
0 0.0569873 0.574105 0.038534 0.0695796 30
0 0.50593 0.378499 0.0211046 0.0635527 31
0 0.366498 0.352082 0.0164594 0.0561152 32
0 0.0233742 0.160389 0.0116705 0.0483554 33
0 0.0932751 0.481458 0.0261244 0.0998155 34
0 0.00348832 0.0781743 0.00697663 0.0433675 35
0 0.306023 0.46508 0.0192509 0.0498555 36
0 0.771054 0.287451 0.0153758 0.0467175 37
0 0.414097 0.270327 0.014309 0.0647852 38
0 0.011344 0.578041 0.0224156 0.0593457 39
1 0.248653 0.428504 0.0240637 0.0536393 40
0 0.253879 0.164044 0.0101413 0.0454475 41
0 0.0826862 0.465398 0.0261048 0.0720817 42
0 0.0857043 0.184866 0.0120286 0.0505756 43
0 0.387359 0.351654 0.0182097 0.0555288 44
0 0.222704 0.162218 0.00963286 0.0482782 45
0 0.19386 0.16708 0.0109859 0.0450571 46
0 0.595378 0.255646 0.0122806 0.0460932 47
0 0.177855 0.168525 0.0104403 0.0379066 48
