0 0.0209505 0.712905 0.0413633 0.142724 1
0 0.694013 0.626613 0.0354639 0.124803 2
0 0.339742 0.617768 0.0293902 0.133138 3
0 0.260874 0.798916 0.0544458 0.124935 4
0 0.696207 0.493211 0.0332125 0.107539 5
0 0.298769 0.368785 0.0179947 0.0861355 6
0 0.515834 0.451248 0.0261812 0.10423 7
0 0.581953 0.477179 0.028328 0.111664 8
0 0.545834 0.557768 0.0285238 0.125129 9
0 0.362099 0.913768 0.0495453 0.143782 10
0 0.0332318 0.421215 0.0291291 0.103323 11
0 0.219127 0.596764 0.0370784 0.136491 12
0 0.250865 0.588931 0.0354901 0.134683 13
0 0.552248 0.431843 0.0237481 0.0964083 14
0 0.461371 0.530284 0.0331724 0.192315 15
0 0.50209 0.366523 0.0229401 0.0788386 16
0 0.158742 0.615962 0.0403147 0.0842963 17
0 0.00517318 0.45342 0.0103464 0.0845995 18
0 0.300704 0.801534 0.0423911 0.101097 19
0 0.136637 0.113108 0.0121097 0.0530255 20
0 0.509176 0.293208 0.0128211 0.06973 21
0 0.193018 0.445231 0.0230044 0.0757041 22
0 0.651616 0.399858 0.0246825 0.0549688 23
0 0.367245 0.274458 0.0120851 0.0619564 24
0 0.353761 0.365103 0.0256006 0.0935525 25
0 0.119076 0.510341 0.0363655 0.0669869 26
0 0.457942 0.480783 0.0245444 0.105947 27
0 0.0399069 0.598685 0.0543411 0.0887032 28
0 0.236076 0.594511 0.059014 0.143477 29
2 0.039543 0.602934 0.0571906 0.0858105 30
0 0.141729 0.167706 0.0129006 0.0542747 31
0 0.227334 0.442902 0.0244537 0.0590754 32
1 0.203138 0.446676 0.0284548 0.0643065 33
0 0.117286 0.178224 0.013542 0.0481114 34
0 0.0636029 0.481755 0.0335864 0.0856427 35
0 0.59744 0.299619 0.0130087 0.0472404 36
0 0.0571949 0.149116 0.0158454 0.0575747 37
0 0.484435 0.372928 0.0180399 0.0698234 38
