0 0.34053 0.621433 0.038052 0.140233 1
0 0.677871 0.59875 0.0297307 0.120098 2
0 0.120789 0.710588 0.0531038 0.144 3
0 0.266483 0.592241 0.0396322 0.141206 4
0 0.653651 0.508414 0.0315054 0.116721 5
0 0.0225792 0.421817 0.0257022 0.0970249 6
0 0.553635 0.526496 0.0299378 0.112377 7
0 0.478611 0.474693 0.02326 0.107744 8
0 0.166943 0.621157 0.0468564 0.0864865 9
0 0.403311 0.920228 0.044404 0.148702 10
0 0.522043 0.438 0.0258499 0.110024 11
0 0.288691 0.804471 0.0522903 0.128002 12
0 0.3066 0.360031 0.022266 0.0912739 13
0 0.461841 0.509739 0.0300474 0.121198 14
0 0.197182 0.448628 0.0287229 0.0831743 15
0 0.141663 0.165926 0.0119677 0.0522139 16
0 0.234558 0.595393 0.0330747 0.133194 17
0 0.483111 0.364428 0.0189606 0.0718372 18
0 0.356185 0.265701 0.0136386 0.0644499 19
0 0.350769 0.36013 0.0249793 0.0762181 20
0 0.0935789 0.178046 0.011802 0.0477663 21
0 0.1548 0.244246 0.0136953 0.0540676 22
0 0.529139 0.454575 0.0272475 0.140354 23
0 0.327379 0.807384 0.0540206 0.110752 24
0 0.117261 0.167129 0.0129375 0.0554564 25
0 0.54663 0.503401 0.0410533 0.151151 26
0 0.276246 0.480446 0.0269062 0.0685103 27
1 0.197983 0.449958 0.030605 0.0784337 28
0 0.558401 0.238602 0.0135348 0.0501818 29
0 0.0654497 0.167807 0.0125149 0.0538202 30
0 0.653005 0.388837 0.0205463 0.0492791 31
0 0.470829 0.491555 0.0387119 0.140462 32
0 0.592502 0.290146 0.0139231 0.0495629 33
2 0.226362 0.706853 0.0668687 0.126867 34
1 0.119026 0.51529 0.0327713 0.0654235 35
0 0.0554925 0.485279 0.0278891 0.0849781 36
0 0.228876 0.441408 0.0248466 0.0683567 37
0 0.293192 0.288772 0.0181316 0.0492389 38
0 0.0305933 0.490361 0.0242996 0.0770003 39
0 0.503322 0.355618 0.0200931 0.0732569 40
0 0.299879 0.466996 0.0316417 0.0684223 41
0 0.0715713 0.172939 0.014465 0.049487 42
0 0.163585 0.166667 0.0117269 0.0471504 43
