0 0.573731 0.570366 0.0313697 0.109743 1
0 0.727848 0.669572 0.0313511 0.132516 2
0 0.322284 0.364465 0.0174638 0.0847177 3
0 0.64472 0.494887 0.0219763 0.0878418 4
0 0.534661 0.457556 0.0339468 0.100523 5
0 0.309104 0.609702 0.0299253 0.126276 6
0 0.0669889 0.401371 0.0229611 0.0932316 7
0 0.47866 0.618108 0.030504 0.129711 8
0 0.195786 0.407413 0.0199978 0.0779387 9
0 0.218044 0.569054 0.0252567 0.097852 10
0 0.0347986 0.398503 0.0263574 0.099589 11
0 0.468163 0.5157 0.0276644 0.112517 12
0 0.0666175 0.587825 0.0310357 0.0676851 13
0 0.00584403 0.254776 0.0116881 0.0575577 14
0 0.744967 0.516715 0.0327505 0.0930814 15
0 0.161586 0.599332 0.0409437 0.0807642 16
0 0.0257832 0.172676 0.0152541 0.0524944 17
0 0.0658296 0.191836 0.0150849 0.0460526 18
0 0.182112 0.199545 0.0135139 0.0507278 19
0 0.251238 0.577746 0.0287086 0.125858 20
0 0.141215 0.497007 0.0248842 0.0625136 21
0 0.243141 0.247608 0.0140414 0.031793 22
0 0.372551 0.97182 0.0336667 0.0546261 23
0 0.0177272 0.3528 0.0194858 0.0730129 24
0 0.505719 0.37554 0.0216078 0.0698899 25
1 0.202542 0.677993 0.0416004 0.109219 26
0 0.116738 0.168871 0.012187 0.0579817 27
0 0.402567 0.271492 0.0122052 0.0648694 28
0 0.267919 0.141662 0.00960284 0.035833 29
0 0.526308 0.372783 0.0208418 0.0740054 30
0 0.233744 0.163962 0.0128271 0.0461497 31
1 0.322303 0.876128 0.0367604 0.0905738 32
2 0.322628 0.913978 0.0388324 0.165199 33
0 0.239477 0.164402 0.0120505 0.0479585 34
1 0.253245 0.770548 0.0404944 0.107335 35
0 0.402547 0.253604 0.0118618 0.0391294 36
0 0.378425 0.357903 0.0245058 0.0629994 37
0 0.196833 0.111091 0.0103781 0.0501559 38
0 0.0944524 0.459963 0.0251531 0.0764393 39
0 0.758055 0.281635 0.0147004 0.0398764 40
0 0.176769 0.172555 0.0127273 0.0484961 41
0 0.25466 0.138521 0.0108523 0.0464327 42
0 0.090446 0.490451 0.0322073 0.103696 43
0 0.153252 0.168476 0.0112664 0.0401777 44
1 0.233609 0.434353 0.0299944 0.0509839 45
