0 0.310912 0.613716 0.0387955 0.148879 1
0 0.65087 0.57973 0.0281428 0.135532 2
0 0.201605 0.934523 0.0527337 0.129635 3
0 0.296946 0.819259 0.0684864 0.133374 4
0 0.125209 0.479683 0.024025 0.0897853 5
0 0.43434 0.918733 0.0529185 0.162533 6
0 0.383912 0.502268 0.0374223 0.122828 7
0 0.524853 0.516711 0.0295674 0.117981 8
0 0.248084 0.600282 0.0340064 0.132507 9
0 0.253098 0.688841 0.0442156 0.154852 10
0 0.0497335 0.277667 0.0183137 0.0564669 11
0 0.243368 0.369936 0.0223271 0.094354 12
0 0.200928 0.604707 0.0282944 0.118034 13
0 0.499603 0.481304 0.0351461 0.153723 14
0 0.421804 0.490093 0.0256905 0.11337 15
0 0.0488032 0.162608 0.0114616 0.0524405 16
0 0.025684 0.177647 0.0147744 0.0556231 17
0 0.595047 0.371974 0.0180376 0.0534997 18
0 0.494621 0.437909 0.0307934 0.109795 19
1 0.283826 0.353833 0.0267267 0.0647312 20
0 0.134446 0.652471 0.0485719 0.0942857 21
0 0.405717 0.495744 0.0572543 0.129788 22
1 0.442474 0.357251 0.0255686 0.068685 23
0 0.0586416 0.547151 0.0451519 0.0724823 24
0 0.454135 0.923485 0.0616594 0.153031 25
1 0.167511 0.459729 0.0277338 0.0638628 26
0 0.0108315 0.57678 0.0212738 0.0783007 27
0 0.230334 0.308075 0.0177239 0.0564329 28
0 0.0849675 0.129434 0.0091002 0.0501812 29
