0 0.339393 0.617173 0.0324524 0.137384 1
0 0.684583 0.617604 0.0325151 0.129056 2
0 0.294719 0.37 0.0200079 0.0863583 3
0 0.677018 0.49574 0.0312029 0.11288 4
0 0.25163 0.591926 0.0351341 0.132197 5
0 0.513904 0.450468 0.0265378 0.105082 6
0 0.0237911 0.418045 0.0252628 0.0907174 7
0 0.366923 0.920866 0.0483569 0.152097 8
0 0.541764 0.542665 0.0303281 0.108506 9
0 0.265137 0.802555 0.0546151 0.125318 10
0 0.56821 0.481754 0.0270557 0.104563 11
0 0.309123 0.803816 0.0384704 0.103123 12
0 0.043374 0.701993 0.0432483 0.149029 13
0 0.218782 0.593346 0.0341736 0.127176 14
0 0.46052 0.522187 0.0328138 0.183276 15
0 0.351101 0.364971 0.0220112 0.0862316 16
0 0.19219 0.445677 0.028683 0.0810982 17
0 0.129762 0.16914 0.0131778 0.0541403 18
0 0.462592 0.477902 0.0217468 0.0972776 19
0 0.539639 0.42855 0.0203151 0.0881156 20
0 0.158842 0.618544 0.0407736 0.0851101 21
0 0.32407 0.341473 0.0204524 0.0654598 22
0 0.111093 0.515626 0.0439618 0.0654525 23
0 0.0779338 0.173344 0.0159007 0.0486021 24
0 0.125586 0.116645 0.013394 0.056775 25
1 0.203978 0.447597 0.0278892 0.0658713 26
0 0.494238 0.362819 0.0174656 0.0708668 27
0 0.359713 0.268239 0.0138522 0.068713 28
0 0.104548 0.177787 0.0142047 0.0511956 29
0 0.061368 0.491365 0.037123 0.0977961 30
0 0.155842 0.163729 0.0126458 0.0581209 31
0 0.381833 0.930394 0.0431175 0.139213 32
0 0.648367 0.394938 0.0221777 0.0549139 33
