0 0.319868 0.611401 0.0342798 0.126576 1
0 0.732185 0.666594 0.0340269 0.132948 2
0 0.322116 0.366408 0.0167154 0.08156 3
0 0.479418 0.610657 0.0306668 0.137576 4
0 0.6464 0.488902 0.0240904 0.0963423 5
0 0.467538 0.50964 0.0265409 0.109823 6
0 0.542157 0.452943 0.0273365 0.107247 7
0 0.0666747 0.405302 0.0232155 0.0962241 8
0 0.221978 0.567631 0.0232644 0.0930472 9
0 0.0177822 0.176423 0.0123898 0.0460303 10
0 0.573309 0.568635 0.0313656 0.118103 11
0 0.0316171 0.400621 0.0303103 0.106014 12
0 0.255497 0.580729 0.0273027 0.125213 13
0 0.330649 0.9135 0.0361974 0.173001 14
0 0.163403 0.60234 0.0427318 0.0779624 15
0 0.198655 0.410296 0.0192117 0.0857703 16
0 0.747762 0.513154 0.0301228 0.0949497 17
0 0.389932 0.973971 0.0303481 0.051895 18
0 0.0677258 0.588965 0.0312763 0.068675 19
0 0.140714 0.498532 0.0289405 0.0641609 20
0 0.50484 0.373625 0.0190807 0.0697438 21
0 0.240263 0.248134 0.0147927 0.0330636 22
0 0.525897 0.36986 0.0182505 0.0746168 23
0 0.247656 0.597303 0.0396474 0.101498 24
1 0.207623 0.681539 0.0527218 0.106998 25
0 0.0167688 0.359679 0.0256029 0.0837313 26
1 0.249334 0.772244 0.0496833 0.105273 27
0 0.181219 0.206749 0.0125048 0.0434136 28
0 0.362541 0.338027 0.0199927 0.0722655 29
0 0.754659 0.276149 0.0120972 0.0374239 30
0 0.283539 0.793469 0.0353926 0.0923781 31
0 0.400174 0.270079 0.0148954 0.0681986 32
0 0.192929 0.114246 0.0106639 0.0526549 33
0 0.230031 0.162957 0.0123396 0.0473734 34
0 0.312465 0.468471 0.0212807 0.0532838 35
0 0.0944054 0.459652 0.0250476 0.0731475 36
0 0.379532 0.36332 0.0216747 0.0655287 37
0 0.631031 0.304403 0.0117518 0.0481172 38
0 0.176549 0.1958 0.0172287 0.0595164 39
1 0.23429 0.435576 0.0308015 0.0523408 40
0 0.0706247 0.470228 0.0233706 0.074124 41
