0 0.193015 0.782457 0.052409 0.136807 1
0 0.307931 0.65857 0.0355603 0.140767 2
0 0.395546 0.797655 0.0477715 0.172523 3
0 0.299274 0.871329 0.0541465 0.140775 4
0 0.460561 0.942389 0.0431402 0.115222 5
0 0.543691 0.561522 0.0390554 0.149965 6
0 0.182891 0.663452 0.0337475 0.137579 7
0 0.0195688 0.600537 0.0391376 0.0787658 8
0 0.459804 0.558919 0.0286358 0.116977 9
0 0.50553 0.443523 0.0235134 0.098618 10
0 0.410695 0.507389 0.0296751 0.114357 11
0 0.0430147 0.943919 0.0459544 0.111457 12
0 0.0799898 0.527884 0.0248729 0.0899996 13
0 0.382895 0.499848 0.0284444 0.121282 14
0 0.410445 0.598273 0.0365044 0.122493 15
0 0.225777 0.655136 0.045453 0.141901 16
0 0.118042 0.500674 0.0375464 0.0710224 17
0 0.24607 0.446659 0.0171445 0.0502923 18
0 0.481805 0.436621 0.0294081 0.101924 19
0 0.34546 0.88096 0.0692117 0.121969 20
0 0.108791 0.712534 0.054723 0.0963046 21
0 0.0732816 0.459716 0.0225055 0.0771316 22
0 0.197548 0.400936 0.0205414 0.0982097 23
0 0.511317 0.945144 0.0356099 0.103568 24
0 0.386062 0.377014 0.0220546 0.0742725 25
0 0.553772 0.378132 0.0153269 0.0543265 26
0 0.218569 0.287722 0.013253 0.06241 27
0 0.23824 0.377918 0.0230804 0.058336 28
0 0.473459 0.298681 0.0163412 0.0687449 29
0 0.00514109 0.198703 0.0102822 0.0410641 30
0 0.584742 0.236296 0.011472 0.0379194 31
0 0.321332 0.276386 0.0175464 0.0540777 32
0 0.209068 0.509641 0.0370827 0.0740526 33
0 0.190284 0.388841 0.0256483 0.0844498 34
0 0.114399 0.188437 0.00959539 0.0342773 35
