0 0.316553 0.899576 0.0515689 0.140076 1
0 0.324801 0.685605 0.0353989 0.147652 2
0 0.19294 0.811655 0.0525003 0.147508 3
0 0.222162 0.67592 0.0470328 0.14769 4
0 0.361901 0.902866 0.0646061 0.132376 5
0 0.56341 0.518116 0.0282308 0.106048 6
0 0.419151 0.511962 0.0233028 0.109704 7
0 0.0596946 0.548135 0.0273207 0.0942712 8
0 0.511069 0.443894 0.0214497 0.0914632 9
0 0.476179 0.857598 0.0418358 0.16328 10
0 0.519576 0.530493 0.027533 0.106283 11
0 0.179089 0.415897 0.0228646 0.0987279 12
0 0.0351982 0.455375 0.022126 0.0825613 13
0 0.179961 0.686897 0.0365867 0.147726 14
0 0.486441 0.952427 0.0476816 0.0935974 15
0 0.460495 0.455693 0.0265583 0.0945095 16
0 0.103418 0.744309 0.0527732 0.107072 17
0 0.191742 0.302939 0.0175365 0.0721666 18
0 0.217364 0.366103 0.020687 0.0928221 19
0 0.458218 0.529746 0.034483 0.111509 20
0 0.0945933 0.519298 0.0380332 0.0721002 21
0 0.536927 0.95607 0.0319721 0.0857046 22
0 0.164691 0.412756 0.0245011 0.09597 23
0 0.395602 0.492959 0.0235367 0.124291 24
0 0.453621 0.296414 0.0129761 0.0576537 25
0 0.21651 0.438572 0.0192082 0.0838432 26
0 0.368436 0.382458 0.0205109 0.0720281 27
0 0.571899 0.236371 0.00963061 0.0335772 28
0 0.537803 0.383487 0.0193707 0.0483107 29
0 0.115947 0.254464 0.0111592 0.0474643 30
0 0.381699 0.378091 0.0177857 0.0726301 31
