0 0.721921 0.671964 0.0348374 0.129916 1
0 0.322115 0.363894 0.0169709 0.0845812 2
0 0.303978 0.610824 0.0291908 0.126042 3
0 0.480255 0.623091 0.0316294 0.135406 4
0 0.578131 0.567575 0.0257298 0.108522 5
0 0.157933 0.596243 0.0422381 0.0792405 6
0 0.642526 0.500118 0.0216117 0.0817854 7
0 0.0677799 0.40101 0.0224892 0.091758 8
0 0.524585 0.450676 0.0347815 0.114417 9
0 0.0137753 0.249142 0.0201432 0.0560366 10
0 0.470418 0.529057 0.0293469 0.115054 11
0 0.0883936 0.188547 0.0120395 0.0392466 12
0 0.0355348 0.172704 0.0143924 0.0505239 13
0 0.197469 0.406701 0.0209527 0.0750144 14
0 0.745056 0.51543 0.0293503 0.100852 15
0 0.213983 0.577777 0.0242287 0.115695 16
1 0.232552 0.773475 0.0449335 0.102962 17
0 0.246514 0.574415 0.0253471 0.12085 18
0 0.357093 0.968641 0.0322657 0.0592211 19
0 0.185156 0.192908 0.0149413 0.0689904 20
0 0.0217552 0.3516 0.0209957 0.0779046 21
0 0.0361808 0.403696 0.0256669 0.085532 22
0 0.452256 0.319612 0.0200907 0.0811172 23
0 0.403572 0.270244 0.0153737 0.0654435 24
0 0.760475 0.281925 0.0131406 0.0423409 25
0 0.195324 0.677476 0.0664867 0.113054 26
0 0.244506 0.165042 0.0120313 0.046016 27
0 0.268863 0.789311 0.0343544 0.0924954 28
0 0.505356 0.375486 0.0213506 0.0674004 29
0 0.526521 0.37774 0.0215212 0.0781616 30
0 0.139418 0.493466 0.0239352 0.0559406 31
0 0.244011 0.106301 0.00935489 0.0489683 32
0 0.379994 0.348463 0.0250428 0.0691959 33
0 0.0304642 0.373221 0.0235132 0.0876096 34
0 0.230954 0.155234 0.0115318 0.0583787 35
0 0.202214 0.113237 0.0104713 0.0537427 36
0 0.204107 0.161641 0.011938 0.0448991 37
0 0.313326 0.9118 0.0367022 0.171475 38
2 0.0521067 0.585314 0.0533906 0.0692444 39
1 0.231909 0.432213 0.0248084 0.0508845 40
0 0.214089 0.606857 0.0343266 0.0754427 41
0 0.157392 0.16843 0.0112207 0.0373684 42
0 0.308144 0.466877 0.0175737 0.0520196 43
0 0.364865 0.339309 0.0220121 0.0742197 44
0 0.0928562 0.45464 0.0232591 0.0698256 45
0 0.51546 0.441823 0.0242218 0.113696 46
0 0.24453 0.246556 0.0161693 0.0282431 47
0 0.160608 0.171917 0.0118248 0.0363003 48
