0 0.622646 0.620881 0.0345478 0.124941 1
0 0.688416 0.50473 0.0337238 0.109723 2
0 0.554456 0.549711 0.0259826 0.109972 3
0 0.29243 0.865827 0.027963 0.132574 4
0 0.211835 0.554291 0.0272463 0.116507 5
0 0.590449 0.481819 0.0270526 0.106563 6
0 0.455618 0.627673 0.0330953 0.14079 7
0 0.345712 0.357576 0.0165799 0.0775713 8
0 0.543528 0.37691 0.0204184 0.0686401 9
0 0.483715 0.491424 0.0264305 0.105364 10
0 0.242357 0.889302 0.0372983 0.172447 11
0 0.103289 0.168869 0.0113873 0.0487504 12
0 0.521308 0.378541 0.0173863 0.0651691 13
0 0.104035 0.373907 0.020668 0.0806254 14
0 0.237824 0.5525 0.0231779 0.120473 15
0 0.133546 0.21625 0.0163239 0.0517696 16
0 0.0691461 0.327099 0.0165003 0.0692586 17
0 0.215713 0.365424 0.0196496 0.0659522 18
0 0.687342 0.424444 0.029762 0.0572455 19
0 0.186834 0.64392 0.0550685 0.104885 20
0 0.318081 0.454661 0.0168865 0.050211 21
0 0.294166 0.45975 0.0215866 0.0502879 22
0 0.0558294 0.233466 0.0166365 0.0356471 23
0 0.453842 0.331549 0.0164976 0.0571987 24
0 0.256279 0.197054 0.0116284 0.0483648 25
0 0.0758968 0.550436 0.0292906 0.0650928 26
0 0.389448 0.345882 0.0197082 0.0599145 27
0 0.454906 0.538416 0.0412895 0.128835 28
0 0.00902615 0.0725142 0.0135544 0.0363739 29
0 0.157931 0.564017 0.0344486 0.0787331 30
1 0.188648 0.644255 0.0512891 0.105405 31
0 0.586492 0.310894 0.0166674 0.0703484 32
0 0.330163 0.258615 0.0140556 0.0447002 33
0 0.405003 0.345811 0.0249295 0.0567746 34
0 0.29459 0.160947 0.0105614 0.0416137 35
0 0.2615 0.414944 0.0355981 0.0552604 36
0 0.799867 0.300861 0.0163947 0.0528822 37
0 0.115216 0.445817 0.0249035 0.0825415 38
0 0.445448 0.254022 0.0125135 0.0425276 39
0 0.157274 0.467799 0.024795 0.0543174 40
0 0.1947 0.750021 0.0348359 0.0965159 41
0 0.391768 0.17762 0.00978406 0.037358 42
0 0.21123 0.737306 0.0361754 0.095461 43
0 0.285781 0.582173 0.0313266 0.129952 44
