0 0.339826 0.619824 0.0338892 0.133728 1
0 0.575402 0.48054 0.0262752 0.109388 2
0 0.688168 0.621525 0.0296154 0.123729 3
0 0.542088 0.549754 0.0280457 0.108275 4
0 0.295368 0.36955 0.0196965 0.0848454 5
0 0.0263093 0.41882 0.0270797 0.0959093 6
0 0.247557 0.590394 0.0369301 0.133704 7
0 0.51276 0.452022 0.0276047 0.10387 8
0 0.688996 0.492958 0.0273899 0.104173 9
0 0.458842 0.552503 0.0286289 0.121118 10
0 0.366366 0.920663 0.0541768 0.154693 11
0 0.0313262 0.706358 0.0536118 0.144242 12
0 0.262593 0.801645 0.0562114 0.125608 13
0 0.223036 0.595033 0.0403283 0.133918 14
0 0.545479 0.434217 0.0225061 0.0916767 15
0 0.459018 0.477399 0.0252018 0.0957382 16
0 0.192108 0.445224 0.0293211 0.0813829 17
0 0.35169 0.367068 0.0222932 0.085042 18
0 0.648299 0.397938 0.0219177 0.057114 19
0 0.244585 0.275219 0.0146298 0.0530786 20
1 0.210223 0.698996 0.0710516 0.119543 21
0 0.130383 0.115272 0.0120002 0.0578305 22
0 0.497065 0.361888 0.0195564 0.0709196 23
0 0.109925 0.176063 0.0158584 0.0560466 24
0 0.11401 0.514453 0.0430361 0.0651314 25
0 0.302203 0.804692 0.0438375 0.101732 26
0 0.0331309 0.606746 0.0637098 0.0884555 27
0 0.183937 0.228207 0.0130863 0.0440569 28
0 0.290877 0.212447 0.0105384 0.0391971 29
0 0.155819 0.617654 0.0423448 0.0857999 30
0 0.135177 0.168878 0.0107767 0.0557333 31
0 0.0334049 0.492906 0.0296658 0.0702805 32
0 0.361888 0.271309 0.0132358 0.0641634 33
0 0.0586127 0.483325 0.0294791 0.0835625 34
0 0.224454 0.444081 0.0258581 0.0632185 35
1 0.155101 0.617508 0.0443449 0.0855167 36
2 0.0362236 0.607062 0.0580863 0.0832996 37
