0 0.719262 0.67355 0.0318184 0.13037 1
0 0.300528 0.61006 0.029734 0.123914 2
0 0.482008 0.626757 0.027602 0.13425 3
0 0.578678 0.567327 0.0256937 0.112146 4
0 0.32308 0.363138 0.0174429 0.0841709 5
0 0.470146 0.532867 0.0290349 0.113717 6
0 0.523339 0.464609 0.0221058 0.103788 7
0 0.639967 0.498216 0.0209332 0.0798523 8
0 0.0697081 0.40171 0.0253319 0.0968543 9
0 0.212671 0.57781 0.025428 0.119681 10
0 0.197588 0.401175 0.0186582 0.0726805 11
0 0.0435254 0.174126 0.0162401 0.0517535 12
0 0.155148 0.594338 0.0452556 0.0813237 13
0 0.502912 0.45233 0.0221513 0.100849 14
0 0.244004 0.575285 0.0271851 0.126605 15
0 0.348085 0.962327 0.0326871 0.0712107 16
0 0.0237307 0.246323 0.0169665 0.0549494 17
0 0.105152 0.184575 0.0122893 0.0364198 18
0 0.0254635 0.351313 0.0221672 0.0732088 19
0 0.743632 0.518276 0.0272565 0.0959413 20
0 0.189735 0.195971 0.0124171 0.062311 21
0 0.526375 0.37312 0.0206622 0.0718549 22
0 0.206899 0.11223 0.0110552 0.0531535 23
0 0.505133 0.374673 0.0194952 0.0659451 24
0 0.250462 0.242918 0.015015 0.0379428 25
0 0.139955 0.493331 0.0241859 0.0587398 26
0 0.765621 0.284361 0.0162194 0.0412973 27
1 0.229311 0.771894 0.0405317 0.0929328 28
1 0.367724 0.339169 0.0244798 0.0691381 29
0 0.0359977 0.398989 0.0291011 0.0953176 30
2 0.0520619 0.58349 0.0528628 0.0719514 31
0 0.674073 0.411554 0.0252516 0.0508297 32
0 0.404501 0.269746 0.0172135 0.0656541 33
0 0.241844 0.164214 0.0135295 0.0469138 34
0 0.250124 0.431337 0.0231164 0.0551282 35
0 0.520762 0.382087 0.0201559 0.0683985 36
0 0.210279 0.159435 0.00974387 0.0496857 37
1 0.304069 0.87522 0.0364636 0.103054 38
0 0.634338 0.305964 0.0128779 0.051478 39
0 0.262728 0.787065 0.0284111 0.0885203 40
1 0.381257 0.353953 0.022962 0.0577538 41
0 0.306442 0.466922 0.0211804 0.0515628 42
0 0.302768 0.913785 0.0368772 0.168725 43
0 0.163776 0.168563 0.0134428 0.0391154 44
0 0.405528 0.251628 0.0137455 0.0381613 45
0 0.452675 0.30512 0.016861 0.0526968 46
0 0.50753 0.394808 0.0194248 0.0693953 47
0 0.0928992 0.453126 0.0255807 0.0697835 48
0 0.0854791 0.493329 0.0378642 0.0862629 49
0 0.28023 0.165044 0.0118652 0.0498407 50
0 0.184085 0.171838 0.0149233 0.0424432 51
0 0.129747 0.152893 0.0120285 0.0457953 52
