0 0.691542 0.673012 0.026718 0.12929 1
0 0.292458 0.60373 0.0346038 0.129235 2
0 0.736849 0.513576 0.0240465 0.114941 3
0 0.633965 0.489938 0.0283299 0.103532 4
0 0.321516 0.942762 0.0326095 0.111305 5
0 0.327429 0.364875 0.0171706 0.0800065 6
0 0.183904 0.671668 0.0653129 0.114777 7
0 0.0543983 0.233082 0.0171939 0.0624414 8
0 0.569597 0.563411 0.0281013 0.117425 9
0 0.0769613 0.398344 0.024981 0.0967865 10
0 0.506035 0.474687 0.0261447 0.104878 11
0 0.0663184 0.172788 0.0148763 0.0499517 12
0 0.475821 0.557044 0.0278841 0.116521 13
0 0.475098 0.466166 0.0207347 0.0962233 14
0 0.234719 0.571484 0.0283564 0.127291 15
0 0.049178 0.413985 0.0237132 0.078752 16
0 0.213031 0.768838 0.0445385 0.117271 17
0 0.0365159 0.347285 0.0242121 0.0799021 18
0 0.206801 0.569377 0.0256851 0.116805 19
0 0.206661 0.201539 0.0126972 0.0491612 20
0 0.528814 0.374734 0.0193447 0.070057 21
0 0.639757 0.314692 0.0141355 0.0632045 22
0 0.505665 0.377479 0.0198057 0.0638252 23
0 0.202074 0.387855 0.0211436 0.0702723 24
0 0.151264 0.589035 0.0442611 0.0807403 25
0 0.417039 0.271472 0.0142816 0.0630559 26
0 0.771762 0.287383 0.0139392 0.0450805 27
0 0.474662 0.644845 0.031518 0.128516 28
0 0.25783 0.164234 0.0106709 0.0430599 29
0 0.0272227 0.15959 0.0117469 0.053477 30
0 0.270963 0.24132 0.0126117 0.0473468 31
0 0.278642 0.902841 0.0377986 0.187526 32
0 0.139862 0.487846 0.0298868 0.0621409 33
0 0.306148 0.464232 0.0213743 0.0514253 34
0 0.523164 0.380252 0.0191545 0.0636365 35
1 0.21334 0.767966 0.0448121 0.111546 36
0 0.29073 0.144416 0.0102676 0.042091 37
1 0.18875 0.667959 0.0562735 0.115105 38
0 0.247942 0.42748 0.0286695 0.0548596 39
0 0.00828857 0.0712713 0.013337 0.0404548 40
0 0.00761135 0.246815 0.0150958 0.0383757 41
0 0.179691 0.167031 0.0105453 0.0401288 42
0 0.147779 0.158715 0.0132193 0.045377 43
0 0.152086 0.177796 0.0134477 0.0459 44
