0 0.577039 0.58952 0.041725 0.123806 1
0 0.234803 0.630922 0.0345025 0.139482 2
0 0.346682 0.782249 0.051053 0.225279 3
0 0.456205 0.930847 0.0480669 0.136344 4
0 0.53379 0.538005 0.0258225 0.116546 5
0 0.120387 0.921623 0.0472159 0.152627 6
0 0.475713 0.588559 0.0315783 0.118502 7
0 0.445258 0.652747 0.0466859 0.145491 8
0 0.189758 0.638526 0.0355825 0.12968 9
0 0.300785 0.633639 0.0420312 0.146362 10
0 0.117393 0.689864 0.0545638 0.0972196 11
0 0.50494 0.438219 0.0254446 0.111549 12
0 0.402766 0.506154 0.0274099 0.120236 13
0 0.299201 0.850352 0.0643795 0.141579 14
0 0.19831 0.738874 0.0464471 0.103449 15
0 0.378056 0.494342 0.0246586 0.108502 16
0 0.244214 0.430518 0.0157349 0.0659356 17
0 0.0953649 0.509818 0.0243935 0.0867498 18
0 0.491017 0.289882 0.0146599 0.0593424 19
0 0.0978599 0.47118 0.0283666 0.109916 20
0 0.0237618 0.580811 0.040539 0.0768383 21
0 0.342632 0.271512 0.016432 0.0602135 22
0 0.255824 0.367459 0.0192867 0.0601267 23
0 0.20975 0.386594 0.0215996 0.096815 24
0 0.00523517 0.304764 0.0104703 0.0554966 25
0 0.135716 0.484675 0.0294434 0.0651789 26
0 0.240698 0.284036 0.0124918 0.0644123 27
0 0.566173 0.376753 0.0203171 0.0541429 28
0 0.416785 0.36361 0.0224596 0.0647274 29
0 0.336582 0.27277 0.0150045 0.0623701 30
0 0.139409 0.1833 0.0101568 0.0356004 31
0 0.10163 0.216457 0.0101257 0.046975 32
0 0.398744 0.372275 0.0205481 0.0623783 33
0 0.495814 0.937374 0.0334441 0.119143 34
0 0.218532 0.329165 0.0178912 0.0632782 35
0 0.224523 0.50099 0.0274601 0.0659303 36
0 0.35199 0.835771 0.0476831 0.11447 37
0 0.21894 0.378162 0.0183554 0.0842836 38
