0 0.507075 0.639815 0.0320967 0.139785 1
0 0.517834 0.445998 0.0239593 0.111857 2
0 0.269349 0.522458 0.0256152 0.12285 3
0 0.339549 0.490352 0.0254195 0.112098 4
0 0.381069 0.32597 0.016564 0.0787336 5
0 0.128688 0.771869 0.0524909 0.136386 6
0 0.23242 0.490834 0.0264747 0.11727 7
0 0.576142 0.362872 0.0219381 0.0705237 8
0 0.0266833 0.213373 0.0170662 0.0488687 9
0 0.0470165 0.452428 0.0281031 0.082629 10
0 0.240988 0.141063 0.0113012 0.0472726 11
0 0.439893 0.486323 0.0254171 0.104816 12
0 0.309687 0.18284 0.0109936 0.0504548 13
0 0.210186 0.474467 0.0289406 0.139346 14
0 0.0696131 0.164021 0.0156974 0.062361 15
0 0.173565 0.329454 0.0228684 0.0812895 16
0 0.104001 0.458457 0.0347691 0.0751122 17
0 0.431902 0.453507 0.0239088 0.108782 18
0 0.405287 0.144625 0.0102419 0.0445156 19
0 0.438935 0.31925 0.0244688 0.0640904 20
0 0.465541 0.485484 0.0274227 0.102449 21
0 0.112278 0.161252 0.0122425 0.0475925 22
0 0.461642 0.519591 0.0334352 0.161913 23
0 0.136424 0.142847 0.0108648 0.0461675 24
0 0.552144 0.365332 0.0201311 0.0641818 25
0 0.206649 0.0572405 0.00932841 0.0406924 26
0 0.15437 0.0822345 0.00968566 0.0352492 27
0 0.246375 0.0446748 0.00844638 0.0472759 28
0 0.235005 0.0537613 0.00983826 0.0412962 29
1 0.438067 0.31841 0.0227901 0.0623867 30
0 0.210009 0.139353 0.0105777 0.0530942 31
2 0.160646 0.635498 0.0616047 0.105531 32
0 0.0886321 0.0935675 0.0103039 0.0286776 33
0 0.184336 0.0583184 0.00968814 0.0349046 34
0 0.314014 0.394458 0.0279312 0.0936194 35
0 0.712685 0.423979 0.0281809 0.0557372 36
0 0.364374 0.147848 0.0105683 0.0397821 37
0 0.154188 0.318729 0.0219235 0.0855549 38
0 0.320826 0.141521 0.0100956 0.0418755 39
1 0.171337 0.504996 0.0360969 0.0973414 40
0 0.157991 0.290881 0.0206508 0.0763833 41
0 0.174301 0.501577 0.0274474 0.0896844 42
0 0.24239 0.0517867 0.00847891 0.0404737 43
