0 0.257389 0.850394 0.0520332 0.154505 1
0 0.662968 0.444364 0.0230644 0.0977034 2
0 0.283024 0.702136 0.0405144 0.144684 3
0 0.0372952 0.426388 0.0317091 0.0790965 4
0 0.43981 0.936543 0.0572798 0.122187 5
0 0.510424 0.562137 0.0392041 0.115503 6
0 0.591694 0.611316 0.0428659 0.119274 7
0 0.384561 0.715968 0.0416739 0.160277 8
0 0.197389 0.43459 0.0277228 0.106549 9
0 0.382344 0.938037 0.0524662 0.123926 10
0 0.148726 0.779819 0.0487516 0.116694 11
0 0.23474 0.713849 0.0336489 0.139159 12
0 0.09783 0.56634 0.0279814 0.0958225 13
0 0.464888 0.519396 0.0318501 0.117964 14
0 0.0270842 0.659102 0.0537087 0.0819318 15
0 0.505292 0.528248 0.0282863 0.161862 16
0 0.562938 0.398119 0.0199931 0.0516686 17
0 0.61742 0.466269 0.0260666 0.101794 18
0 0.216541 0.309868 0.0166598 0.0737646 19
0 0.279393 0.355 0.0146293 0.0635707 20
0 0.591576 0.24978 0.0120348 0.043137 21
0 0.130002 0.539003 0.0311286 0.0727499 22
0 0.414872 0.391889 0.0182461 0.0724959 23
0 0.0402987 0.242726 0.0124422 0.0409174 24
0 0.46647 0.456233 0.0228585 0.0809836 25
0 0.577157 0.286065 0.0104387 0.0344506 26
0 0.248335 0.282257 0.0144104 0.0564296 27
1 0.240207 0.40554 0.0239767 0.0567259 28
0 0.578335 0.973469 0.0500083 0.0530614 29
