0 0.259928 0.590326 0.0399768 0.133183 1
0 0.332121 0.625202 0.031206 0.130412 2
0 0.625678 0.512947 0.031592 0.116017 3
0 0.412365 0.921046 0.0498753 0.157909 4
0 0.555261 0.516369 0.0234131 0.110801 5
0 0.670719 0.580432 0.0287846 0.128981 6
0 0.292458 0.807167 0.0496261 0.132957 7
0 0.517735 0.455131 0.0311625 0.133816 8
0 0.117758 0.163967 0.0120244 0.0586761 9
0 0.162821 0.632133 0.0496472 0.0986089 10
2 0.0336624 0.622179 0.0673249 0.085514 11
0 0.184357 0.457108 0.0259179 0.0801368 12
0 0.444529 0.500529 0.0245401 0.107027 13
0 0.301693 0.363695 0.0225538 0.0887534 14
0 0.478174 0.47395 0.017469 0.108508 15
0 0.127193 0.247056 0.0148474 0.0520463 16
0 0.227664 0.593404 0.0220591 0.122839 17
0 0.0107351 0.427173 0.0214703 0.093631 18
0 0.094947 0.168263 0.011799 0.0517989 19
0 0.580205 0.288789 0.0140671 0.052461 20
0 0.472129 0.365409 0.0169058 0.0606298 21
0 0.338569 0.807885 0.0426747 0.107657 22
0 0.641448 0.382096 0.0217257 0.0575558 23
0 0.153505 0.750516 0.0470044 0.159523 24
0 0.0687806 0.180259 0.0135834 0.0498077 25
0 0.285602 0.300511 0.0159771 0.0508828 26
0 0.338917 0.357555 0.0231076 0.0699568 27
1 0.233426 0.705869 0.0551647 0.117116 28
0 0.342288 0.26524 0.0114977 0.0649317 29
1 0.217915 0.444977 0.0217632 0.0580397 30
1 0.0440101 0.496936 0.0429705 0.0939555 31
0 0.485379 0.363059 0.016715 0.0632702 32
0 0.620125 0.305078 0.0109928 0.043971 33
0 0.0888346 0.112406 0.0117306 0.0553371 34
0 0.0423053 0.491061 0.0298693 0.086275 35
0 0.437756 0.930512 0.0319776 0.135964 36
0 0.105316 0.519653 0.0485026 0.0681365 37
0 0.546596 0.234542 0.0125093 0.0467148 38
0 0.0409434 0.16656 0.0133285 0.0567097 39
0 0.218323 0.443045 0.0240477 0.0644853 40
2 0.2282 0.711035 0.0653208 0.120705 41
