0 0.711679 0.638223 0.0273829 0.128434 1
0 0.340588 0.61348 0.0355301 0.13506 2
0 0.35682 0.91806 0.057475 0.159771 3
0 0.525746 0.460158 0.0266573 0.117105 4
0 0.472196 0.572153 0.0289913 0.130455 5
0 0.600984 0.477503 0.0259656 0.102375 6
0 0.0467729 0.408434 0.0242475 0.0826095 7
0 0.552454 0.562507 0.0214832 0.110812 8
0 0.25514 0.587561 0.0336975 0.131683 9
0 0.309577 0.368226 0.0171519 0.0846159 10
0 0.716075 0.498096 0.0260387 0.106104 11
0 0.565385 0.431817 0.0201518 0.0871587 12
0 0.26232 0.793923 0.0525167 0.118249 13
0 0.0126149 0.427164 0.0250271 0.0831641 14
0 0.225327 0.581035 0.0243216 0.109957 15
0 0.0131534 0.736667 0.0263068 0.102376 16
0 0.514078 0.366812 0.0218978 0.0777335 17
0 0.302295 0.79697 0.0395861 0.0945506 18
0 0.366973 0.360835 0.0227236 0.0885608 19
0 0.464011 0.483635 0.0299538 0.104143 20
2 0.0513876 0.598937 0.053265 0.0767505 21
0 0.523653 0.296735 0.0128918 0.059701 22
0 0.139175 0.176523 0.0135231 0.0455998 23
0 0.242881 0.260596 0.0123555 0.0493646 24
0 0.661755 0.400675 0.0243458 0.0522853 25
0 0.493535 0.372675 0.018554 0.0694649 26
0 0.128356 0.507914 0.0307162 0.0646228 27
1 0.165569 0.61084 0.0414806 0.0821764 28
0 0.193099 0.168304 0.0142524 0.0497841 29
0 0.343298 0.347497 0.0186764 0.069727 30
0 0.164125 0.611616 0.0399778 0.083248 31
0 0.010511 0.612052 0.0207601 0.0602166 32
1 0.240173 0.439542 0.0212505 0.056632 33
0 0.202846 0.438118 0.022112 0.0778283 34
0 0.0797488 0.470342 0.0270651 0.0768414 35
0 0.161495 0.16528 0.0109427 0.0593416 36
0 0.731352 0.274394 0.0136106 0.0430788 37
0 0.379832 0.26972 0.0134936 0.0656703 38
1 0.21995 0.663835 0.0472864 0.146225 39
0 0.156978 0.114788 0.0104686 0.052839 40
1 0.0110636 0.609791 0.0221271 0.0594732 41
