0 0.540509 0.666788 0.0354608 0.144794 1
0 0.48627 0.560896 0.0316753 0.119772 2
0 0.328503 0.5276 0.0266148 0.101141 3
0 0.396623 0.313752 0.015531 0.0728968 4
0 0.546171 0.440529 0.0253086 0.116627 5
0 0.257814 0.493951 0.026302 0.120886 6
0 0.438939 0.499104 0.0227321 0.0951586 7
0 0.0312206 0.308911 0.0205591 0.0784018 8
0 0.414345 0.468837 0.0277393 0.0942466 9
0 0.105796 0.169101 0.0122482 0.0489088 10
0 0.464415 0.474906 0.024975 0.103087 11
0 0.22409 0.462986 0.0329805 0.108467 12
0 0.164774 0.147312 0.0104739 0.0432615 13
0 0.112928 0.699879 0.0376785 0.154813 14
0 0.0905846 0.717758 0.0439229 0.12884 15
0 0.349831 0.176987 0.0123892 0.0478732 16
0 0.442225 0.308699 0.017799 0.0600673 17
0 0.367615 0.138511 0.010492 0.0406794 18
0 0.196094 0.0739995 0.00815058 0.0288118 19
0 0.0654297 0.418669 0.0263139 0.0772714 20
0 0.0785757 0.208691 0.0136628 0.0556112 21
0 0.19565 0.304816 0.019615 0.0770414 22
0 0.190092 0.134281 0.0107859 0.043076 23
0 0.19293 0.261123 0.0159982 0.0552085 24
0 0.585259 0.359723 0.0209565 0.0731314 25
0 0.124075 0.154092 0.0124061 0.0462262 26
0 0.177317 0.299841 0.0183621 0.070019 27
0 0.536567 0.246601 0.0131544 0.0677785 28
0 0.303213 0.13365 0.0108386 0.0466394 29
0 0.559865 0.362035 0.0236658 0.0703495 30
0 0.213882 0.456952 0.0298483 0.108356 31
0 0.116544 0.425778 0.0318549 0.0726739 32
0 0.245332 0.0532749 0.00795087 0.034046 33
0 0.177724 0.472703 0.0290742 0.0781475 34
1 0.318137 0.370321 0.0299022 0.0792931 35
0 0.20863 0.374138 0.0206737 0.076602 36
0 0.446377 0.134772 0.0112804 0.0489047 37
0 0.22522 0.187985 0.0126698 0.0416192 38
0 0.406614 0.142397 0.0123104 0.038802 39
0 0.307911 0.0277755 0.00834374 0.0251237 40
0 0.0526874 0.107894 0.0100161 0.0411217 41
0 0.292936 0.042527 0.00913609 0.0417937 42
0 0.159986 0.604176 0.0480656 0.0965815 43
0 0.0417708 0.0229572 0.00925501 0.0321894 44
0 0.347202 0.396651 0.0202012 0.04552 45
0 0.291031 0.313192 0.0177531 0.0657609 46
0 0.270498 0.0564949 0.00726686 0.0300616 47
0 0.113676 0.150348 0.0102872 0.0460415 48
0 0.0390664 0.108601 0.00945406 0.0325707 49
0 0.384672 0.140675 0.0105379 0.0351462 50
0 0.318308 0.374695 0.0299785 0.0843238 51
0 0.0881926 0.208415 0.016883 0.0539594 52
0 0.292887 0.0303815 0.0093768 0.027284 53
