0 0.373015 0.701891 0.0412934 0.158153 1
0 0.0944312 0.560758 0.0307314 0.0940982 2
0 0.276711 0.693097 0.0389948 0.14966 3
0 0.489917 0.509163 0.0289264 0.115996 4
0 0.431611 0.504444 0.0327957 0.151291 5
0 0.0217425 0.427545 0.0216432 0.0787152 6
0 0.524601 0.538185 0.0286428 0.114915 7
0 0.152249 0.76286 0.0525889 0.10135 8
0 0.200837 0.424862 0.0253482 0.102441 9
0 0.250996 0.835908 0.0510771 0.145548 10
0 0.428786 0.922048 0.0598989 0.11647 11
0 0.223499 0.709521 0.043668 0.144693 12
0 0.614654 0.430459 0.0205523 0.0948693 13
0 0.0230193 0.653719 0.0437443 0.0790622 14
0 0.544675 0.525614 0.0228096 0.112987 15
0 0.372569 0.929501 0.0503099 0.130725 16
0 0.787433 0.970457 0.0353508 0.0590868 17
0 0.28723 0.344272 0.0156317 0.0570592 18
0 0.204725 0.308895 0.0153498 0.0698464 19
0 0.563646 0.463526 0.0265289 0.108984 20
0 0.589295 0.243164 0.0123553 0.043032 21
0 0.588375 0.514257 0.0220507 0.124657 22
0 0.567415 0.966372 0.0452282 0.0659454 23
0 0.560741 0.394909 0.019734 0.055851 24
0 0.626952 0.964264 0.0354677 0.0714715 25
0 0.1272 0.53161 0.028898 0.0676368 26
0 0.409006 0.38929 0.0182291 0.0684745 27
0 0.264053 0.281735 0.0167381 0.0648218 28
0 0.231505 0.549117 0.0279934 0.0676712 29
0 0.435601 0.476106 0.0259608 0.0966386 30
0 0.0840729 0.20258 0.00987632 0.0376495 31
1 0.232834 0.397415 0.0300053 0.0619001 32
0 0.236595 0.399934 0.0241022 0.0569676 33
0 0.390833 0.395693 0.0192478 0.0647225 34
