0 0.314841 0.614492 0.0369985 0.1383 1
0 0.386666 0.503799 0.032298 0.11949 2
0 0.523545 0.511222 0.0384314 0.121846 3
0 0.290557 0.817087 0.0538943 0.132757 4
0 0.650961 0.570877 0.0350092 0.119606 5
0 0.201601 0.929993 0.0460048 0.136435 6
0 0.431618 0.486993 0.0246986 0.115194 7
0 0.425725 0.917883 0.0470624 0.164233 8
0 0.209124 0.598625 0.0283427 0.116574 9
0 0.0453594 0.173991 0.0141772 0.0572765 10
0 0.06183 0.272298 0.0170074 0.0527715 11
0 0.020919 0.177785 0.014295 0.0577403 12
0 0.49103 0.466162 0.0283272 0.117926 13
0 0.24834 0.593008 0.0376395 0.124045 14
0 0.487528 0.431271 0.0271382 0.102229 15
0 0.140101 0.4774 0.0211142 0.0915353 16
0 0.138801 0.645728 0.0506766 0.0930783 17
0 0.535443 0.295838 0.0167171 0.0781984 18
0 0.241252 0.685298 0.0471699 0.162948 19
0 0.254857 0.36888 0.0215496 0.0922576 20
0 0.60302 0.376248 0.0216808 0.0559445 21
0 0.237328 0.302352 0.0164803 0.0497057 22
0 0.295787 0.354698 0.0269173 0.0651991 23
0 0.43465 0.363986 0.0166928 0.0594844 24
0 0.455183 0.923231 0.04683 0.151153 25
0 0.068498 0.151717 0.0111743 0.0490823 26
0 0.321139 0.82088 0.086894 0.128509 27
0 0.292088 0.37883 0.0206814 0.0818638 28
0 0.0686042 0.539807 0.0367488 0.0693422 29
0 0.102878 0.123764 0.00904198 0.0458323 30
1 0.0173688 0.568601 0.0343667 0.0723285 31
0 0.20309 0.209826 0.0110745 0.0507809 32
1 0.0686537 0.540419 0.0346107 0.0709771 33
1 0.176934 0.455997 0.0265781 0.0599359 34
0 0.205958 0.709963 0.0489596 0.109284 35
1 0.29541 0.354635 0.0272941 0.0633518 36
0 0.449472 0.353281 0.0175604 0.0722685 37
