0 0.346453 0.576986 0.0258951 0.122578 1
0 0.558221 0.447623 0.0266472 0.102847 2
0 0.265215 0.477402 0.0271294 0.1156 3
0 0.483513 0.480497 0.0267309 0.112909 4
0 0.43936 0.495319 0.0222173 0.103465 5
0 0.526058 0.583458 0.0282145 0.121389 6
0 0.183591 0.139911 0.0125958 0.0519843 7
0 0.0867015 0.673013 0.041354 0.128556 8
0 0.109496 0.656085 0.0292046 0.136059 9
0 0.112146 0.273148 0.0235145 0.0709708 10
0 0.0163278 0.287444 0.0218028 0.0739743 11
0 0.411706 0.472712 0.0242941 0.0993283 12
0 0.0595056 0.305602 0.0241174 0.0778521 13
0 0.39796 0.173407 0.0122065 0.0539377 14
0 0.352749 0.12331 0.00943459 0.051869 15
0 0.609082 0.362782 0.0184315 0.0761636 16
0 0.0655938 0.251355 0.0168253 0.0596373 17
0 0.099711 0.393215 0.0241546 0.0735986 18
0 0.583274 0.361229 0.021143 0.0675956 19
0 0.142768 0.183022 0.0122412 0.0371054 20
0 0.60715 0.441163 0.0189312 0.0808141 21
0 0.312219 0.28305 0.0163916 0.0639946 22
0 0.129458 0.190765 0.0120866 0.0457739 23
0 0.424008 0.305978 0.0139811 0.0779884 24
0 0.232988 0.250079 0.014204 0.0579258 25
0 0.533213 0.668804 0.0301208 0.155158 26
0 0.215786 0.286715 0.0201376 0.0754665 27
0 0.164346 0.158819 0.0115784 0.0411854 28
0 0.572431 0.244788 0.0135785 0.0618357 29
0 0.201137 0.447146 0.0198384 0.0691743 30
0 0.190515 0.493579 0.0269914 0.073797 31
0 0.343684 0.363684 0.0269185 0.0871142 32
0 0.0301086 0.138633 0.011178 0.0431474 33
0 0.229781 0.288147 0.0176108 0.0790021 34
0 0.0307693 0.1513 0.0136542 0.0475551 35
0 0.367606 0.387255 0.0149358 0.047083 36
0 0.49401 0.131313 0.0105379 0.0523612 37
0 0.145697 0.405844 0.0294423 0.0679121 38
0 0.228964 0.429754 0.0281015 0.122591 39
0 0.239759 0.381361 0.0199064 0.0654088 40
0 0.0141877 0.168261 0.0129875 0.0413672 41
0 0.310335 0.0475673 0.00936976 0.0353092 42
0 0.421047 0.139272 0.0130634 0.0476129 43
1 0.144365 0.4058 0.0273957 0.0627791 44
0 0.0863026 0.10114 0.0101813 0.0274238 45
1 0.164996 0.567308 0.0347429 0.0935861 46
0 0.373667 0.0270224 0.0100557 0.0364897 47
0 0.51937 0.14032 0.0118443 0.0498608 48
0 0.223243 0.13674 0.0103392 0.0365374 49
1 0.344437 0.36338 0.026251 0.0887766 50
