0 0.517793 0.645848 0.0346226 0.138415 1
0 0.266133 0.513942 0.026924 0.124167 2
0 0.524479 0.440977 0.0267297 0.114668 3
0 0.336783 0.506927 0.0249545 0.115531 4
0 0.0212226 0.231572 0.0177136 0.0608816 5
0 0.119406 0.751471 0.056054 0.140031 6
0 0.385129 0.323238 0.0156812 0.0790266 7
0 0.156595 0.313822 0.0177771 0.0738252 8
0 0.228709 0.483524 0.0257733 0.114663 9
0 0.256062 0.137709 0.0102903 0.0458975 10
0 0.179654 0.323021 0.0250717 0.087156 11
0 0.0429581 0.211347 0.0163646 0.0400747 12
0 0.0837824 0.160446 0.0167636 0.0547334 13
0 0.577609 0.361779 0.0223337 0.0722439 14
0 0.209288 0.477603 0.0226785 0.108087 15
0 0.428944 0.450003 0.0209368 0.098209 16
0 0.445119 0.488634 0.0229843 0.0979291 17
0 0.322473 0.182723 0.0110071 0.0489483 18
0 0.171701 0.551662 0.0466134 0.0804937 19
0 0.148746 0.141173 0.0108225 0.0414626 20
0 0.106162 0.450939 0.033724 0.0712153 21
0 0.0508402 0.442263 0.0257469 0.0788604 22
0 0.165968 0.0785612 0.00785959 0.0351916 23
0 0.176168 0.487633 0.0231895 0.0792165 24
0 0.126679 0.156961 0.0108926 0.0459089 25
0 0.416698 0.142666 0.010466 0.042991 26
0 0.46536 0.537126 0.0337816 0.144118 27
0 0.0773241 0.16594 0.00954878 0.0537654 28
0 0.173323 0.502411 0.0351929 0.108875 29
0 0.106689 0.0913822 0.0090207 0.0301576 30
0 0.441283 0.317573 0.0249483 0.0645126 31
0 0.169079 0.625485 0.0502751 0.116126 32
0 0.201338 0.402635 0.0216029 0.0573959 33
0 0.216996 0.0573726 0.00888118 0.0362639 34
1 0.297423 0.348868 0.0238437 0.0701279 35
0 0.462238 0.474895 0.0260584 0.0884188 36
0 0.168224 0.386607 0.024212 0.0812632 37
0 0.133263 0.731839 0.0369254 0.163765 38
1 0.553377 0.362981 0.0199198 0.0598157 39
0 0.170215 0.280878 0.0158829 0.0617801 40
0 0.333648 0.137646 0.00986338 0.0356247 41
0 0.411209 0.139915 0.0101645 0.0442554 42
0 0.202049 0.0584922 0.00903264 0.0336635 43
1 0.103005 0.446031 0.0333326 0.0645838 44
0 0.433066 0.261728 0.0136497 0.0633533 45
