0 0.265607 0.823799 0.0312923 0.12867 1
0 0.536068 0.531143 0.0317733 0.103956 2
0 0.357703 0.348472 0.017303 0.0832543 3
0 0.659182 0.497766 0.0247587 0.103951 4
0 0.215548 0.536731 0.02506 0.112111 5
0 0.577192 0.587025 0.0269868 0.118017 6
0 0.242212 0.538619 0.0222993 0.121818 7
0 0.287966 0.569665 0.0305059 0.127162 8
0 0.141066 0.156433 0.0126118 0.0527876 9
0 0.125924 0.359473 0.0209379 0.0816346 10
0 0.555095 0.374041 0.0200192 0.0681115 11
0 0.0294862 0.167384 0.0125163 0.0434744 12
1 0.0132595 0.51725 0.0250479 0.083554 13
0 0.0954384 0.318683 0.017477 0.0742567 14
0 0.571121 0.474182 0.0206066 0.10112 15
0 0.465293 0.480023 0.021001 0.0808797 16
0 0.185582 0.20477 0.0142338 0.0530942 17
0 0.282733 0.189485 0.0116996 0.0531456 18
0 0.534226 0.376164 0.019638 0.0625627 19
1 0.208305 0.72066 0.0447486 0.11232 20
0 0.0992045 0.350219 0.0228585 0.104261 21
0 0.130909 0.437549 0.0232954 0.0838103 22
0 0.0135534 0.518186 0.0246929 0.0829928 23
0 0.214919 0.853407 0.0393171 0.199663 24
1 0.189439 0.621539 0.0461718 0.104316 25
0 0.4653 0.557936 0.0298593 0.106256 26
0 0.0897248 0.528955 0.0275148 0.0663774 27
0 0.435608 0.494335 0.0273435 0.0949515 28
0 0.055563 0.0707481 0.0113209 0.0369148 29
0 0.04694 0.10015 0.00996956 0.0314011 30
0 0.359085 0.260309 0.0135606 0.0472364 31
0 0.329461 0.158415 0.0108908 0.0403134 32
0 0.32697 0.447636 0.0175462 0.0490029 33
0 0.167833 0.547683 0.0270683 0.0794565 34
0 0.0894858 0.223221 0.0164343 0.0347347 35
0 0.699142 0.422083 0.026123 0.0513448 36
1 0.412084 0.335796 0.0339559 0.0672207 37
0 0.293837 0.0952365 0.00890616 0.0325069 38
0 0.464492 0.249332 0.0149919 0.0453635 39
0 0.465373 0.622865 0.0294855 0.121332 40
0 0.0727761 0.0633194 0.00937562 0.0414751 41
0 0.0514528 0.141624 0.0159211 0.0444326 42
0 0.340986 0.151449 0.0105265 0.0472365 43
0 0.124692 0.458587 0.0302755 0.0784723 44
1 0.281769 0.406011 0.022113 0.0522849 45
0 0.335126 0.155663 0.0100512 0.041357 46
0 0.603563 0.310796 0.0160527 0.0773837 47
0 0.354975 0.142173 0.0097612 0.0401387 48
0 0.34721 0.148694 0.0107993 0.0481464 49
