0 0.613042 0.618209 0.0479006 0.124823 1
0 0.549438 0.547455 0.0250448 0.113086 2
0 0.682453 0.504348 0.0298842 0.105422 3
0 0.211179 0.551936 0.0277038 0.115317 4
0 0.585253 0.483284 0.0254812 0.104819 5
0 0.108582 0.371296 0.0232995 0.0767575 6
0 0.286323 0.582145 0.0316973 0.129793 7
0 0.455781 0.62113 0.0332901 0.138843 8
0 0.348307 0.355145 0.017618 0.0825609 9
0 0.482231 0.49584 0.0261111 0.105248 10
0 0.237118 0.550996 0.0253516 0.122459 11
0 0.545604 0.375485 0.0210812 0.0688151 12
0 0.145093 0.21348 0.0160541 0.0484851 13
0 0.285019 0.853095 0.0300643 0.124604 14
0 0.52219 0.37742 0.0188278 0.0639685 15
0 0.183212 0.640233 0.0594735 0.103144 16
0 0.335146 0.256035 0.0124985 0.0528562 17
0 0.23752 0.884746 0.0410547 0.18225 18
0 0.0627168 0.232361 0.0185669 0.0362707 19
0 0.0750145 0.324697 0.0166793 0.0684906 20
0 0.112327 0.165748 0.0143814 0.0510537 21
0 0.116084 0.452754 0.0250912 0.0806059 22
0 0.00486068 0.17379 0.00972136 0.0487546 23
0 0.052882 0.0791822 0.0114981 0.0393613 24
0 0.160105 0.560138 0.0370792 0.0805878 25
0 0.297444 0.457963 0.019202 0.0483864 26
0 0.302183 0.163617 0.00995702 0.0400445 27
0 0.391119 0.346019 0.018251 0.0628266 28
0 0.688567 0.426782 0.0276188 0.0597527 29
0 0.0191198 0.0735371 0.0138711 0.0407295 30
0 0.319325 0.454697 0.0188046 0.0485021 31
0 0.260571 0.187579 0.0136979 0.0627978 32
0 0.45353 0.529512 0.0418007 0.112357 33
0 0.274537 0.417236 0.0230786 0.0599914 34
0 0.0133339 0.107169 0.011354 0.0321568 35
0 0.0683402 0.540049 0.0482707 0.0726843 36
0 0.256021 0.176727 0.0121363 0.057994 37
0 0.409377 0.346518 0.0193822 0.0548655 38
0 0.037214 0.0652738 0.0135234 0.041973 39
0 0.162234 0.465795 0.0303326 0.0558659 40
1 0.209138 0.737476 0.0438821 0.101719 41
0 0.454433 0.324483 0.0142485 0.0636793 42
0 0.0811426 0.089458 0.0122159 0.0468215 43
0 0.328127 0.148583 0.00957739 0.0469369 44
0 0.0649092 0.0330933 0.0107528 0.044869 45
0 0.528194 0.377159 0.0182491 0.0667876 46
0 0.0337714 0.0465897 0.0151105 0.0537251 47
0 0.379216 0.191029 0.00932466 0.0416862 48
0 0.331475 0.141896 0.00916749 0.0410517 49
0 0.447309 0.251606 0.0130825 0.0490322 50
0 0.252062 0.166731 0.0112121 0.0440188 51
0 0.0846107 0.395515 0.0187347 0.0596764 52
