0 0.315108 0.614932 0.036415 0.13728 1
0 0.198331 0.930526 0.0461111 0.130261 2
0 0.650897 0.571895 0.0341719 0.120232 3
0 0.387207 0.504671 0.0336852 0.120283 4
0 0.290427 0.817184 0.0533582 0.131928 5
0 0.523356 0.509361 0.0377992 0.119065 6
0 0.427174 0.918639 0.0474733 0.162723 7
0 0.430491 0.486695 0.023708 0.112968 8
0 0.208235 0.597871 0.0273708 0.111758 9
0 0.0604793 0.271513 0.019125 0.0525658 10
0 0.137232 0.480353 0.0215596 0.0897627 11
0 0.13907 0.646675 0.0496712 0.0928145 12
0 0.488131 0.431639 0.0292074 0.102889 13
0 0.043008 0.1755 0.0148297 0.0556629 14
0 0.491939 0.474745 0.0276694 0.121402 15
0 0.247799 0.596961 0.0395432 0.130679 16
0 0.533799 0.295061 0.0164504 0.0748268 17
0 0.253817 0.370794 0.0204719 0.0926551 18
0 0.0165778 0.175488 0.0137354 0.0621897 19
0 0.455889 0.925673 0.0468483 0.148653 20
0 0.602662 0.375244 0.0191525 0.0560711 21
0 0.292417 0.386526 0.0167212 0.0697038 22
0 0.236608 0.304047 0.0184898 0.0516771 23
0 0.322984 0.821566 0.0828482 0.127579 24
0 0.249263 0.680025 0.0386812 0.14295 25
0 0.0708259 0.540948 0.0388199 0.0677311 26
0 0.450087 0.354037 0.0206016 0.0723965 27
0 0.436444 0.371509 0.0207425 0.0526377 28
0 0.295087 0.35368 0.0261339 0.0642941 29
0 0.619654 0.263226 0.0124115 0.035791 30
0 0.267504 0.35213 0.0178301 0.048563 31
0 0.290933 0.25346 0.0109899 0.0434997 32
