0 0.31209 0.614546 0.0385478 0.143505 1
0 0.650966 0.573765 0.0293777 0.127604 2
0 0.136458 0.476386 0.0301483 0.0893316 3
0 0.431063 0.91899 0.0499846 0.162021 4
0 0.200961 0.935584 0.05604 0.125459 5
0 0.291942 0.818166 0.0544825 0.133808 6
0 0.384504 0.504093 0.0361453 0.122962 7
0 0.523953 0.501124 0.0349377 0.120466 8
0 0.249251 0.36851 0.022205 0.10043 9
0 0.0553759 0.2748 0.0199228 0.0563564 10
0 0.249145 0.602223 0.0322681 0.139297 11
0 0.489565 0.4362 0.0310577 0.116532 12
0 0.42603 0.488274 0.0225737 0.113103 13
0 0.0351938 0.176956 0.0155978 0.0563371 14
0 0.136332 0.65072 0.0496015 0.0944466 15
0 0.529869 0.286807 0.0158512 0.0639715 16
0 0.254033 0.676959 0.0356126 0.141428 17
0 0.20667 0.60423 0.0313925 0.125146 18
0 0.454688 0.923683 0.0534039 0.152633 19
0 0.290051 0.372016 0.0232069 0.0944152 20
0 0.0605449 0.543854 0.0467858 0.0711711 21
0 0.0100478 0.178806 0.0138845 0.0609486 22
0 0.598815 0.37315 0.0178021 0.0510004 23
0 0.317592 0.821611 0.0926353 0.131242 24
0 0.233391 0.304007 0.0205946 0.050741 25
0 0.496111 0.473333 0.0268875 0.153808 26
0 0.174842 0.459114 0.0321092 0.0663691 27
0 0.0578751 0.146795 0.0119867 0.0513647 28
0 0.0613328 0.171513 0.011202 0.0562107 29
