0 0.569597 0.618383 0.0417622 0.12579 1
0 0.441502 0.937508 0.0581105 0.11693 2
0 0.23275 0.72081 0.0395113 0.151976 3
0 0.490327 0.559749 0.0333311 0.11678 4
0 0.385501 0.716545 0.0436824 0.158748 5
0 0.283363 0.701913 0.0396792 0.142391 6
0 0.664543 0.443879 0.0230722 0.0992486 7
0 0.19176 0.436983 0.0227451 0.108824 8
0 0.626151 0.483836 0.0233276 0.110641 9
0 0.0981723 0.566455 0.0283405 0.0963613 10
0 0.0427997 0.4317 0.0199002 0.072028 11
0 0.384583 0.93897 0.0531586 0.122061 12
0 0.029181 0.659095 0.0575786 0.0821687 13
0 0.466708 0.517622 0.0267119 0.109935 14
0 0.259095 0.833341 0.0492217 0.123246 15
0 0.516077 0.510797 0.0252247 0.111338 16
0 0.216881 0.310164 0.0150521 0.072705 17
0 0.152772 0.779937 0.0558502 0.113977 18
0 0.564674 0.397727 0.0178198 0.0508275 19
0 0.130184 0.539287 0.0306605 0.0752196 20
0 0.283872 0.357907 0.0138753 0.0565456 21
0 0.499385 0.459141 0.0232691 0.09976 22
0 0.0402499 0.235667 0.0124706 0.051962 23
0 0.592023 0.249685 0.0119207 0.0402087 24
0 0.39543 0.40213 0.0174652 0.0631906 25
0 0.414843 0.391793 0.0187635 0.0734259 26
1 0.228436 0.399977 0.0195637 0.0638756 27
0 0.480667 0.450444 0.024716 0.0876781 28
0 0.577684 0.284688 0.0103853 0.0364652 29
1 0.237427 0.405373 0.0287642 0.0624547 30
