0 0.648347 0.582965 0.0307976 0.12774 1
0 0.294422 0.819058 0.0607375 0.130797 2
0 0.19474 0.931373 0.0474954 0.135047 3
0 0.436053 0.918108 0.0504557 0.163784 4
0 0.121489 0.482744 0.024485 0.090854 5
0 0.306962 0.612919 0.0384053 0.149836 6
0 0.385126 0.507062 0.0294548 0.116557 7
0 0.264552 0.705327 0.0484859 0.164047 8
0 0.0409249 0.281564 0.0168388 0.055617 9
0 0.244201 0.604711 0.0309877 0.135566 10
0 0.238105 0.371775 0.0236368 0.100215 11
0 0.419724 0.491473 0.0232837 0.11822 12
0 0.197275 0.611605 0.0346142 0.130825 13
0 0.517636 0.286872 0.0151936 0.0610649 14
0 0.502142 0.429926 0.0271408 0.0970417 15
0 0.0130798 0.178766 0.0150326 0.0546371 16
0 0.514842 0.526891 0.0440822 0.137677 17
0 0.439964 0.351866 0.0237622 0.0712607 18
0 0.589609 0.369185 0.0191312 0.0497087 19
0 0.0356555 0.161629 0.0116564 0.0550017 20
0 0.200398 0.660682 0.0465903 0.222072 21
0 0.525229 0.505258 0.0246247 0.0897746 22
1 0.277837 0.353368 0.0262192 0.0641246 23
0 0.010852 0.619584 0.0216539 0.165846 24
0 0.325303 0.821731 0.0862928 0.132067 25
0 0.00831394 0.165876 0.0140662 0.0628963 26
0 0.0538262 0.55224 0.0370126 0.0785628 27
0 0.126694 0.655465 0.0447115 0.0937492 28
0 0.472659 0.925038 0.0363154 0.146447 29
0 0.206846 0.678657 0.0450057 0.140995 30
0 0.0409875 0.176915 0.0130272 0.0586474 31
1 0.127975 0.653229 0.0429535 0.0894155 32
