0 0.537268 0.666071 0.0414804 0.139102 1
0 0.332211 0.523703 0.0302616 0.104902 2
0 0.258818 0.497313 0.0255661 0.121931 3
0 0.482547 0.562379 0.0373107 0.117597 4
0 0.395652 0.315056 0.0167448 0.0764818 5
0 0.544109 0.438766 0.026854 0.116428 6
0 0.439376 0.495952 0.0217131 0.0977097 7
0 0.464227 0.475125 0.0233896 0.102375 8
0 0.121374 0.154082 0.0122929 0.046272 9
0 0.0269475 0.309766 0.0209275 0.0730933 10
0 0.226044 0.465959 0.028677 0.110505 11
0 0.103822 0.168351 0.0117877 0.0464343 12
0 0.535096 0.248248 0.0138865 0.067601 13
0 0.0650779 0.421045 0.0278237 0.0775211 14
0 0.41621 0.479875 0.0293681 0.118276 15
0 0.55981 0.361926 0.021291 0.0682671 16
0 0.0727177 0.205993 0.0118255 0.0505957 17
0 0.11187 0.70464 0.0409515 0.156235 18
0 0.443652 0.137899 0.011009 0.0459649 19
0 0.0972239 0.718589 0.0519185 0.136266 20
0 0.584235 0.359336 0.0214461 0.0725099 21
0 0.193807 0.0750784 0.00915804 0.030077 22
0 0.347933 0.177406 0.0110088 0.0448389 23
0 0.364814 0.137602 0.0101039 0.0415926 24
0 0.241197 0.0524402 0.00932512 0.0370778 25
0 0.189282 0.258658 0.0140956 0.0523799 26
0 0.0812511 0.209716 0.0140992 0.0525032 27
0 0.194768 0.312013 0.0194274 0.0744686 28
1 0.31684 0.364835 0.0307823 0.0642339 29
1 0.176383 0.473505 0.0308953 0.0810971 30
0 0.886313 0.528649 0.0236248 0.087737 31
0 0.174755 0.293258 0.0165074 0.0558755 32
0 0.156185 0.606616 0.0444672 0.0957821 33
0 0.404961 0.142173 0.0114195 0.0388318 34
0 0.299476 0.132972 0.0115854 0.0520865 35
0 0.380534 0.134772 0.0114368 0.0425987 36
1 0.442502 0.309669 0.0192624 0.0595856 37
0 0.206255 0.390315 0.0212908 0.0716586 38
0 0.176435 0.471997 0.0287333 0.0772783 39
0 0.442226 0.308169 0.0191051 0.0574843 40
0 0.0377282 0.0235507 0.00885449 0.0322047 41
0 0.221782 0.187619 0.0131902 0.0415055 42
0 0.178114 0.30508 0.0199464 0.0787045 43
0 0.210103 0.465869 0.0245463 0.0978907 44
0 0.258361 0.0471179 0.00916229 0.0425336 45
0 0.115141 0.430733 0.0316399 0.0667564 46
0 0.185467 0.129221 0.00931499 0.0402025 47
0 0.46529 0.136669 0.00956622 0.0474857 48
0 0.149155 0.0873803 0.0108661 0.0315191 49
