0 0.56133 0.554239 0.0319471 0.114603 1
0 0.643878 0.638622 0.0298079 0.128029 2
0 0.703018 0.510668 0.0273035 0.110922 3
0 0.340165 0.360716 0.0165624 0.0796836 4
0 0.603094 0.484501 0.0272975 0.107669 5
0 0.488478 0.489262 0.0235246 0.101081 6
0 0.300238 0.891163 0.0315879 0.135302 7
0 0.0978211 0.384224 0.0231474 0.0895498 8
0 0.21009 0.55859 0.0287477 0.123962 9
0 0.25234 0.891029 0.0398903 0.187214 10
0 0.455927 0.502293 0.0289511 0.0915878 11
0 0.235453 0.56195 0.0262004 0.137946 12
0 0.156372 0.571265 0.0352206 0.0794807 13
0 0.241019 0.190568 0.0135946 0.0570032 14
0 0.0909564 0.169175 0.0134082 0.0530684 15
0 0.517098 0.377644 0.020341 0.0650929 16
0 0.256703 0.157396 0.0105965 0.046271 17
0 0.113646 0.22937 0.0169948 0.0585226 18
0 0.213982 0.373334 0.020047 0.0699881 19
0 0.0655313 0.344893 0.0252779 0.0973163 20
0 0.0683891 0.38412 0.0298851 0.0862846 21
0 0.0430186 0.236937 0.0161328 0.0357248 22
0 0.538796 0.376223 0.0185118 0.0685494 23
0 0.184096 0.652455 0.0614729 0.113645 24
0 0.0666439 0.552849 0.0412375 0.0708346 25
1 0.214751 0.746658 0.0416037 0.101549 26
0 0.0545126 0.0848535 0.0124488 0.0513827 27
0 0.461138 0.646015 0.0365382 0.138388 28
0 0.391629 0.344506 0.0350911 0.0649106 29
0 0.267197 0.422169 0.0234614 0.0591209 30
0 0.0278941 0.07929 0.0116266 0.0395362 31
0 0.283632 0.585635 0.0407562 0.139583 32
1 0.187725 0.650944 0.0543179 0.113636 33
0 0.472597 0.569034 0.0268882 0.103129 34
0 0.283033 0.159082 0.0114525 0.0453192 35
0 0.151602 0.472102 0.0290442 0.0564573 36
0 0.0391291 0.0345615 0.0129709 0.0494497 37
0 0.365263 0.188592 0.0102171 0.0479013 38
0 0.438447 0.259399 0.0141751 0.049166 39
0 0.0612288 0.331569 0.0164744 0.0695453 40
0 0.181228 0.159639 0.0115784 0.0576308 41
0 0.106066 0.4589 0.0268298 0.0839147 42
0 0.291698 0.161829 0.0132947 0.044421 43
0 0.317336 0.143966 0.0111679 0.0441223 44
0 0.332753 0.161121 0.010228 0.0424453 45
