0 0.34065 0.62176 0.0390155 0.138706 1
0 0.267242 0.592774 0.0384378 0.142353 2
0 0.677278 0.595143 0.0272028 0.123565 3
0 0.138169 0.720944 0.0443989 0.139445 4
0 0.650249 0.508683 0.0273575 0.116633 5
0 0.555626 0.523946 0.0279561 0.109662 6
0 0.16715 0.621121 0.0449484 0.0861284 7
0 0.520326 0.438957 0.0287853 0.107522 8
0 0.0213751 0.424339 0.02868 0.108065 9
0 0.478388 0.474226 0.0234455 0.109069 10
0 0.307698 0.361494 0.0252812 0.0904982 11
0 0.458923 0.509324 0.0309113 0.119087 12
0 0.151565 0.244883 0.0162469 0.0560084 13
0 0.232433 0.595731 0.0292134 0.130846 14
0 0.192414 0.451307 0.0235625 0.0819528 15
2 0.226891 0.713976 0.0665816 0.114616 16
0 0.289202 0.803974 0.0525877 0.127283 17
0 0.408963 0.920255 0.0450908 0.149785 18
0 0.349074 0.358425 0.0261822 0.0757346 19
0 0.114922 0.166229 0.0118807 0.0591528 20
0 0.354929 0.266169 0.0124102 0.0632017 21
0 0.0893901 0.176652 0.0142699 0.0508444 22
0 0.139482 0.16095 0.0144236 0.0583907 23
0 0.482229 0.364834 0.019622 0.0686067 24
0 0.0590518 0.170191 0.0114244 0.0486842 25
0 0.591346 0.295255 0.0141687 0.0602621 26
0 0.335207 0.808004 0.0420418 0.110332 27
0 0.322618 0.355158 0.0161269 0.0798994 28
0 0.0536824 0.486707 0.0291643 0.0847206 29
0 0.535287 0.482784 0.0246971 0.117668 30
0 0.112363 0.517073 0.044768 0.0677738 31
0 0.163229 0.163827 0.0129162 0.0494327 32
0 0.468799 0.487869 0.0406486 0.135556 33
0 0.069592 0.175219 0.0130706 0.0476718 34
0 0.295739 0.302105 0.0203093 0.0570119 35
0 0.0278505 0.486732 0.0264633 0.0799856 36
1 0.201602 0.449256 0.0303483 0.072236 37
1 0.291422 0.801853 0.0490025 0.121915 38
0 0.298762 0.467041 0.0334461 0.0660089 39
2 0.0434284 0.616242 0.061756 0.0827745 40
1 0.112257 0.517215 0.0435732 0.0691907 41
1 0.224525 0.442091 0.0247731 0.062435 42
