0 0.257131 0.849342 0.0527802 0.149325 1
0 0.283002 0.700216 0.0400489 0.143175 2
0 0.504159 0.501537 0.024799 0.116002 3
0 0.437708 0.936272 0.0584428 0.125004 4
0 0.533066 0.559366 0.0339273 0.115519 5
0 0.0982748 0.565914 0.0278057 0.0959286 6
0 0.384104 0.714126 0.0417407 0.163977 7
0 0.384487 0.93722 0.0501313 0.125561 8
0 0.606991 0.461183 0.0270972 0.0991482 9
0 0.202414 0.43042 0.0207474 0.104489 10
0 0.0245719 0.426891 0.0211656 0.0681206 11
0 0.65235 0.441472 0.0242355 0.10296 12
0 0.234151 0.715182 0.0348835 0.143392 13
0 0.151846 0.778103 0.0512514 0.116219 14
0 0.616318 0.578488 0.0419941 0.126236 15
0 0.0271626 0.65833 0.0530546 0.0805334 16
0 0.463694 0.523287 0.0359119 0.11973 17
0 0.277247 0.353492 0.0140902 0.0576623 18
0 0.130312 0.538484 0.034587 0.0657014 19
0 0.563286 0.397881 0.0198456 0.0491909 20
0 0.592071 0.247215 0.0141144 0.0397682 21
0 0.470854 0.475988 0.0223981 0.103888 22
0 0.0407852 0.245397 0.0117121 0.0374216 23
0 0.454161 0.478409 0.0241873 0.103478 24
0 0.413883 0.390137 0.0200037 0.0739147 25
0 0.253559 0.279479 0.0140087 0.0667689 26
0 0.394662 0.399982 0.0175114 0.063677 27
0 0.214922 0.295943 0.0188755 0.0510143 28
0 0.578601 0.970605 0.0459104 0.0587899 29
1 0.228679 0.401792 0.01925 0.0647588 30
