0 0.490905 0.625066 0.0311891 0.13242 1
0 0.27162 0.530867 0.0258128 0.122834 2
0 0.518757 0.446534 0.0223185 0.116888 3
0 0.234878 0.497146 0.0241284 0.112089 4
0 0.210585 0.499059 0.025685 0.10412 5
0 0.474676 0.481245 0.0201544 0.1019 6
0 0.341722 0.480349 0.0248196 0.0984779 7
0 0.218678 0.14075 0.0124672 0.0494254 8
0 0.116403 0.147671 0.0111334 0.0423846 9
0 0.375595 0.32906 0.0160669 0.0791679 10
0 0.145669 0.787926 0.0499906 0.145781 11
0 0.289892 0.185847 0.0127048 0.050511 12
0 0.57285 0.364741 0.0225293 0.0682213 13
0 0.0396532 0.463707 0.0267464 0.08206 14
0 0.0535308 0.182468 0.0149995 0.0664051 15
0 0.441205 0.514196 0.0322595 0.162402 16
0 0.00696027 0.211055 0.0139205 0.0528777 17
0 0.164431 0.334105 0.0217005 0.082639 18
0 0.430976 0.454103 0.0203354 0.0986898 19
0 0.503834 0.243896 0.0136473 0.048919 20
0 0.54813 0.368591 0.0180309 0.0604709 21
0 0.345852 0.149341 0.0126715 0.0425866 22
0 0.158432 0.773179 0.0454195 0.170313 23
0 0.0642345 0.0944641 0.00964742 0.0284925 24
0 0.0912652 0.166441 0.0127405 0.0478343 25
0 0.210988 0.0607599 0.00973254 0.0389186 26
0 0.143025 0.320587 0.0224401 0.0869882 27
1 0.176701 0.539777 0.0491698 0.135442 28
0 0.388853 0.136392 0.010368 0.053474 29
0 0.378199 0.136036 0.00813098 0.0511242 30
0 0.303257 0.142876 0.010485 0.0353482 31
1 0.429532 0.326271 0.0201324 0.0541601 32
0 0.307291 0.400487 0.0329137 0.0934899 33
0 0.140571 0.081989 0.00932204 0.0373949 34
0 0.443655 0.0957201 0.00955341 0.035135 35
0 0.175968 0.52235 0.0423306 0.111645 36
0 0.44775 0.32771 0.0178768 0.0516866 37
0 0.145514 0.292479 0.0181534 0.0709896 38
0 0.162969 0.204378 0.0150354 0.0346322 39
1 0.162243 0.392407 0.0232852 0.0778705 40
0 0.429798 0.325763 0.0201902 0.0532822 41
0 0.401407 0.139841 0.0104983 0.0489538 42
1 0.174627 0.64124 0.035406 0.101122 43
0 0.241394 0.130394 0.0097129 0.045121 44
1 0.172256 0.516196 0.0359499 0.0979684 45
0 0.159607 0.060205 0.00968613 0.0372701 46
0 0.416691 0.26071 0.0120785 0.0510625 47
