0 0.537736 0.555413 0.0284581 0.115781 1
0 0.651297 0.437282 0.0249825 0.0994607 2
0 0.256664 0.84937 0.0535651 0.148174 3
0 0.282149 0.698773 0.0413821 0.144304 4
0 0.383465 0.935825 0.050968 0.12835 5
0 0.0246595 0.421903 0.0216374 0.0718401 6
0 0.44731 0.485015 0.0310573 0.125832 7
0 0.438345 0.935072 0.0587326 0.123005 8
0 0.62755 0.58505 0.0329459 0.113161 9
0 0.0977446 0.565844 0.0280113 0.097072 10
0 0.383074 0.713048 0.039697 0.162421 11
0 0.20485 0.431409 0.0242993 0.103649 12
0 0.233915 0.712654 0.0357824 0.139227 13
0 0.604816 0.458774 0.0234207 0.0976773 14
0 0.154429 0.776972 0.0554077 0.115831 15
0 0.0287527 0.658112 0.0564554 0.0799206 16
0 0.481095 0.532709 0.0444638 0.11108 17
0 0.278211 0.351601 0.0135212 0.059031 18
0 0.500986 0.501428 0.0228713 0.118012 19
0 0.56315 0.39851 0.0193516 0.0505613 20
0 0.13133 0.538817 0.0324504 0.0666015 21
0 0.217315 0.318468 0.0144345 0.0565379 22
0 0.210937 0.311311 0.0200972 0.0703503 23
0 0.494399 0.518286 0.0325682 0.0938563 24
0 0.591671 0.245569 0.0124359 0.0422864 25
0 0.0409662 0.244056 0.0121368 0.0397236 26
0 0.414119 0.391717 0.0189062 0.0694372 27
0 0.393325 0.397974 0.016869 0.0661661 28
1 0.229316 0.401335 0.0188986 0.063722 29
0 0.578721 0.971176 0.0443372 0.0576488 30
1 0.241257 0.404808 0.0211922 0.0566096 31
0 0.214782 0.566168 0.0410195 0.0751323 32
