0 0.33964 0.617019 0.0343646 0.138848 1
0 0.252284 0.593273 0.037403 0.132267 2
0 0.295128 0.369944 0.0201297 0.0859621 3
0 0.684703 0.617357 0.030401 0.129972 4
0 0.675704 0.496171 0.0296234 0.113016 5
0 0.514838 0.448424 0.0267804 0.104724 6
0 0.023723 0.416917 0.0251808 0.0891697 7
0 0.565991 0.48155 0.0276386 0.106129 8
0 0.541822 0.541857 0.0278767 0.107888 9
0 0.372871 0.921231 0.054685 0.1503 10
0 0.267222 0.802609 0.0538179 0.126068 11
0 0.461987 0.546151 0.0314987 0.128656 12
0 0.218795 0.59545 0.0354974 0.13175 13
0 0.350601 0.36527 0.0224818 0.0834556 14
0 0.191915 0.447142 0.0266046 0.079056 15
0 0.156163 0.619848 0.0481246 0.0878698 16
0 0.324101 0.338709 0.0217853 0.070945 17
0 0.538518 0.425692 0.0185976 0.0816309 18
0 0.495613 0.359799 0.0182732 0.0701431 19
0 0.0491073 0.700876 0.0367425 0.151762 20
0 0.463462 0.47671 0.0223832 0.0974564 21
0 0.311132 0.804043 0.0364505 0.104888 22
0 0.11473 0.515597 0.0434555 0.0655367 23
0 0.271123 0.480028 0.0314651 0.0640757 24
1 0.201736 0.447985 0.0299127 0.0686705 25
0 0.129898 0.168024 0.0126872 0.0555548 26
0 0.0613997 0.493511 0.0366414 0.100997 27
0 0.478961 0.372173 0.0185359 0.0653112 28
0 0.359777 0.269704 0.0130205 0.0660621 29
