0 0.453006 0.55964 0.0254042 0.118747 1
0 0.282316 0.550775 0.0279635 0.126317 2
0 0.439503 0.471619 0.0257372 0.0986593 3
0 0.232046 0.786377 0.0289024 0.123695 4
0 0.483515 0.523354 0.0266837 0.113106 5
0 0.541602 0.474875 0.0263971 0.097567 6
0 0.2147 0.517937 0.0258715 0.109681 7
0 0.363809 0.337536 0.0171787 0.0773106 8
0 0.592378 0.483906 0.0251535 0.102949 9
0 0.229849 0.196202 0.0146485 0.0539817 10
0 0.0238344 0.492732 0.0267459 0.0835964 11
0 0.563372 0.369463 0.0217903 0.0695307 12
0 0.331323 0.186192 0.0100891 0.0446826 13
0 0.240092 0.518652 0.0215251 0.114667 14
0 0.0389292 0.178668 0.0131605 0.0540672 15
0 0.389936 0.448458 0.0227468 0.0916175 16
0 0.14088 0.343863 0.0221973 0.0796828 17
0 0.0602969 0.157306 0.0116386 0.0417229 18
0 0.116452 0.304065 0.0179856 0.0687332 19
0 0.00458593 0.206915 0.00917187 0.0528984 20
0 0.172556 0.15507 0.011929 0.0506095 21
0 0.490856 0.516193 0.0215464 0.112406 22
0 0.540672 0.372375 0.0194868 0.0647264 23
0 0.482788 0.62709 0.0269201 0.121957 24
0 0.381558 0.260553 0.0110742 0.0505034 25
1 0.416797 0.329357 0.0212524 0.0592125 26
0 0.0880086 0.503355 0.0421307 0.0678149 27
0 0.11817 0.360596 0.0202591 0.0606768 28
0 0.192074 0.843755 0.0361674 0.146337 29
0 0.448047 0.532951 0.0263516 0.144154 30
0 0.084803 0.0915452 0.0103549 0.0295194 31
0 0.306302 0.155219 0.0104372 0.0421254 32
0 0.0970471 0.0643428 0.011848 0.0387522 33
0 0.706003 0.419698 0.0229446 0.0511184 34
0 0.332262 0.434019 0.0180608 0.0487064 35
0 0.114415 0.0586467 0.010382 0.043383 36
0 0.118549 0.215332 0.0148624 0.0352821 37
1 0.0877183 0.501252 0.0417318 0.0688299 38
1 0.289794 0.395803 0.0237643 0.0568915 39
0 0.17904 0.588795 0.0578045 0.106766 40
1 0.430415 0.330954 0.019107 0.0583644 41
0 0.172654 0.528661 0.0319098 0.0780229 42
0 0.111383 0.0389696 0.0109473 0.0457921 43
0 0.479267 0.252009 0.0145746 0.0519168 44
0 0.391779 0.152989 0.010258 0.0435766 45
