0 0.73193 0.66032 0.0395031 0.131874 1
0 0.32848 0.611109 0.0363463 0.128036 2
0 0.477556 0.597355 0.0288437 0.131178 3
0 0.320444 0.367308 0.0166775 0.085171 4
0 0.561378 0.56939 0.0352825 0.10926 5
0 0.747328 0.504448 0.0245089 0.113457 6
0 0.467409 0.496765 0.0257539 0.107567 7
0 0.0638633 0.407088 0.024483 0.0953399 8
0 0.640337 0.484082 0.0227612 0.104565 9
0 0.54755 0.454319 0.0277977 0.10706 10
0 0.254218 0.583163 0.0372283 0.1329 11
0 0.0264981 0.40647 0.0330665 0.102171 12
0 0.166947 0.602878 0.041807 0.0786946 13
0 0.222261 0.580624 0.0297758 0.117541 14
0 0.523885 0.3663 0.0230108 0.0820831 15
0 0.19022 0.211763 0.0145228 0.0543222 16
2 0.0536787 0.58779 0.0616004 0.0770351 17
1 0.254816 0.784527 0.0570146 0.118144 18
0 0.557301 0.449275 0.0259258 0.108225 19
0 0.287464 0.792446 0.0435291 0.0987121 20
0 0.751387 0.27829 0.0173241 0.0430224 21
0 0.377593 0.354137 0.0232118 0.0868039 22
0 0.014893 0.369179 0.0271357 0.077407 23
0 0.407489 0.973637 0.0320963 0.0527256 24
0 0.142058 0.499886 0.0349483 0.0633909 25
0 0.114704 0.150935 0.0118465 0.0482675 26
0 0.104112 0.17073 0.0129187 0.0645231 27
0 0.00897171 0.359014 0.0179434 0.0799647 28
0 0.204037 0.425536 0.0231042 0.0786754 29
0 0.253288 0.782982 0.0526769 0.115978 30
0 0.163805 0.173355 0.013485 0.0474184 31
1 0.246358 0.4355 0.0289078 0.0555169 32
0 0.504041 0.374884 0.019248 0.0663848 33
0 0.220035 0.164573 0.0121235 0.0464617 34
0 0.0897356 0.469755 0.0295046 0.0812841 35
0 0.62753 0.303358 0.0121574 0.0434787 36
0 0.106963 0.154178 0.0126209 0.0550593 37
0 0.312934 0.468203 0.0218036 0.0553355 38
0 0.339837 0.869652 0.0360157 0.0944428 39
0 0.395618 0.270023 0.0138242 0.067548 40
0 0.546681 0.298821 0.0134821 0.0613492 41
