0 0.679137 0.604043 0.0308384 0.12183 1
0 0.341087 0.620557 0.0332434 0.138014 2
0 0.266602 0.593382 0.0392501 0.140214 3
0 0.114217 0.701888 0.0464071 0.149516 4
0 0.287014 0.803054 0.0540778 0.129203 5
0 0.552913 0.530447 0.0272994 0.11616 6
0 0.662386 0.504476 0.0288506 0.115463 7
0 0.0255781 0.417006 0.0268735 0.0955387 8
0 0.305514 0.361133 0.0208851 0.0959558 9
0 0.167634 0.62042 0.0468193 0.0880539 10
0 0.475797 0.475897 0.026214 0.107276 11
0 0.195917 0.449039 0.0226084 0.0795413 12
0 0.234242 0.595182 0.0332195 0.132531 13
0 0.399758 0.920027 0.0414762 0.149638 14
0 0.522918 0.440547 0.0248787 0.111934 15
0 0.329733 0.807004 0.0458565 0.102513 16
0 0.467685 0.508807 0.0366916 0.133043 17
0 0.146618 0.162746 0.0134414 0.0598482 18
0 0.35214 0.36918 0.0224147 0.0857962 19
0 0.16226 0.236665 0.013896 0.0568722 20
0 0.0685823 0.168746 0.0124961 0.0530504 21
0 0.486593 0.361506 0.0210218 0.0741481 22
0 0.0730873 0.171134 0.0157763 0.0522681 23
0 0.653617 0.391436 0.0219153 0.0506947 24
0 0.50129 0.35647 0.0216566 0.0760309 25
0 0.595303 0.294088 0.0124094 0.0489961 26
0 0.0594099 0.483962 0.0299153 0.0830565 27
0 0.227391 0.7027 0.0638795 0.126043 28
0 0.229531 0.440937 0.022958 0.0572105 29
0 0.54384 0.472122 0.027781 0.105956 30
0 0.290991 0.284873 0.0157902 0.0474168 31
0 0.1236 0.161811 0.0117368 0.063898 32
0 0.360156 0.266914 0.011694 0.0653723 33
0 0.247889 0.593341 0.0660805 0.135643 34
1 0.120786 0.514153 0.0366319 0.0648909 35
0 0.118348 0.112414 0.0111849 0.05759 36
1 0.228128 0.701683 0.0627144 0.124981 37
0 0.115244 0.514446 0.0472645 0.0652511 38
0 0.328436 0.350084 0.019081 0.0571808 39
0 0.204402 0.447083 0.0227089 0.0720481 40
0 0.100348 0.174865 0.0129362 0.0511474 41
0 0.0339937 0.49424 0.0286622 0.070953 42
