0 0.340218 0.617859 0.0346136 0.135916 1
0 0.540569 0.547355 0.0291134 0.10694 2
0 0.684577 0.619339 0.0324467 0.128513 3
0 0.29461 0.369327 0.0198656 0.0855755 4
0 0.249037 0.590272 0.0348224 0.131655 5
0 0.0238346 0.417174 0.024892 0.0902578 6
0 0.571611 0.480867 0.0246085 0.106938 7
0 0.513761 0.452301 0.0264189 0.102886 8
0 0.683026 0.492986 0.0267291 0.108398 9
0 0.0400633 0.706035 0.0486289 0.150385 10
0 0.367452 0.920644 0.0525576 0.151175 11
0 0.459352 0.522802 0.0314574 0.184 12
0 0.220613 0.596338 0.0352309 0.134287 13
0 0.262829 0.801793 0.0530428 0.125242 14
0 0.191235 0.445082 0.0291889 0.0794608 15
0 0.350569 0.36405 0.0230145 0.0870258 16
0 0.64798 0.395964 0.0228559 0.05591 17
0 0.306317 0.804678 0.0427792 0.100952 18
0 0.459857 0.47978 0.0245172 0.101039 19
0 0.545069 0.432706 0.0221893 0.088588 20
0 0.179613 0.226753 0.0127881 0.0436278 21
0 0.111251 0.515676 0.0423322 0.0658503 22
0 0.155678 0.618781 0.043794 0.0859225 23
0 0.360482 0.271284 0.0127422 0.0642051 24
0 0.327175 0.338851 0.023765 0.0724708 25
0 0.106139 0.177124 0.0153664 0.0546798 26
0 0.0612943 0.491641 0.0371936 0.0976019 27
0 0.225742 0.444158 0.0246743 0.0643405 28
0 0.495844 0.363067 0.0185616 0.0734816 29
0 0.248365 0.272644 0.0167598 0.0476098 30
1 0.154662 0.618266 0.046063 0.0859823 31
1 0.204088 0.447544 0.028463 0.0656695 32
0 0.0794004 0.175327 0.0131114 0.0489322 33
1 0.210815 0.698127 0.0709488 0.117993 34
