0 0.315422 0.89881 0.059913 0.147862 1
0 0.323268 0.683196 0.03855 0.150692 2
0 0.463855 0.846987 0.0459018 0.166197 3
0 0.521631 0.536552 0.0258858 0.105014 4
0 0.0599589 0.547549 0.0265825 0.0936134 5
0 0.562893 0.519328 0.0283955 0.105581 6
0 0.391959 0.495718 0.0256623 0.119288 7
0 0.507157 0.444677 0.0216171 0.0959725 8
0 0.104003 0.742819 0.05505 0.107845 9
0 0.0363606 0.455625 0.0219916 0.0802567 10
0 0.420014 0.508741 0.0253916 0.110759 11
0 0.221016 0.674492 0.0478846 0.148222 12
0 0.480768 0.948886 0.0443947 0.0938412 13
0 0.192913 0.808588 0.0522857 0.151144 14
0 0.179425 0.414011 0.0224761 0.0947266 15
0 0.357176 0.903196 0.0680248 0.140731 16
0 0.175208 0.683892 0.0412669 0.143544 17
0 0.45424 0.299208 0.0149954 0.0672843 18
0 0.190946 0.300536 0.0163945 0.0712135 19
0 0.45912 0.52348 0.0325548 0.116186 20
0 0.462604 0.449728 0.0238069 0.0852797 21
0 0.0972878 0.517496 0.0352267 0.0709278 22
0 0.277599 0.280314 0.0164383 0.0589678 23
0 0.219374 0.432683 0.0183342 0.0931076 24
0 0.169178 0.411588 0.0289899 0.0968143 25
0 0.213216 0.356401 0.0241427 0.0810435 26
0 0.571456 0.235969 0.00900895 0.0345194 27
0 0.368798 0.382362 0.0225675 0.0732817 28
0 0.538117 0.381485 0.019563 0.0503511 29
0 0.218495 0.399297 0.0215402 0.0705816 30
0 0.116694 0.255582 0.0113831 0.043438 31
0 0.208318 0.317394 0.0164988 0.0607626 32
