0 0.482012 0.619979 0.0313085 0.132179 1
0 0.472614 0.480142 0.0225334 0.0972472 2
0 0.345519 0.458564 0.0313181 0.109343 3
0 0.523654 0.454986 0.0279722 0.114467 4
0 0.274674 0.542167 0.0301641 0.12352 5
0 0.447871 0.553257 0.0271178 0.117204 6
0 0.212207 0.509158 0.0265069 0.110273 7
0 0.233905 0.508841 0.0271151 0.116625 8
0 0.36758 0.33225 0.0159822 0.0774322 9
0 0.0267962 0.191986 0.0190145 0.0616639 10
0 0.0880557 0.150063 0.0130522 0.0492795 11
0 0.260837 0.193238 0.0127244 0.0507142 12
0 0.03077 0.477201 0.0271562 0.0822203 13
0 0.170715 0.801732 0.0394553 0.172459 14
0 0.192926 0.152538 0.0114303 0.0455477 15
0 0.567192 0.366334 0.0193847 0.0707564 16
0 0.151362 0.338842 0.0214982 0.0864378 17
0 0.0648654 0.174264 0.012603 0.0524984 18
0 0.543776 0.372777 0.0189059 0.0695392 19
0 0.43704 0.464358 0.0253005 0.100253 20
0 0.129211 0.295111 0.0170832 0.0720084 21
0 0.0969812 0.489071 0.0310972 0.0627111 22
1 0.425675 0.323498 0.0221849 0.0609159 23
0 0.194689 0.726702 0.0429362 0.169766 24
0 0.128914 0.345593 0.0210991 0.0702221 25
0 0.441412 0.334068 0.0157978 0.0493976 26
0 0.381043 0.142689 0.00961158 0.053679 27
0 0.190866 0.0406374 0.0083256 0.0406443 28
0 0.491675 0.246229 0.0131308 0.0527964 29
0 0.369654 0.14589 0.0107406 0.0512779 30
0 0.304455 0.407058 0.0270354 0.0910702 31
1 0.191643 0.721494 0.0462021 0.167584 32
0 0.141069 0.209346 0.0162987 0.0360675 33
0 0.707012 0.420212 0.0239935 0.0492284 34
0 0.146088 0.0609895 0.00946207 0.03737 35
0 0.327273 0.150371 0.0110666 0.0421534 36
1 0.187004 0.682111 0.0450771 0.0973362 37
0 0.273436 0.516947 0.0216007 0.0755969 38
1 0.277955 0.354075 0.0196411 0.0816994 39
0 0.183216 0.0675171 0.00898247 0.0387117 40
0 0.129582 0.0614437 0.00956726 0.0371767 41
0 0.377462 0.146636 0.0101112 0.0524843 42
0 0.449959 0.486981 0.0223612 0.0923377 43
1 0.174824 0.517377 0.0296655 0.0772899 44
0 0.0323317 0.101228 0.0101438 0.0309372 45
0 0.15947 0.0676813 0.0078341 0.0346051 46
0 0.0227599 0.180012 0.0129453 0.0573753 47
0 0.3182 0.151959 0.0108668 0.0435754 48
0 0.184661 0.0760229 0.00934439 0.0415423 49
0 0.322356 0.147423 0.0123271 0.04215 50
