0 0.207782 0.828873 0.0548399 0.151095 1
0 0.347171 0.70177 0.0348707 0.143197 2
0 0.186562 0.699241 0.0422063 0.151658 3
0 0.0617931 0.55797 0.0263349 0.0984061 4
0 0.23516 0.680359 0.0464441 0.14257 5
0 0.576767 0.517163 0.0248253 0.105129 6
0 0.479315 0.541834 0.0271713 0.117936 7
0 0.0215423 0.44484 0.0203492 0.0684494 8
0 0.111089 0.759085 0.0579023 0.105923 9
0 0.449953 0.514123 0.0322674 0.113023 10
0 0.405129 0.535761 0.0354457 0.158487 11
0 0.373723 0.919197 0.073825 0.142398 12
0 0.177138 0.42048 0.0218955 0.0994958 13
0 0.468384 0.458515 0.0210766 0.0877619 14
0 0.524056 0.512906 0.0229626 0.1109 15
0 0.328569 0.912309 0.0470948 0.124436 16
0 0.557441 0.909429 0.0462397 0.177095 17
0 0.0998891 0.527247 0.0318534 0.0707787 18
0 0.367775 0.391055 0.0199517 0.0625895 19
0 0.184189 0.304591 0.0183363 0.0680194 20
0 0.451776 0.302558 0.0139995 0.0575289 21
0 0.511934 0.959078 0.052448 0.0811592 22
0 0.53179 0.428902 0.0274721 0.101243 23
0 0.386166 0.385197 0.0211341 0.0690121 24
0 0.168134 0.418181 0.0244197 0.0966332 25
0 0.211143 0.397286 0.0282466 0.0655825 26
0 0.378119 0.387196 0.0260431 0.0720433 27
0 0.575956 0.244453 0.0133669 0.0429648 28
0 0.248781 0.334008 0.0134071 0.0445539 29
0 0.271744 0.279298 0.0136459 0.0524611 30
0 0.528259 0.476354 0.0276793 0.181528 31
1 0.209905 0.396342 0.0288667 0.0641526 32
