0 0.320333 0.900321 0.0552335 0.136134 1
0 0.363396 0.905784 0.0648626 0.134992 2
0 0.488876 0.858445 0.0423485 0.15385 3
0 0.328543 0.689769 0.0386381 0.144724 4
0 0.229326 0.674752 0.039866 0.141338 5
0 0.564813 0.515342 0.0303558 0.109569 6
0 0.0597899 0.549119 0.0270796 0.0940769 7
0 0.0345454 0.455421 0.0223788 0.0813853 8
0 0.412534 0.515722 0.0332571 0.112789 9
0 0.180494 0.417611 0.0209919 0.0983436 10
0 0.513082 0.442286 0.0221351 0.0972215 11
0 0.518684 0.526729 0.0258417 0.108155 12
0 0.199597 0.812615 0.0512374 0.148585 13
0 0.182574 0.685786 0.0325944 0.137329 14
0 0.458466 0.531582 0.0393956 0.109109 15
0 0.460008 0.451557 0.0263018 0.0839878 16
0 0.399128 0.495496 0.0271113 0.126739 17
0 0.103462 0.745172 0.0505695 0.104336 18
0 0.162616 0.407715 0.0196248 0.0825979 19
0 0.22311 0.349461 0.0185273 0.0656116 20
0 0.489372 0.952237 0.0487471 0.0929694 21
0 0.453406 0.298846 0.0126966 0.0577695 22
0 0.368231 0.382871 0.0202531 0.0713852 23
0 0.215128 0.435055 0.0203575 0.0825746 24
0 0.0947954 0.520246 0.0380958 0.070321 25
0 0.54235 0.957545 0.0329159 0.0837196 26
0 0.53791 0.384489 0.0169388 0.0493206 27
0 0.213812 0.390841 0.0261891 0.0638619 28
0 0.171346 0.41699 0.0350809 0.101013 29
0 0.382471 0.379046 0.0197164 0.0732509 30
