0 0.256922 0.850827 0.0524034 0.153404 1
0 0.282503 0.702509 0.0413114 0.145949 2
0 0.439487 0.935793 0.0582315 0.121526 3
0 0.66171 0.443369 0.0254854 0.0995702 4
0 0.198422 0.43455 0.0246916 0.108001 5
0 0.384403 0.7159 0.0420016 0.162288 6
0 0.383458 0.937455 0.0504216 0.125091 7
0 0.0987821 0.566488 0.0295544 0.0960234 8
0 0.23386 0.716525 0.034932 0.145503 9
0 0.504329 0.499075 0.0245926 0.111041 10
0 0.1464 0.779191 0.0441176 0.115985 11
0 0.512455 0.547541 0.0384285 0.137957 12
0 0.596874 0.604819 0.0479984 0.124407 13
0 0.0354306 0.427953 0.0309432 0.0679689 14
0 0.46662 0.520551 0.0333202 0.114627 15
0 0.279027 0.352357 0.0146361 0.0640417 16
0 0.617521 0.460242 0.027185 0.0996676 17
0 0.215372 0.30893 0.0182892 0.0751111 18
0 0.0234786 0.659049 0.0465245 0.0806003 19
0 0.563511 0.397215 0.0196222 0.0520627 20
0 0.591859 0.248271 0.0129299 0.0422877 21
0 0.41398 0.390907 0.0190134 0.0751934 22
0 0.0403365 0.242386 0.011995 0.0414029 23
0 0.130535 0.539064 0.0318135 0.0686347 24
0 0.481902 0.455548 0.0218048 0.0969063 25
0 0.57713 0.285762 0.0106481 0.0383853 26
1 0.239488 0.404873 0.0243308 0.0567651 27
0 0.579167 0.972473 0.0491947 0.055054 28
