0 0.568037 0.588939 0.0295372 0.117561 1
0 0.232353 0.636498 0.0385647 0.140735 2
0 0.535896 0.53732 0.0287273 0.113274 3
0 0.46991 0.582895 0.0258892 0.119269 4
0 0.186684 0.647353 0.0404825 0.143999 5
0 0.301001 0.637837 0.0433299 0.150147 6
0 0.503 0.441561 0.0226823 0.108804 7
0 0.436641 0.6364 0.049369 0.145579 8
0 0.456902 0.93355 0.0495819 0.12848 9
0 0.357336 0.789582 0.0594825 0.215023 10
0 0.400613 0.506959 0.0266552 0.12129 11
0 0.382192 0.502147 0.0320805 0.123572 12
0 0.296616 0.852999 0.0559476 0.13691 13
0 0.101906 0.9233 0.0564679 0.152544 14
0 0.236357 0.284967 0.0128277 0.0665792 15
0 0.0909507 0.512116 0.0243618 0.092597 16
0 0.0925568 0.465097 0.0222236 0.0919825 17
0 0.563403 0.376657 0.0199112 0.0542794 18
0 0.206486 0.39024 0.0229788 0.0979999 19
0 0.0187661 0.587192 0.0370012 0.0724027 20
0 0.244516 0.438353 0.015299 0.0583953 21
0 0.415121 0.365794 0.018679 0.066102 22
0 0.498638 0.936303 0.032642 0.112622 23
0 0.126403 0.488493 0.0341111 0.0669388 24
0 0.334432 0.273067 0.0149914 0.0587349 25
0 0.48372 0.305378 0.0148464 0.0823258 26
0 0.196901 0.75041 0.0477229 0.121078 27
1 0.248727 0.368575 0.0265876 0.0612998 28
1 0.115145 0.692309 0.0499278 0.0979314 29
0 0.223124 0.505198 0.0247075 0.0624702 30
0 0.486179 0.290203 0.0164049 0.0584239 31
0 0.214581 0.32518 0.0158875 0.0607703 32
0 0.59461 0.236164 0.00974206 0.0391237 33
0 0.24803 0.370105 0.0268041 0.0588045 34
0 0.331432 0.825373 0.0872572 0.200932 35
