0 0.625363 0.481773 0.0219776 0.108547 1
0 0.664178 0.443352 0.0236181 0.100082 2
0 0.440939 0.936729 0.0583612 0.119522 3
0 0.283689 0.700379 0.038442 0.140372 4
0 0.385558 0.716327 0.0436604 0.159655 5
0 0.233692 0.719236 0.0369558 0.148474 6
0 0.576623 0.616136 0.0350326 0.125024 7
0 0.193004 0.436956 0.0243771 0.108163 8
0 0.0987358 0.567267 0.0271047 0.0957732 9
0 0.258276 0.83002 0.0493619 0.115401 10
0 0.0416251 0.432223 0.0201949 0.069383 11
0 0.465201 0.517994 0.0278403 0.115769 12
0 0.385529 0.93881 0.0505131 0.12238 13
0 0.492469 0.563369 0.028437 0.12255 14
0 0.514194 0.509323 0.0249627 0.10866 15
0 0.027678 0.659193 0.0538644 0.0812732 16
0 0.150979 0.780303 0.0536068 0.115113 17
0 0.216567 0.309684 0.0156974 0.0738591 18
0 0.129588 0.537264 0.0307025 0.0719986 19
0 0.563582 0.397115 0.0188913 0.0521465 20
0 0.495931 0.4599 0.0206109 0.10338 21
0 0.282847 0.358614 0.014378 0.0559657 22
0 0.414392 0.393371 0.0176239 0.072014 23
1 0.228013 0.401319 0.0204546 0.0646748 24
0 0.591367 0.251463 0.0109415 0.0414187 25
0 0.476821 0.454155 0.020513 0.09018 26
0 0.393507 0.401025 0.0177964 0.0645053 27
0 0.0402873 0.23653 0.0125455 0.0511918 28
