0 0.277053 0.544899 0.0305409 0.121504 1
0 0.481014 0.62037 0.0271449 0.128962 2
0 0.532025 0.460198 0.0321937 0.104334 3
0 0.473931 0.48538 0.0242682 0.0993386 4
0 0.150847 0.337356 0.020261 0.0874918 5
0 0.213369 0.510041 0.0260398 0.11213 6
0 0.45019 0.552693 0.0259601 0.121326 7
0 0.36617 0.334588 0.0158065 0.0812728 8
0 0.176718 0.819433 0.0340265 0.147635 9
0 0.234891 0.510507 0.0264124 0.115886 10
0 0.0195997 0.192886 0.0175457 0.0650805 11
0 0.0813163 0.151249 0.011488 0.0434507 12
0 0.356486 0.46184 0.0239175 0.108693 13
0 0.253858 0.194058 0.0140864 0.0510428 14
0 0.207088 0.754097 0.0395014 0.128388 15
0 0.188801 0.149579 0.012909 0.056557 16
0 0.0984327 0.496133 0.0291086 0.060353 17
0 0.058294 0.173792 0.013734 0.0561445 18
0 0.127322 0.30253 0.0179241 0.0759467 19
0 0.542893 0.381233 0.0197695 0.0851518 20
0 0.566266 0.367465 0.0217144 0.0689217 21
0 0.0288661 0.480352 0.0258118 0.0834682 22
0 0.43404 0.473996 0.0247283 0.114081 23
0 0.320919 0.15243 0.0105751 0.0395753 24
0 0.121008 0.063222 0.00981703 0.0377694 25
0 0.366562 0.154823 0.00972891 0.0436245 26
0 0.488022 0.247453 0.0143206 0.0533972 27
0 0.0240172 0.102636 0.0115715 0.0316566 28
0 0.451242 0.495121 0.0245298 0.101162 29
0 0.382507 0.138027 0.00920387 0.0487854 30
0 0.128603 0.353646 0.0206865 0.0647018 31
0 0.128215 0.32375 0.0227167 0.105986 32
0 0.440207 0.335332 0.0154245 0.0499791 33
0 0.0143379 0.179617 0.0146412 0.0635533 34
0 0.341638 0.13309 0.0105188 0.0453412 35
0 0.416599 0.0966565 0.00915337 0.0367454 36
1 0.424444 0.325762 0.0233906 0.0601307 37
0 0.184652 0.0400411 0.00779915 0.0396602 38
1 0.170405 0.517987 0.0322993 0.0751651 39
1 0.183147 0.427319 0.028343 0.0535409 40
0 0.107651 0.0898382 0.00838696 0.0302497 41
0 0.336171 0.0920833 0.0103471 0.0408755 42
1 0.192228 0.687041 0.0465174 0.0994398 43
0 0.422649 0.327762 0.0235847 0.0621382 44
0 0.139949 0.0596199 0.00959331 0.0440441 45
0 0.147591 0.417328 0.0206137 0.0781713 46
0 0.166109 0.0376063 0.00797768 0.0356951 47
0 0.135827 0.0391348 0.0101279 0.0487092 48
0 0.135589 0.209853 0.0162568 0.0380193 49
