0 0.718021 0.641283 0.0310249 0.135349 1
0 0.314053 0.369578 0.0176225 0.0852251 2
0 0.339859 0.613702 0.0402469 0.136954 3
0 0.35889 0.915843 0.0489669 0.161841 4
0 0.568337 0.440083 0.0218776 0.0945519 5
0 0.473492 0.581193 0.0287882 0.133785 6
0 0.554779 0.564623 0.0256502 0.114212 7
0 0.0526897 0.414369 0.0262204 0.100727 8
0 0.262772 0.792592 0.0529312 0.11776 9
0 0.465297 0.486659 0.0276189 0.105621 10
0 0.0159473 0.425439 0.0311744 0.0909368 11
0 0.611298 0.476252 0.0228459 0.101912 12
0 0.252768 0.587633 0.0398753 0.130788 13
0 0.171484 0.607336 0.0373033 0.0791075 14
0 0.532075 0.460834 0.025064 0.110842 15
0 0.664913 0.402274 0.0221508 0.051933 16
0 0.515883 0.366112 0.0214089 0.0799675 17
0 0.72817 0.49576 0.0218332 0.0977817 18
0 0.350148 0.340012 0.0237505 0.0693974 19
0 0.299351 0.79624 0.0435959 0.0979906 20
0 0.225496 0.592733 0.0294846 0.134027 21
0 0.214791 0.43493 0.0347728 0.0768805 22
0 0.144969 0.17655 0.0126814 0.0479402 23
0 0.164426 0.111531 0.0106445 0.0529574 24
0 0.242189 0.2522 0.0151406 0.0461362 25
0 0.209074 0.159667 0.0128328 0.0546976 26
0 0.367318 0.336343 0.0316878 0.0943918 27
0 0.496165 0.376381 0.0161471 0.060521 28
1 0.21711 0.6852 0.0403888 0.1077 29
0 0.735225 0.273247 0.0123005 0.0413244 30
0 0.138371 0.506101 0.0343154 0.0639331 31
0 0.0130258 0.742019 0.0260516 0.0854587 32
1 0.0111085 0.606968 0.0220535 0.0630232 33
0 0.087092 0.151437 0.0148827 0.0520295 34
0 0.00416197 0.147961 0.00832394 0.042305 35
0 0.0844734 0.47017 0.0266752 0.074756 36
0 0.384285 0.270381 0.0143859 0.0697029 37
0 0.206454 0.220424 0.014002 0.0457853 38
1 0.239947 0.439105 0.0270221 0.0598467 39
