0 0.285863 0.560764 0.0286739 0.126997 1
0 0.359339 0.343956 0.0167433 0.0800325 2
0 0.633648 0.502734 0.0293077 0.110996 3
0 0.534698 0.553933 0.0418385 0.147993 4
0 0.253071 0.800679 0.0298169 0.118408 5
0 0.214233 0.528418 0.0248694 0.112496 6
0 0.424676 0.488811 0.0241444 0.101607 7
0 0.240846 0.529595 0.0229959 0.117793 8
0 0.104399 0.3189 0.0199872 0.0835053 9
0 0.558079 0.479838 0.0237431 0.09911 10
0 0.464672 0.56079 0.0272187 0.108671 11
0 0.157037 0.15346 0.0139824 0.0504732 12
0 0.134536 0.353784 0.0257403 0.0854248 13
0 0.474574 0.62176 0.032963 0.131074 14
0 0.558655 0.373026 0.0194509 0.0696593 15
0 0.0200054 0.181565 0.014289 0.0550375 16
0 0.207892 0.203331 0.0139407 0.0555424 17
0 0.527369 0.523487 0.0276544 0.0900296 18
1 0.41314 0.331635 0.0237122 0.0585193 19
0 0.0191311 0.502844 0.0279493 0.0832777 20
0 0.337579 0.147876 0.0114128 0.0513281 21
0 0.0424441 0.159225 0.0127371 0.0492221 22
0 0.357454 0.146121 0.0112294 0.0514413 23
0 0.450767 0.482536 0.0243553 0.10035 24
0 0.305829 0.191891 0.0116939 0.0445107 25
0 0.10736 0.358297 0.0240027 0.0809001 26
0 0.536648 0.371886 0.0201223 0.0616199 27
0 0.176047 0.442489 0.0257617 0.0608619 28
1 0.197653 0.699408 0.0393342 0.0914787 29
0 0.0668606 0.101406 0.0111657 0.0339464 30
0 0.370067 0.257706 0.0124752 0.0464231 31
0 0.0857703 0.51404 0.0396894 0.0654515 32
0 0.471157 0.585671 0.0325635 0.100567 33
0 0.0767936 0.0672691 0.0121526 0.0366256 34
1 0.285938 0.401337 0.0277881 0.0556055 35
0 0.170506 0.533179 0.0281274 0.0727099 36
0 0.365777 0.117317 0.00968352 0.0444223 37
0 0.0947251 0.0639127 0.0108652 0.0385561 38
0 0.0708879 0.0882782 0.0115805 0.0425829 39
0 0.137108 0.427796 0.0240185 0.0723495 40
0 0.329918 0.43735 0.0176164 0.0483344 41
0 0.701442 0.420833 0.0263821 0.0542572 42
0 0.291649 0.156139 0.0127439 0.0486296 43
0 0.104846 0.218341 0.0166073 0.035854 44
