0 0.334923 0.554375 0.0265684 0.120716 1
0 0.511691 0.571432 0.0265807 0.123381 2
0 0.555828 0.450733 0.021276 0.103295 3
0 0.0314293 0.263625 0.0174453 0.0574895 4
0 0.259962 0.485967 0.0328355 0.117766 5
0 0.0848931 0.405969 0.0271144 0.0759979 6
0 0.546215 0.676766 0.028495 0.151746 7
0 0.481167 0.478119 0.0283482 0.104455 8
0 0.414822 0.473875 0.0240343 0.102343 9
0 0.0921467 0.694537 0.0486671 0.130321 10
0 0.0193431 0.332993 0.0205272 0.0755572 11
0 0.376237 0.171372 0.0117904 0.0469997 12
0 0.113566 0.675593 0.0318268 0.142934 13
0 0.439207 0.499679 0.0219809 0.100311 14
0 0.220112 0.443961 0.0245052 0.111242 15
0 0.0732221 0.283427 0.0195338 0.0686375 16
0 0.412293 0.308735 0.0146061 0.0773553 17
0 0.157484 0.149064 0.0122638 0.0480168 18
0 0.576871 0.433926 0.026211 0.0906771 19
0 0.302531 0.293997 0.0165814 0.0653263 20
0 0.557255 0.245869 0.0155714 0.0643361 21
0 0.197816 0.288006 0.0171443 0.0648628 22
0 0.599591 0.359382 0.0208214 0.0726504 23
0 0.331029 0.122174 0.0109563 0.0491957 24
0 0.396672 0.134256 0.0106378 0.0419246 25
0 0.132625 0.416084 0.0307037 0.0707609 26
0 0.226987 0.073334 0.0102933 0.0288955 27
0 0.215138 0.248274 0.0146509 0.050479 28
0 0.217124 0.302937 0.020004 0.0652708 29
0 0.189407 0.455685 0.0267935 0.0691734 30
0 0.11753 0.191528 0.017631 0.0421637 31
0 0.29646 0.0463856 0.0089303 0.0388655 32
0 0.137362 0.160721 0.0138977 0.0427397 33
0 0.23614 0.447475 0.0248708 0.107463 34
0 0.47241 0.138805 0.0101486 0.044263 35
0 0.22388 0.12841 0.0103763 0.043111 36
0 0.281469 0.0496689 0.00896293 0.0356573 37
0 0.167474 0.586616 0.0421968 0.0971071 38
0 0.34523 0.0287478 0.00897521 0.0288163 39
0 0.531276 0.0946071 0.00903184 0.0380299 40
0 0.574113 0.355378 0.0201247 0.0567456 41
0 0.359034 0.391286 0.0160808 0.0447686 42
0 0.332762 0.370766 0.0275741 0.0849127 43
0 0.544625 0.0962963 0.00845105 0.038221 44
1 0.332419 0.368535 0.0278418 0.0808384 45
0 0.197265 0.14448 0.0113454 0.0453691 46
1 0.13194 0.414839 0.0305197 0.0688582 47
0 0.332742 0.0632499 0.00852147 0.0320906 48
0 0.489475 0.313735 0.0178805 0.0548765 49
1 0.251845 0.182738 0.0135549 0.0299944 50
0 0.433325 0.137802 0.0137402 0.0432838 51
0 0.459613 0.308412 0.0121403 0.0545575 52
0 0.329015 0.0294481 0.00998794 0.0318855 53
0 0.580917 0.373058 0.0175539 0.0664127 54
0 0.0646273 0.103726 0.0096179 0.0313309 55
0 0.412193 0.133491 0.0102146 0.0441527 56
