0 0.410801 0.921408 0.0437776 0.157184 1
0 0.179854 0.805464 0.0444533 0.176839 2
0 0.591899 0.517267 0.033659 0.112281 3
0 0.659711 0.573482 0.0289396 0.121587 4
0 0.541048 0.509311 0.0261091 0.105586 5
0 0.46209 0.480154 0.0238991 0.108508 6
0 0.259419 0.591945 0.0328821 0.128091 7
0 0.331789 0.616732 0.0425923 0.128815 8
0 0.0939859 0.171008 0.0127427 0.0528491 9
0 0.292988 0.808295 0.0499082 0.134195 10
0 0.104912 0.260307 0.0141337 0.0535252 11
0 0.21975 0.595749 0.0318148 0.124634 12
0 0.499675 0.430139 0.0229098 0.0921719 13
0 0.417255 0.499306 0.0279018 0.105444 14
2 0.0277239 0.633735 0.0554122 0.077787 15
0 0.28822 0.362255 0.0240691 0.096486 16
0 0.0696642 0.170082 0.0127274 0.0563446 17
0 0.50634 0.450773 0.0345463 0.131103 18
0 0.565874 0.288482 0.0150782 0.0564845 19
0 0.164922 0.466762 0.0239972 0.08364 20
0 0.460813 0.362567 0.0183073 0.0653427 21
0 0.323682 0.809838 0.0786501 0.122009 22
0 0.323143 0.36541 0.0254502 0.0898073 23
0 0.0253807 0.497653 0.0358957 0.0870925 24
1 0.0224454 0.497999 0.0352669 0.0867314 25
0 0.326259 0.268446 0.0139016 0.0689933 26
0 0.473022 0.358516 0.019471 0.0681814 27
1 0.156705 0.631503 0.0441366 0.0864687 28
1 0.202153 0.448888 0.0261739 0.0622679 29
0 0.0978366 0.526704 0.034579 0.0703484 30
2 0.226904 0.702763 0.0559088 0.136808 31
0 0.043748 0.185965 0.0151604 0.0442578 32
1 0.323866 0.352503 0.0273981 0.0623944 33
0 0.628524 0.379879 0.0210197 0.0530231 34
0 0.445136 0.927859 0.0368862 0.143741 35
0 0.0641812 0.113634 0.0106538 0.0536586 36
