0 0.228923 0.655474 0.0381138 0.141611 1
0 0.193479 0.791322 0.0515738 0.141429 2
0 0.3105 0.666584 0.0451844 0.147053 3
0 0.541241 0.567961 0.0326324 0.12572 4
0 0.384934 0.494687 0.0258037 0.114713 5
0 0.463893 0.944804 0.0424761 0.109594 6
0 0.507534 0.444978 0.0245237 0.102946 7
0 0.182222 0.669039 0.0354653 0.140016 8
0 0.421295 0.574554 0.0325515 0.100112 9
0 0.409288 0.810503 0.038282 0.172845 10
0 0.303099 0.877286 0.0555172 0.140975 11
0 0.0172012 0.95981 0.0337684 0.0803797 12
0 0.0748136 0.535262 0.026048 0.0880364 13
0 0.460745 0.554279 0.0286579 0.114521 14
0 0.476311 0.440271 0.0241619 0.0961765 15
0 0.355549 0.884163 0.0571522 0.10464 16
0 0.195578 0.405559 0.0212619 0.10092 17
0 0.0649534 0.46072 0.0225682 0.0810216 18
0 0.411647 0.499856 0.0266063 0.104143 19
0 0.103327 0.720528 0.050541 0.102723 20
0 0.0155592 0.60602 0.0311183 0.0881722 21
0 0.5155 0.946977 0.0330936 0.0985158 22
0 0.468312 0.306232 0.0156769 0.0828552 23
0 0.303877 0.282892 0.0137558 0.0574439 24
0 0.184633 0.399076 0.0254393 0.0992096 25
0 0.40081 0.374472 0.0194494 0.0680502 26
0 0.111678 0.504803 0.0354176 0.0685642 27
0 0.21134 0.297731 0.018649 0.0657107 28
0 0.581271 0.241829 0.0112183 0.0408289 29
0 0.557679 0.5473 0.0334746 0.128417 30
0 0.231321 0.383039 0.0241372 0.0659535 31
0 0.548192 0.380108 0.021566 0.0526541 32
0 0.4098 0.331884 0.0134374 0.0489919 33
0 0.193895 0.530664 0.0456772 0.0764943 34
0 0.38123 0.373835 0.0232256 0.0788263 35
