0 0.644244 0.585031 0.034977 0.128072 1
0 0.189167 0.925746 0.0476471 0.146928 2
0 0.438624 0.919496 0.0506964 0.160292 3
0 0.307508 0.612976 0.0335668 0.147765 4
0 0.0358839 0.280812 0.0187547 0.0555096 5
0 0.234462 0.37272 0.0236168 0.0951156 6
0 0.283593 0.707933 0.0419577 0.152389 7
0 0.194269 0.61432 0.0380532 0.12894 8
0 0.118305 0.484633 0.0243011 0.0878745 9
0 0.385852 0.506745 0.0293445 0.118987 10
0 0.241291 0.610096 0.0343841 0.14074 11
0 0.128611 0.657316 0.0493836 0.0889307 12
0 0.417827 0.488718 0.0239115 0.113461 13
0 0.515215 0.540077 0.0474884 0.155649 14
0 0.294139 0.813576 0.0590517 0.136758 15
0 0.505141 0.432059 0.0260567 0.0974907 16
0 0.0487935 0.552427 0.0339947 0.072317 17
0 0.160617 0.462474 0.0311753 0.0630466 18
0 0.419365 0.362206 0.0243021 0.066203 19
0 0.438766 0.351995 0.0218671 0.0729676 20
0 0.277866 0.3556 0.022913 0.0581014 21
0 0.129924 0.474041 0.0318238 0.0776658 22
0 0.515724 0.496303 0.0424852 0.129386 23
0 0.515472 0.286927 0.0162139 0.0650747 24
0 0.24416 0.370101 0.0220953 0.0922619 25
0 0.585584 0.369489 0.0218048 0.0495364 26
0 0.0100422 0.640285 0.0200844 0.132427 27
0 0.00577194 0.177657 0.0115439 0.0607116 28
0 0.474926 0.923652 0.0374674 0.148044 29
0 0.0657885 0.135126 0.00953374 0.0449471 30
0 0.318467 0.819385 0.0989875 0.145515 31
