0 0.494145 0.627624 0.0338705 0.133867 1
0 0.271291 0.529623 0.0258069 0.123869 2
0 0.518027 0.447375 0.0233105 0.116594 3
0 0.233832 0.495503 0.025122 0.111524 4
0 0.342001 0.477059 0.0229447 0.103706 5
0 0.210405 0.497299 0.0261955 0.105273 6
0 0.376445 0.32934 0.0161528 0.0792229 7
0 0.0410554 0.461628 0.0271269 0.0816157 8
0 0.119252 0.146713 0.0110891 0.0428201 9
0 0.57418 0.365094 0.0203791 0.0676639 10
0 0.475308 0.481544 0.0188959 0.103088 11
0 0.16632 0.32696 0.0208577 0.0779115 12
0 0.432701 0.456126 0.0247468 0.103833 13
0 0.0556044 0.18687 0.0138831 0.0678951 14
0 0.293075 0.187198 0.0132277 0.0479773 15
0 0.443337 0.512313 0.0338371 0.162845 16
0 0.140327 0.788885 0.0500401 0.136488 17
0 0.00835118 0.212188 0.0163653 0.0426251 18
0 0.5046 0.245698 0.0121172 0.0480311 19
0 0.307311 0.143764 0.0101591 0.0407033 20
0 0.144811 0.323307 0.0220264 0.0829481 21
0 0.0688026 0.0948768 0.0105487 0.0300464 22
0 0.308535 0.399476 0.0302049 0.0941355 23
0 0.223462 0.146002 0.0101705 0.0463378 24
0 0.393512 0.146794 0.00968225 0.0456322 25
0 0.547967 0.367342 0.0180749 0.0577358 26
0 0.382039 0.129424 0.00853999 0.0376887 27
0 0.161434 0.768297 0.0434858 0.166498 28
0 0.288908 0.351565 0.0183162 0.0761791 29
1 0.178162 0.550962 0.0445251 0.111281 30
1 0.172374 0.506307 0.034312 0.0824861 31
1 0.430315 0.325653 0.0184271 0.0530615 32
1 0.160222 0.389741 0.0223826 0.0806593 33
0 0.142822 0.0865498 0.00932856 0.0316558 34
0 0.165763 0.20378 0.0158441 0.0348606 35
0 0.149933 0.291317 0.0149212 0.0664524 36
0 0.34402 0.14933 0.0113999 0.043626 37
0 0.165092 0.0590356 0.00866427 0.0366232 38
1 0.44735 0.326975 0.0173457 0.0517359 39
0 0.364922 0.135987 0.00982791 0.0452401 40
0 0.0713526 0.0889117 0.00958011 0.0333859 41
0 0.134173 0.122064 0.00904074 0.0310612 42
1 0.165885 0.203219 0.0142421 0.0326528 43
0 0.0941661 0.164138 0.0138825 0.0506619 44
0 0.554537 0.369862 0.0161697 0.0612893 45
1 0.176912 0.613128 0.0407138 0.139656 46
0 0.430314 0.32527 0.0189214 0.0521464 47
0 0.226714 0.0369377 0.00934051 0.036595 48
0 0.174037 0.505722 0.0278862 0.0831292 49
0 0.181369 0.0586102 0.00872154 0.0380219 50
