0 0.281043 0.85013 0.0328949 0.124232 1
0 0.610427 0.614554 0.0401333 0.118492 2
0 0.234557 0.881298 0.0402143 0.181994 3
0 0.54759 0.545512 0.0233767 0.112809 4
0 0.211751 0.549401 0.02783 0.115846 5
0 0.680438 0.502258 0.0255871 0.108044 6
0 0.457167 0.6213 0.0338245 0.142909 7
0 0.286337 0.582498 0.033067 0.128753 8
0 0.239136 0.551229 0.0241504 0.123382 9
0 0.582648 0.481352 0.0240749 0.105873 10
0 0.110099 0.369721 0.0226435 0.0745602 11
0 0.115805 0.168098 0.0124543 0.0510644 12
0 0.48201 0.497026 0.0248197 0.103085 13
0 0.184067 0.639509 0.0589824 0.102923 14
0 0.546228 0.375604 0.0213842 0.0680295 15
0 0.522952 0.377376 0.0200075 0.0640759 16
0 0.150903 0.210493 0.0137401 0.0540577 17
0 0.350745 0.354723 0.0179424 0.0810243 18
0 0.00658107 0.173853 0.0130546 0.0442203 19
0 0.161401 0.558535 0.0388808 0.0805379 20
0 0.306033 0.163115 0.00966681 0.0404138 21
0 0.023154 0.0747303 0.0112818 0.0414785 22
0 0.0661107 0.231874 0.0171837 0.0364532 23
0 0.0770555 0.321663 0.0173033 0.0659042 24
0 0.320147 0.454871 0.0189669 0.0501154 25
0 0.117003 0.450687 0.0254464 0.0901169 26
0 0.0728754 0.536045 0.0414498 0.0777727 27
0 0.392138 0.344691 0.0179804 0.0621046 28
0 0.0165868 0.101885 0.0107764 0.037291 29
0 0.163702 0.463137 0.0245243 0.0563972 30
0 0.26467 0.193485 0.0115645 0.0536097 31
0 0.689286 0.426317 0.0253427 0.0566259 32
0 0.454361 0.31151 0.0156603 0.073866 33
0 0.298367 0.458496 0.0199764 0.0490039 34
0 0.0565204 0.081325 0.0102815 0.0361364 35
0 0.0849106 0.377724 0.0225169 0.0845098 36
0 0.0415113 0.0698406 0.011425 0.039457 37
0 0.0702809 0.0354588 0.0106038 0.0443635 38
0 0.805225 0.303064 0.0152376 0.0505328 39
0 0.411446 0.346757 0.0163206 0.0522219 40
0 0.309428 0.162186 0.0106136 0.0406436 41
1 0.273317 0.414212 0.0235802 0.0538209 42
0 0.230062 0.750185 0.0290986 0.0917606 43
0 0.257291 0.171783 0.0133306 0.0460973 44
0 0.453995 0.51116 0.0348375 0.0950472 45
0 0.0212246 0.0921004 0.0121423 0.0475043 46
0 0.0209565 0.143592 0.0123144 0.0302391 47
0 0.341798 0.165628 0.00932421 0.0413846 48
0 0.206813 0.146769 0.00995289 0.0397833 49
0 0.274796 0.41664 0.023141 0.0601308 50
