0 0.724654 0.670578 0.0311273 0.133362 1
0 0.575073 0.569557 0.0317272 0.107835 2
0 0.30533 0.609571 0.0365376 0.124124 3
0 0.322003 0.364054 0.0168131 0.0853159 4
0 0.480914 0.623057 0.0284765 0.124109 5
0 0.029904 0.174079 0.0144572 0.0500731 6
0 0.642088 0.50334 0.0221927 0.0999346 7
0 0.527564 0.454768 0.0368677 0.104382 8
0 0.0676962 0.398935 0.0230214 0.0898654 9
0 0.468299 0.524782 0.0281979 0.117679 10
0 0.0346311 0.400196 0.0265126 0.0953724 11
0 0.00921287 0.250613 0.0181694 0.0541652 12
0 0.363416 0.971442 0.0329345 0.055102 13
0 0.746105 0.516815 0.0321198 0.0923597 14
0 0.184894 0.206282 0.0133857 0.0445182 15
0 0.216026 0.565268 0.0250371 0.0931257 16
0 0.195235 0.408815 0.0184213 0.0752884 17
0 0.160512 0.597621 0.0411998 0.0808509 18
0 0.0215831 0.351351 0.0227074 0.0703281 19
0 0.0767386 0.190259 0.0142517 0.0412464 20
0 0.24871 0.576822 0.0281971 0.12758 21
0 0.505452 0.376689 0.0216683 0.0680574 22
1 0.316883 0.895064 0.0378175 0.139353 23
0 0.139298 0.495127 0.0263774 0.0579229 24
1 0.242859 0.77033 0.0374988 0.103053 25
0 0.759124 0.281503 0.0127368 0.0419805 26
0 0.525994 0.373861 0.0215599 0.074496 27
0 0.198958 0.112581 0.0114446 0.0500362 28
0 0.0643911 0.587302 0.0332961 0.0657544 29
0 0.632796 0.303386 0.0130857 0.0495204 30
0 0.121364 0.155813 0.0132768 0.0448125 31
0 0.379429 0.35346 0.0258655 0.0651211 32
0 0.403375 0.272747 0.0134028 0.0644167 33
0 0.182029 0.183164 0.0137883 0.0569487 34
0 0.19777 0.679151 0.0675771 0.112999 35
0 0.27262 0.790021 0.0371649 0.0925057 36
0 0.0936495 0.454935 0.0245209 0.0705341 37
1 0.211421 0.691219 0.0449751 0.0989483 38
0 0.231906 0.167247 0.0116419 0.0454194 39
0 0.270744 0.143381 0.0102166 0.045444 40
1 0.371181 0.338853 0.036835 0.0796435 41
