0 0.477351 0.479167 0.0211582 0.102393 1
0 0.371788 0.575093 0.0372008 0.123333 2
0 0.62691 0.447905 0.0213972 0.103289 3
0 0.539905 0.441911 0.0274908 0.102892 4
0 0.437792 0.48864 0.0211828 0.102689 5
0 0.0501816 0.274909 0.0195181 0.0772016 6
0 0.102248 0.637731 0.0360001 0.138682 7
0 0.210632 0.13502 0.0107546 0.0477826 8
0 0.435637 0.306223 0.0170868 0.0794385 9
0 0.265936 0.46703 0.0279393 0.116095 10
0 0.416788 0.172125 0.0112718 0.0490658 11
0 0.145267 0.258441 0.0165327 0.0713975 12
0 0.532332 0.565498 0.0232093 0.0884437 13
0 0.191751 0.151219 0.0112752 0.0444058 14
0 0.409668 0.467318 0.0230138 0.0985244 15
0 0.0884414 0.646015 0.0385338 0.124722 16
0 0.0876893 0.248044 0.0202617 0.0697433 17
0 0.614963 0.359916 0.0184888 0.0726413 18
0 0.113224 0.3823 0.025448 0.0723752 19
0 0.251679 0.24447 0.0120701 0.0577134 20
0 0.0637556 0.147014 0.0123387 0.0498541 21
0 0.373124 0.11319 0.00981488 0.0444347 22
0 0.592909 0.360273 0.0191451 0.0654523 23
0 0.353581 0.36379 0.0247226 0.0826693 24
0 0.234359 0.277704 0.0196663 0.0700962 25
0 0.53221 0.670831 0.0261688 0.133979 26
0 0.115937 0.0991994 0.0101184 0.0270481 27
0 0.1571 0.395105 0.026532 0.0632307 28
0 0.161029 0.181081 0.0125985 0.0466417 29
0 0.0941224 0.292132 0.0199348 0.0675346 30
0 0.53372 0.131065 0.00880487 0.0411176 31
0 0.588183 0.246147 0.0130372 0.0641322 32
0 0.285047 0.0655524 0.00812912 0.0288646 33
0 0.274031 0.12239 0.0106238 0.0349219 34
0 0.148959 0.183823 0.0128575 0.0475017 35
0 0.045364 0.167198 0.0117894 0.0458527 36
0 0.00539303 0.339326 0.0107861 0.0872607 37
0 0.26295 0.0744688 0.00820898 0.0299151 38
0 0.035285 0.165108 0.0113887 0.0432616 39
0 0.0230797 0.0739127 0.00963571 0.0411106 40
0 0.012096 0.422469 0.0241921 0.0659027 41
0 0.325359 0.269192 0.0167918 0.0634412 42
0 0.255771 0.464428 0.0285561 0.115966 43
0 0.358316 0.042755 0.00875214 0.0368993 44
1 0.35479 0.363558 0.0259898 0.0828607 45
0 0.51702 0.136354 0.00974056 0.0384623 46
0 0.246587 0.35457 0.0233042 0.0795323 47
0 0.445535 0.130311 0.0101799 0.0402742 48
1 0.192731 0.483848 0.0288005 0.0778136 49
0 0.407052 0.0281361 0.00900305 0.0290327 50
1 0.502864 0.308117 0.0195162 0.0498776 51
0 0.341989 0.0453553 0.00910925 0.0362817 52
0 0.355437 0.0218504 0.00959601 0.0343185 53
0 0.245885 0.378725 0.0193172 0.0843172 54
0 0.232289 0.435326 0.0257317 0.0865217 55
0 0.368091 0.0486166 0.00802812 0.033847 56
0 0.542946 0.152841 0.0101088 0.037733 57
0 0.591111 0.231341 0.0131 0.0488874 58
0 0.0305198 0.0866642 0.0089808 0.038893 59
0 0.154226 0.183337 0.0108491 0.0495912 60
0 0.00559882 0.0808635 0.0109393 0.0409606 61
0 0.377182 0.383012 0.0133428 0.0465917 62
0 0.483692 0.131415 0.0108965 0.0415278 63
0 0.251296 0.128152 0.0099552 0.0334634 64
0 0.244817 0.28108 0.0170973 0.0725508 65
0 0.543593 0.132047 0.0101843 0.045342 66
0 0.206907 0.439661 0.0204811 0.0802358 67
