0 0.31687 0.67107 0.0361132 0.143074 1
0 0.227225 0.661819 0.038057 0.138683 2
0 0.0679667 0.53632 0.0262023 0.0966373 3
0 0.387456 0.4943 0.0266046 0.111234 4
0 0.506993 0.446268 0.0216452 0.0977212 5
0 0.422639 0.823844 0.0440736 0.165521 6
0 0.180244 0.675192 0.0349514 0.140378 7
0 0.193779 0.796052 0.0509607 0.138363 8
0 0.557521 0.531971 0.0266107 0.109796 9
0 0.34927 0.891453 0.0691248 0.122664 10
0 0.468051 0.44075 0.0215326 0.0895136 11
0 0.304194 0.882663 0.0492549 0.138161 12
0 0.414046 0.504965 0.0230076 0.104715 13
0 0.52967 0.560628 0.0244754 0.118412 14
0 0.1883 0.409728 0.0208087 0.0955088 15
0 0.463046 0.552261 0.024778 0.0990801 16
0 0.470166 0.949109 0.0387127 0.101782 17
0 0.105987 0.726533 0.055037 0.097254 18
0 0.0567885 0.462664 0.0240277 0.0862094 19
0 0.237608 0.455563 0.0186057 0.0578545 20
0 0.432925 0.554641 0.0237686 0.0898095 21
0 0.292296 0.282719 0.0172074 0.0581454 22
0 0.462852 0.297241 0.0145874 0.0636666 23
0 0.104272 0.511286 0.0375979 0.0687035 24
0 0.543341 0.380775 0.0169924 0.0526903 25
0 0.176978 0.406633 0.0305118 0.10022 26
0 0.577609 0.238627 0.0106163 0.0328374 27
0 0.202853 0.302169 0.0177272 0.0679105 28
0 0.205523 0.526456 0.0242381 0.058619 29
0 0.00684017 0.629022 0.0136306 0.0740066 30
0 0.217953 0.384578 0.0206914 0.0591493 31
0 0.42141 0.537216 0.0302647 0.0634089 32
0 0.225672 0.384343 0.0227069 0.0605581 33
