0 0.477083 0.479795 0.0225155 0.104479 1
0 0.105921 0.644723 0.0318464 0.137421 2
0 0.354283 0.575848 0.038329 0.123066 3
0 0.266391 0.468838 0.0273533 0.119531 4
0 0.437546 0.492314 0.022438 0.10419 5
0 0.0405389 0.278882 0.0220678 0.0750979 6
0 0.552986 0.443788 0.0231321 0.103582 7
0 0.133815 0.261507 0.0172119 0.065971 8
0 0.43134 0.304783 0.0155548 0.0773731 9
0 0.622808 0.436025 0.0218019 0.102426 10
0 0.0778586 0.251281 0.021336 0.074456 11
0 0.409788 0.467114 0.02404 0.0898656 12
0 0.20131 0.139472 0.0112512 0.0476422 13
0 0.614308 0.359824 0.0197045 0.0732841 14
0 0.410585 0.173547 0.0118806 0.0543698 15
0 0.0938467 0.651243 0.0470851 0.132738 16
0 0.245571 0.246435 0.0145684 0.0605783 17
0 0.182473 0.154738 0.0112235 0.0441448 18
0 0.365479 0.119703 0.0100375 0.0460425 19
0 0.10777 0.387317 0.0239588 0.0685472 20
0 0.00950886 0.430877 0.0190166 0.0718206 21
0 0.141537 0.187143 0.0108489 0.0481857 22
0 0.589445 0.359092 0.0194827 0.0663341 23
0 0.318491 0.275332 0.0163643 0.0635155 24
0 0.239881 0.134785 0.0106707 0.0405193 25
0 0.533135 0.665739 0.0293768 0.145562 26
0 0.153946 0.181306 0.0120498 0.045404 27
0 0.582897 0.245447 0.0143093 0.0646967 28
0 0.0824597 0.296033 0.0180215 0.0712795 29
0 0.530199 0.572877 0.0265402 0.0959164 30
0 0.395508 0.027819 0.0087001 0.0342436 31
0 0.0518095 0.145609 0.0120486 0.0502012 32
0 0.229311 0.280505 0.018508 0.0710886 33
0 0.437302 0.128969 0.0112366 0.0420638 34
0 0.0228107 0.168271 0.0118056 0.0421644 35
1 0.350263 0.352408 0.0255713 0.0641519 36
0 0.23109 0.431776 0.0251178 0.0985118 37
0 0.509414 0.135698 0.00910995 0.0407013 38
0 0.032367 0.168327 0.0116261 0.0425624 39
0 0.346042 0.0447028 0.00874308 0.0384224 40
0 0.104168 0.0993553 0.00941631 0.0270411 41
0 0.241352 0.362894 0.0245115 0.085337 42
0 0.151986 0.400599 0.0277635 0.0631241 43
0 0.235996 0.284598 0.0242531 0.0807849 44
0 0.355224 0.0462757 0.00895791 0.0396032 45
0 0.33204 0.0460015 0.00950137 0.0369399 46
0 0.379632 0.0421152 0.00950091 0.0450305 47
0 0.608546 0.360733 0.0162176 0.0698847 48
0 0.265648 0.121487 0.00972255 0.0474686 49
0 0.051697 0.12857 0.0101882 0.0411077 50
0 0.24547 0.433859 0.0233496 0.0955219 51
