0 0.541137 0.553628 0.0251307 0.112474 1
0 0.382529 0.935345 0.0517861 0.128492 2
0 0.281684 0.698786 0.0425684 0.14363 3
0 0.0975572 0.565626 0.0283595 0.0971557 4
0 0.0248629 0.422636 0.0215464 0.0713857 5
0 0.256742 0.847273 0.0533604 0.146792 6
0 0.628782 0.584399 0.0362171 0.113539 7
0 0.649292 0.437767 0.0258145 0.0986209 8
0 0.447287 0.484494 0.0318768 0.12652 9
0 0.382344 0.713152 0.0406982 0.162397 10
0 0.43752 0.934864 0.0581588 0.123357 11
0 0.2046 0.430696 0.0251678 0.104128 12
0 0.234304 0.713326 0.0348825 0.140784 13
0 0.154492 0.776666 0.0565066 0.116567 14
0 0.602964 0.458206 0.0204278 0.0957713 15
0 0.482368 0.533035 0.0403031 0.109254 16
0 0.0271509 0.658494 0.0529499 0.0811946 17
0 0.562683 0.397998 0.0196087 0.0483679 18
0 0.498589 0.500713 0.0261614 0.116521 19
0 0.210352 0.310289 0.0216807 0.0710311 20
0 0.278736 0.350898 0.0126895 0.0580929 21
0 0.454057 0.467248 0.0284856 0.105838 22
0 0.590854 0.243558 0.0111738 0.0423229 23
0 0.0409145 0.245811 0.0119085 0.0375867 24
0 0.216673 0.316817 0.0162523 0.0577544 25
0 0.413656 0.392326 0.0192803 0.0692783 26
0 0.131064 0.538371 0.0319056 0.0651224 27
0 0.393254 0.397781 0.0166411 0.0660316 28
1 0.229829 0.401157 0.0197048 0.0627687 29
0 0.578558 0.971313 0.0442344 0.057375 30
1 0.240413 0.404573 0.0222846 0.0561793 31
