0 0.681187 0.604894 0.0353353 0.122465 1
0 0.0895983 0.693136 0.0387744 0.139617 2
0 0.282538 0.80183 0.0519672 0.126131 3
0 0.25613 0.59049 0.0443704 0.134912 4
0 0.303517 0.364904 0.0197814 0.0890685 5
0 0.337119 0.618641 0.0358589 0.141765 6
0 0.54748 0.530758 0.0283034 0.11962 7
0 0.668881 0.501236 0.0303026 0.112285 8
0 0.0276467 0.416988 0.0258011 0.0963926 9
0 0.521945 0.443415 0.0255168 0.107527 10
0 0.390499 0.921283 0.0562559 0.153105 11
0 0.468219 0.506402 0.034746 0.162639 12
0 0.471802 0.476297 0.0273203 0.103648 13
0 0.360958 0.265572 0.0142879 0.0667144 14
0 0.200591 0.445874 0.0245024 0.0769434 15
0 0.0170692 0.18816 0.0129428 0.0453978 16
0 0.556075 0.485402 0.0251516 0.109145 17
0 0.352663 0.365194 0.023625 0.0886071 18
0 0.239097 0.594831 0.0459354 0.132626 19
0 0.166281 0.618631 0.0419113 0.0873025 20
0 0.169543 0.236545 0.0135478 0.0532358 21
0 0.103676 0.175575 0.0130516 0.0497233 22
0 0.325488 0.804713 0.0395616 0.105026 23
0 0.501718 0.361339 0.0193382 0.0737586 24
0 0.153852 0.1652 0.0127898 0.0574768 25
0 0.0763256 0.172499 0.0149468 0.0482538 26
0 0.229602 0.583589 0.0216427 0.107635 27
0 0.654083 0.393751 0.0232385 0.0556988 28
0 0.483867 0.363345 0.0167927 0.0651038 29
0 0.275916 0.480641 0.0279066 0.0658671 30
0 0.531245 0.429699 0.0168739 0.0975393 31
0 0.596053 0.296394 0.0122183 0.0484001 32
1 0.121558 0.512891 0.0312339 0.0635774 33
0 0.127656 0.164919 0.0118883 0.0596612 34
0 0.23109 0.442471 0.0247132 0.0666919 35
0 0.148909 0.163883 0.011729 0.0570297 36
0 0.0604582 0.483935 0.0317874 0.0849152 37
0 0.280592 0.280881 0.0161735 0.0478084 38
0 0.0370709 0.493073 0.0292599 0.0822885 39
0 0.300236 0.466819 0.02921 0.0681705 40
1 0.0620698 0.48594 0.0320476 0.0898123 41
0 0.122564 0.111153 0.0119562 0.0545545 42
0 0.0709117 0.170928 0.0127236 0.0457716 43
