0 0.331519 0.623073 0.0368721 0.139289 1
0 0.16686 0.766362 0.0494175 0.156357 2
0 0.550038 0.513819 0.0276021 0.108457 3
0 0.611462 0.516436 0.0343015 0.114435 4
0 0.258137 0.590934 0.0370827 0.131486 5
0 0.666606 0.576029 0.028392 0.127503 6
0 0.407663 0.921664 0.0486269 0.156672 7
0 0.476583 0.478268 0.022018 0.109172 8
2 0.0316964 0.627602 0.0631765 0.0778198 9
0 0.437382 0.503196 0.0302401 0.114715 10
0 0.292934 0.807644 0.0498993 0.133291 11
0 0.301062 0.361783 0.021705 0.0901857 12
0 0.111377 0.167443 0.0137772 0.0581791 13
0 0.226553 0.595108 0.0228067 0.126027 14
0 0.177327 0.460686 0.0212251 0.0863615 15
0 0.52353 0.464536 0.0221996 0.115174 16
0 0.509634 0.441257 0.0283318 0.111469 17
0 0.120719 0.250779 0.0147073 0.0534465 18
0 0.0877998 0.163971 0.0138539 0.0653207 19
0 0.16097 0.627927 0.0462412 0.0873316 20
0 0.331078 0.364916 0.0217837 0.0873246 21
1 0.0358656 0.494392 0.0333262 0.0859907 22
1 0.213519 0.447186 0.0230019 0.0608097 23
0 0.468773 0.368269 0.0198145 0.0605555 24
0 0.0630414 0.185093 0.0136226 0.0448867 25
0 0.576593 0.293635 0.014949 0.0629135 26
1 0.231302 0.705819 0.0578202 0.125593 27
0 0.329364 0.806764 0.0631402 0.116094 28
0 0.29402 0.355961 0.0206418 0.0967892 29
0 0.0367584 0.493892 0.0304441 0.0840403 30
0 0.639198 0.378925 0.0207069 0.054943 31
0 0.436967 0.931243 0.0420871 0.137228 32
0 0.00712169 0.433762 0.0142434 0.0862348 33
0 0.0397111 0.180406 0.012511 0.043681 34
0 0.0301883 0.168915 0.0117292 0.0512255 35
0 0.0586103 0.182011 0.0150503 0.0498503 36
