0 0.548423 0.672875 0.0334028 0.149699 1
0 0.327433 0.539555 0.0246076 0.118532 2
0 0.43861 0.501527 0.0212193 0.0934075 3
0 0.257893 0.49264 0.0263387 0.119705 4
0 0.494082 0.565978 0.0250759 0.124191 5
0 0.112985 0.694918 0.036859 0.153066 6
0 0.41486 0.473523 0.0255074 0.0986105 7
0 0.091926 0.712569 0.0480741 0.127582 8
0 0.353969 0.173336 0.0110636 0.0471657 9
0 0.547791 0.446075 0.0239828 0.106982 10
0 0.179621 0.295923 0.0172124 0.0684855 11
0 0.0387272 0.30362 0.0176098 0.0732241 12
0 0.226101 0.460351 0.0343291 0.109728 13
0 0.131417 0.153282 0.0120149 0.0432586 14
0 0.196442 0.264983 0.0154345 0.0625839 15
0 0.0699035 0.414725 0.0255434 0.0740887 16
0 0.40012 0.313277 0.0158676 0.074615 17
0 0.290345 0.308441 0.0173965 0.0679299 18
0 0.196092 0.129856 0.00927353 0.0418337 19
0 0.467215 0.476635 0.021394 0.0998159 20
0 0.201612 0.0722508 0.00940025 0.0313039 21
0 0.21278 0.456296 0.0234056 0.103691 22
0 0.587143 0.358898 0.0197157 0.0745938 23
0 0.0845875 0.200796 0.013625 0.0505819 24
0 0.2522 0.0520391 0.00846281 0.0360786 25
0 0.179394 0.469195 0.0281614 0.0800015 26
0 0.452377 0.143245 0.010668 0.0444061 27
0 0.562068 0.361643 0.02232 0.0687127 28
0 0.444539 0.308436 0.0171707 0.0593931 29
0 0.372155 0.13736 0.0104984 0.0381412 30
0 0.111741 0.16503 0.011461 0.0445808 31
0 0.540336 0.247685 0.0150923 0.0659004 32
0 0.120124 0.425865 0.032279 0.0700199 33
0 0.091042 0.201685 0.0135156 0.051074 34
0 0.160439 0.595241 0.0459056 0.109584 35
0 0.161486 0.087916 0.0106041 0.0355918 36
0 0.0514086 0.0206566 0.00992249 0.030629 37
0 0.309532 0.131536 0.0100777 0.0466989 38
0 0.170464 0.148319 0.0116774 0.0453608 39
0 0.268579 0.0492982 0.00935784 0.038435 40
0 0.210366 0.377711 0.0219047 0.069601 41
0 0.277748 0.059099 0.00816477 0.0296956 42
1 0.443504 0.308654 0.0155424 0.059971 43
0 0.121491 0.146333 0.00907516 0.0409166 44
0 0.314021 0.0279824 0.00956131 0.0263846 45
0 0.198608 0.288722 0.0190528 0.0840615 46
1 0.32064 0.364302 0.0297111 0.0687241 47
0 0.298322 0.0282894 0.00931045 0.0334613 48
1 0.229538 0.184358 0.0134858 0.0332704 49
0 0.175368 0.510731 0.0344578 0.0878202 50
0 0.34885 0.395907 0.0175181 0.0457986 51
0 0.189518 0.356719 0.0222494 0.0668928 52
0 0.0348888 0.0718214 0.0100289 0.0374812 53
0 0.228571 0.183397 0.0129761 0.0359206 54
0 0.323414 0.376552 0.0248665 0.0860553 55
