0 0.142542 0.641572 0.0504337 0.0902443 1
0 0.651545 0.572187 0.0333227 0.122498 2
0 0.316197 0.614082 0.0371698 0.137532 3
0 0.388794 0.500774 0.0339929 0.119522 4
0 0.203885 0.910877 0.0454092 0.170167 5
0 0.291064 0.814577 0.0527175 0.134859 6
0 0.427931 0.917043 0.0461112 0.165914 7
0 0.491647 0.44845 0.0298527 0.1315 8
0 0.207203 0.598837 0.0347609 0.118764 9
0 0.516331 0.507029 0.0284363 0.109604 10
0 0.0672698 0.270854 0.0153521 0.0542074 11
0 0.0531678 0.175079 0.0138934 0.0584568 12
0 0.260211 0.364294 0.0223001 0.106016 13
0 0.535172 0.517562 0.0356573 0.115078 14
0 0.541487 0.289176 0.0164525 0.0670493 15
0 0.0269164 0.175076 0.0132344 0.0609933 16
0 0.249211 0.599078 0.0422275 0.138414 17
0 0.42903 0.489501 0.0408686 0.118219 18
0 0.505383 0.322353 0.0183777 0.0523101 19
0 0.243807 0.67439 0.0456224 0.165987 20
0 0.465684 0.351589 0.0187939 0.0750854 21
0 0.318819 0.816772 0.0901731 0.1293 22
0 0.45392 0.355903 0.016405 0.0709332 23
0 0.300889 0.383341 0.024114 0.0865349 24
0 0.608063 0.374678 0.0192016 0.0541468 25
0 0.0681941 0.537463 0.0398411 0.073451 26
0 0.240582 0.301154 0.0156252 0.0477326 27
0 0.00487134 0.186249 0.00949795 0.0541601 28
2 0.0188393 0.64129 0.0376786 0.0906694 29
0 0.300102 0.35349 0.0275903 0.0658218 30
0 0.148759 0.473725 0.0332131 0.0914833 31
0 0.442225 0.366525 0.0204795 0.0588326 32
0 0.278872 0.328214 0.0206289 0.0852502 33
0 0.337655 0.811331 0.0533834 0.105293 34
0 0.207012 0.705049 0.0525261 0.139383 35
0 0.0226989 0.120631 0.0131459 0.0560272 36
1 0.152327 0.461268 0.0387983 0.0681408 37
