0 0.673545 0.656341 0.0305164 0.1267 1
0 0.314298 0.924764 0.0313582 0.130839 2
0 0.288575 0.593943 0.0352408 0.135759 3
0 0.183789 0.663495 0.0635925 0.11654 4
0 0.725545 0.516451 0.0297788 0.105447 5
0 0.332586 0.362259 0.0177451 0.0796622 6
0 0.565752 0.563812 0.0255102 0.111985 7
0 0.0846412 0.389812 0.0250084 0.0921452 8
0 0.49534 0.483352 0.0231682 0.103024 9
0 0.465985 0.481688 0.0234108 0.0956214 10
0 0.619016 0.486105 0.0264337 0.109513 11
0 0.532497 0.375724 0.0196168 0.0715729 12
0 0.207631 0.56577 0.0266303 0.118228 13
0 0.474983 0.569625 0.0324674 0.122284 14
0 0.0659092 0.565314 0.0307446 0.066792 15
0 0.229965 0.56687 0.0364739 0.127455 16
0 0.152033 0.579002 0.0409824 0.0787816 17
0 0.0802576 0.226314 0.0153668 0.0481834 18
0 0.510794 0.378333 0.0208178 0.0662099 19
0 0.0472705 0.333842 0.0209705 0.0693004 20
0 0.0779384 0.179631 0.0144277 0.05717 21
0 0.053632 0.385505 0.0287411 0.10296 22
1 0.216695 0.762215 0.0464179 0.109831 23
0 0.206418 0.379529 0.0194046 0.06947 24
0 0.220792 0.189462 0.0143312 0.0642236 25
0 0.265955 0.913296 0.0381229 0.154961 26
0 0.375978 0.344665 0.018967 0.0727454 27
0 0.269785 0.849506 0.0330232 0.0949664 28
0 0.429739 0.270879 0.0176856 0.0613004 29
0 0.473677 0.651183 0.045569 0.129168 30
0 0.393336 0.348308 0.0214779 0.0613045 31
0 0.239109 0.162358 0.0101084 0.046291 32
0 0.780418 0.291643 0.0125259 0.0486346 33
0 0.292087 0.24498 0.0120234 0.0543409 34
0 0.272311 0.162838 0.0103952 0.0425352 35
0 0.0978332 0.454858 0.0277 0.0909802 36
0 0.311443 0.460489 0.0213262 0.0537043 37
0 0.0551879 0.558542 0.0484813 0.0758284 38
0 0.0989656 0.483683 0.0290817 0.086222 39
0 0.14012 0.483033 0.0361353 0.0587485 40
0 0.602385 0.255921 0.0141323 0.0512305 41
1 0.250127 0.424123 0.0308003 0.0528829 42
0 0.21485 0.169642 0.0142639 0.0498146 43
0 0.678759 0.419968 0.0229906 0.0544874 44
0 0.02322 0.240272 0.0182221 0.0409754 45
