0 0.641052 0.58843 0.0339571 0.126988 1
0 0.187059 0.923021 0.0473661 0.146844 2
0 0.307863 0.614468 0.036279 0.149981 3
0 0.241206 0.608767 0.0370745 0.134569 4
0 0.439194 0.918938 0.0489067 0.159465 5
0 0.195147 0.615829 0.0372563 0.130778 6
0 0.116677 0.48578 0.0245721 0.0879169 7
0 0.417183 0.490534 0.0237881 0.113711 8
0 0.0352574 0.282114 0.0179104 0.0543662 9
0 0.385046 0.506572 0.0274014 0.119753 10
0 0.515666 0.564675 0.0482679 0.124385 11
0 0.232912 0.371853 0.0231699 0.0980916 12
0 0.128281 0.659062 0.0492909 0.0888727 13
0 0.283943 0.708477 0.0384035 0.14954 14
0 0.292294 0.812299 0.0580106 0.133325 15
0 0.505983 0.430385 0.0271327 0.0951706 16
0 0.157935 0.462486 0.0270183 0.0607139 17
0 0.13294 0.46738 0.0260798 0.0585948 18
0 0.584538 0.367435 0.0191917 0.0512833 19
0 0.314011 0.821689 0.0944066 0.148715 20
0 0.510685 0.287121 0.0150711 0.0627197 21
0 0.0463241 0.553886 0.034861 0.0718821 22
0 0.516937 0.492255 0.039062 0.117269 23
0 0.00464972 0.184563 0.00929945 0.0528947 24
0 0.43703 0.352614 0.0224583 0.0703583 25
0 0.0101308 0.638047 0.0202615 0.14042 26
0 0.277407 0.355489 0.0207032 0.0575156 27
0 0.238804 0.484419 0.0319583 0.0684643 28
1 0.433635 0.355213 0.0212038 0.0703321 29
0 0.474707 0.922035 0.0386272 0.146388 30
0 0.348235 0.819404 0.0469206 0.106006 31
0 0.419181 0.365149 0.0244581 0.0623671 32
0 0.0237125 0.149156 0.0109374 0.0423478 33
