0 0.473469 0.479762 0.0232382 0.0992137 1
0 0.274179 0.537749 0.0292534 0.124424 2
0 0.483196 0.621137 0.0307724 0.132742 3
0 0.519705 0.455576 0.0211817 0.115778 4
0 0.210564 0.502451 0.0253724 0.109741 5
0 0.233714 0.503736 0.0258293 0.115187 6
0 0.370991 0.331169 0.0163335 0.0756754 7
0 0.338682 0.462222 0.0214739 0.11863 8
0 0.034165 0.472323 0.0268061 0.0825968 9
0 0.433055 0.455895 0.0195772 0.0931309 10
0 0.0410733 0.19046 0.0172988 0.0630943 11
0 0.203955 0.149186 0.0105304 0.0463575 12
0 0.27362 0.194569 0.0132393 0.0525823 13
0 0.568732 0.366587 0.0205103 0.0717776 14
0 0.442446 0.552415 0.0258135 0.110119 15
0 0.076687 0.171196 0.0122618 0.0496537 16
0 0.156071 0.336908 0.0197666 0.0791219 17
0 0.100796 0.147652 0.0111468 0.0464382 18
0 0.54576 0.371106 0.0175718 0.0672112 19
0 0.096349 0.481022 0.0342088 0.0731795 20
0 0.160911 0.79807 0.0415837 0.154041 21
0 0.496884 0.246635 0.0131477 0.0523143 22
1 0.42733 0.322983 0.0227497 0.0641612 23
0 0.0473198 0.0980448 0.0106066 0.0279079 24
0 0.136897 0.293662 0.0173079 0.0673485 25
0 0.38323 0.143173 0.010655 0.0511263 26
0 0.442698 0.47963 0.0202284 0.081484 27
1 0.184227 0.66792 0.0395617 0.0868449 28
0 0.142844 0.0610294 0.00975108 0.0376855 29
0 0.708205 0.422595 0.0261095 0.049948 30
0 0.388695 0.144504 0.0105032 0.0528539 31
0 0.207719 0.0806661 0.0084362 0.0365704 32
0 0.427848 0.32384 0.0242077 0.0646468 33
1 0.172556 0.512253 0.0327879 0.0765742 34
0 0.333475 0.149465 0.0118883 0.043506 35
0 0.195095 0.0647753 0.00904403 0.043008 36
0 0.150812 0.207608 0.0133482 0.0335068 37
0 0.133944 0.331811 0.0204681 0.0708519 38
0 0.291746 0.143306 0.00994864 0.0390402 39
0 0.126011 0.0886732 0.0105691 0.0342089 40
0 0.171998 0.512463 0.0303785 0.0779025 41
0 0.158707 0.0593842 0.00942307 0.0394629 42
0 0.20538 0.0407739 0.00829406 0.0404164 43
