0 0.567796 0.512277 0.0300316 0.112115 1
0 0.201248 0.815573 0.0523883 0.149659 2
0 0.315125 0.900839 0.0501091 0.127207 3
0 0.363445 0.907182 0.0696954 0.135137 4
0 0.060662 0.550774 0.0269776 0.096269 5
0 0.231534 0.674826 0.0390236 0.140539 6
0 0.49541 0.864839 0.0464325 0.150039 7
0 0.334033 0.690956 0.0331322 0.141058 8
0 0.182284 0.691102 0.038656 0.14912 9
0 0.032944 0.454375 0.0217812 0.0826391 10
0 0.519004 0.525635 0.0261972 0.114699 11
0 0.415062 0.51733 0.0293161 0.108109 12
0 0.179728 0.418462 0.0212316 0.0988393 13
0 0.460897 0.449797 0.0265774 0.077848 14
0 0.492701 0.954942 0.04704 0.090116 15
0 0.400896 0.499568 0.026897 0.116303 16
0 0.464475 0.53266 0.0320876 0.116459 17
0 0.545837 0.958127 0.0317577 0.082428 18
0 0.190099 0.305016 0.0183916 0.0689149 19
0 0.104971 0.747166 0.052213 0.104888 20
0 0.515524 0.441341 0.0229557 0.0982913 21
0 0.226737 0.346894 0.016861 0.0564719 22
0 0.214949 0.432226 0.0193439 0.0816954 23
0 0.453292 0.300552 0.0127975 0.0572856 24
0 0.367729 0.383747 0.0209944 0.0709637 25
0 0.572291 0.233247 0.010792 0.0346512 26
0 0.0960792 0.521969 0.0357337 0.0724202 27
0 0.538474 0.383388 0.0141501 0.0483205 28
0 0.382726 0.380061 0.0199208 0.0730813 29
0 0.206313 0.389217 0.0214075 0.0647456 30
0 0.198694 0.539701 0.028379 0.0672051 31
0 0.180849 0.549585 0.0354351 0.073745 32
0 0.217739 0.395231 0.0200203 0.0653753 33
0 0.165369 0.415891 0.0221424 0.0947052 34
0 0.442556 0.523018 0.0277136 0.0964959 35
