0 0.569503 0.514246 0.032323 0.107983 1
0 0.340774 0.697872 0.0374023 0.146292 2
0 0.233125 0.680247 0.038022 0.141987 3
0 0.181657 0.69527 0.0399098 0.150408 4
0 0.0598831 0.55499 0.0280469 0.0979192 5
0 0.203261 0.821165 0.0544426 0.14808 6
0 0.409672 0.518783 0.0350939 0.137783 7
0 0.0277336 0.452162 0.0219774 0.0742353 8
0 0.521035 0.510918 0.0260655 0.114408 9
0 0.177591 0.419426 0.0223551 0.0957248 10
0 0.319696 0.906231 0.0496189 0.128468 11
0 0.472714 0.536145 0.0276739 0.121388 12
0 0.445431 0.521624 0.0286724 0.105008 13
0 0.380722 0.897303 0.0548312 0.111221 14
0 0.105829 0.753291 0.0542044 0.106255 15
0 0.186897 0.305128 0.0206059 0.0668828 16
0 0.521314 0.883205 0.0432169 0.147647 17
0 0.367399 0.387579 0.0205804 0.0702908 18
0 0.462696 0.458061 0.026903 0.0937688 19
0 0.0995009 0.522496 0.0297861 0.069007 20
0 0.572145 0.238123 0.0119859 0.0359728 21
0 0.269297 0.282515 0.0150031 0.0616155 22
0 0.238076 0.341092 0.015027 0.0517846 23
0 0.451366 0.299342 0.0120083 0.0534742 24
0 0.553418 0.96147 0.0315649 0.0770595 25
0 0.0702664 0.201484 0.00929322 0.0373599 26
0 0.163309 0.412592 0.0207218 0.0841898 27
0 0.383118 0.382033 0.0198157 0.0691949 28
0 0.20679 0.422367 0.021755 0.0775319 29
0 0.502607 0.952378 0.0542968 0.0900843 30
0 0.175854 0.558051 0.0327274 0.0674188 31
0 0.200071 0.541035 0.0271988 0.065843 32
0 0.212831 0.392645 0.0262192 0.058813 33
