0 0.346092 0.700692 0.039124 0.142859 1
0 0.206021 0.826487 0.0531465 0.152541 2
0 0.0603419 0.557541 0.0261419 0.0986241 3
0 0.575268 0.516391 0.0267302 0.107519 4
0 0.184495 0.698559 0.0410585 0.151507 5
0 0.108968 0.758212 0.05938 0.105272 6
0 0.0216225 0.446107 0.0210196 0.07153 7
0 0.231969 0.679889 0.0496155 0.141576 8
0 0.176031 0.421134 0.0213463 0.0991287 9
0 0.478459 0.542233 0.0237043 0.119732 10
0 0.449244 0.515168 0.0301379 0.115336 11
0 0.403801 0.533165 0.0381456 0.154388 12
0 0.323348 0.912666 0.0498006 0.129052 13
0 0.372715 0.916565 0.0734439 0.140182 14
0 0.542791 0.905569 0.0531178 0.171858 15
0 0.367158 0.391155 0.0200209 0.0638487 16
0 0.385406 0.384272 0.0205649 0.0671841 17
0 0.245416 0.334735 0.0147904 0.0499763 18
0 0.185245 0.30429 0.0212735 0.0691497 19
0 0.0955948 0.530619 0.03615 0.0748193 20
0 0.466654 0.458286 0.0208887 0.0872172 21
0 0.521998 0.514257 0.0240383 0.110194 22
0 0.210977 0.393497 0.028473 0.0679777 23
0 0.53164 0.429527 0.030596 0.11 24
0 0.572996 0.238465 0.0117411 0.0359631 25
0 0.451025 0.299321 0.0120173 0.0520265 26
0 0.181073 0.551486 0.0362128 0.0830375 27
0 0.509507 0.959285 0.052491 0.0814146 28
0 0.271568 0.28083 0.014872 0.0537742 29
0 0.0245091 0.237189 0.0123267 0.0519929 30
0 0.42613 0.349548 0.0152987 0.042328 31
