0 0.477662 0.478909 0.0212831 0.103467 1
0 0.0484244 0.275135 0.0209079 0.0764042 2
0 0.626922 0.447792 0.0216766 0.105775 3
0 0.370243 0.576066 0.0386655 0.123041 4
0 0.542362 0.44277 0.0265242 0.104844 5
0 0.437576 0.489312 0.021684 0.103971 6
0 0.103922 0.638593 0.0355672 0.135399 7
0 0.208942 0.136583 0.011794 0.0472177 8
0 0.0850472 0.244695 0.020509 0.0630898 9
0 0.142094 0.26034 0.0160766 0.0691146 10
0 0.434297 0.306292 0.0154437 0.0795949 11
0 0.266758 0.467159 0.0265433 0.116901 12
0 0.6143 0.359382 0.0181797 0.0744603 13
0 0.112287 0.384427 0.024029 0.0712646 14
0 0.409919 0.466431 0.0236722 0.0935916 15
0 0.25131 0.245414 0.0127746 0.059168 16
0 0.415141 0.172369 0.0115377 0.050995 17
0 0.591478 0.359285 0.0198572 0.0679326 18
0 0.0895167 0.64668 0.0398782 0.125536 19
0 0.156449 0.394343 0.0271191 0.0682802 20
0 0.532517 0.566127 0.0231638 0.0918074 21
0 0.189984 0.152335 0.0118415 0.0475644 22
0 0.352016 0.363135 0.0228048 0.0857744 23
0 0.325018 0.270043 0.0167338 0.0655362 24
0 0.0112494 0.426597 0.0224989 0.0681133 25
0 0.160044 0.179014 0.0113517 0.0501494 26
0 0.24188 0.284911 0.0191994 0.0790039 27
0 0.235791 0.278561 0.0198086 0.0722076 28
0 0.443942 0.133775 0.0110083 0.043105 29
0 0.0437621 0.16651 0.0114198 0.0407739 30
0 0.370974 0.118058 0.00960865 0.0444882 31
0 0.232002 0.436291 0.0264509 0.0872851 32
0 0.401867 0.0260147 0.00943992 0.030378 33
0 0.114135 0.0990656 0.0102019 0.0256278 34
0 0.531184 0.131909 0.00901186 0.0437166 35
0 0.0601518 0.136294 0.010185 0.0385573 36
0 0.459459 0.13537 0.0106374 0.0397251 37
0 0.260457 0.0751046 0.00874251 0.0311501 38
0 0.0935753 0.294213 0.020124 0.0722735 39
0 0.482878 0.131979 0.0128577 0.0445736 40
0 0.247038 0.374367 0.0188195 0.0799968 41
0 0.0339249 0.164368 0.0119429 0.0413181 42
0 0.532165 0.658676 0.0275688 0.159162 43
0 0.257384 0.464995 0.0301139 0.116442 44
0 0.340194 0.0454238 0.00900035 0.0363015 45
1 0.354251 0.363259 0.0249901 0.0831864 46
0 0.354235 0.0463343 0.00913425 0.0354006 47
0 0.515875 0.137317 0.00899001 0.038327 48
0 0.36567 0.047739 0.00893802 0.0349676 49
1 0.192673 0.483758 0.028203 0.078647 50
0 0.148336 0.180156 0.0109202 0.0526302 51
0 0.062673 0.152245 0.01324 0.0449763 52
0 0.20614 0.434496 0.0209884 0.0716146 53
0 0.00495357 0.101277 0.00968404 0.0371668 54
1 0.502634 0.307949 0.0201528 0.0531434 55
0 0.0209411 0.075213 0.00933563 0.0409713 56
0 0.388742 0.0447191 0.0101688 0.0372548 57
0 0.0887995 0.279927 0.0270202 0.0842479 58
0 0.244851 0.134973 0.0113398 0.0408485 59
0 0.272993 0.122687 0.00933009 0.0383067 60
0 0.296637 0.172455 0.012971 0.0337577 61
0 0.135787 0.0620453 0.00943284 0.0338498 62
