0 0.676055 0.498117 0.0278857 0.111907 1
0 0.685214 0.611388 0.0301798 0.128733 2
0 0.296349 0.368703 0.0177311 0.0850414 3
0 0.254366 0.593166 0.0357493 0.136356 4
0 0.024169 0.416375 0.0255908 0.0898521 5
0 0.565365 0.484153 0.0267167 0.107125 6
0 0.339547 0.618382 0.0337455 0.144317 7
0 0.463934 0.519462 0.0311611 0.170349 8
0 0.375751 0.914855 0.0513604 0.141414 9
0 0.516327 0.448125 0.0276093 0.102907 10
0 0.322608 0.339378 0.0212765 0.0707337 11
0 0.542122 0.542048 0.027096 0.108179 12
0 0.192934 0.447511 0.023795 0.079597 13
0 0.268838 0.801731 0.0503394 0.122496 14
0 0.0592425 0.693118 0.0419451 0.1726 15
0 0.222215 0.594135 0.0312802 0.129738 16
0 0.262163 0.275136 0.0165099 0.0429431 17
0 0.350921 0.36518 0.0238934 0.0814692 18
0 0.158138 0.620093 0.0465683 0.0871721 19
2 0.214384 0.699286 0.0668387 0.117592 20
0 0.593397 0.294182 0.0121655 0.0458648 21
0 0.103691 0.175027 0.0133691 0.0526409 22
0 0.53301 0.442548 0.0220217 0.10518 23
0 0.115284 0.514649 0.0437986 0.0660484 24
0 0.464183 0.479129 0.0255373 0.103407 25
0 0.360799 0.270836 0.0121014 0.0636364 26
0 0.0779953 0.170545 0.0149593 0.0498148 27
0 0.0585721 0.48353 0.0297156 0.0823103 28
0 0.308011 0.805258 0.0511404 0.105374 29
0 0.0430631 0.154571 0.015493 0.0544624 30
0 0.505188 0.364838 0.01914 0.0739845 31
0 0.651399 0.391218 0.0189917 0.0517719 32
0 0.0325678 0.492195 0.0274318 0.0737718 33
0 0.0412886 0.183323 0.0132396 0.0564799 34
0 0.174975 0.230347 0.0127195 0.0448084 35
0 0.481088 0.368335 0.0182788 0.0678075 36
0 0.282006 0.138151 0.00986796 0.0340749 37
0 0.225385 0.443575 0.0242549 0.0630405 38
