0 0.0398389 0.321238 0.0201156 0.0753657 1
0 0.342648 0.566727 0.0267113 0.12319 2
0 0.4859 0.484685 0.0255865 0.10775 3
0 0.538621 0.675498 0.0283274 0.154218 4
0 0.561399 0.450936 0.0255646 0.105346 5
0 0.597477 0.437919 0.025655 0.0842332 6
0 0.520848 0.582781 0.0286934 0.128547 7
0 0.389797 0.172797 0.013655 0.0533028 8
0 0.0929368 0.277598 0.0180158 0.0703064 9
0 0.419999 0.308457 0.0163434 0.0758246 10
0 0.440515 0.496159 0.0218937 0.103942 11
0 0.171668 0.142511 0.0132579 0.0483832 12
0 0.0867438 0.684948 0.0393213 0.127671 13
0 0.264641 0.480118 0.02854 0.114419 14
0 0.412562 0.473236 0.022887 0.102875 15
0 0.604485 0.360873 0.022585 0.0777547 16
0 0.0939282 0.398618 0.0254013 0.0741687 17
0 0.344519 0.125028 0.0114396 0.0510426 18
0 0.00635402 0.301429 0.012708 0.0624044 19
0 0.111536 0.668227 0.0332174 0.140833 20
0 0.208508 0.284505 0.0157986 0.0671853 21
0 0.225294 0.444527 0.025351 0.0994753 22
0 0.0516594 0.258995 0.0172644 0.0639611 23
0 0.0156739 0.139392 0.0113885 0.0478307 24
0 0.582876 0.364069 0.0192955 0.0647417 25
0 0.566082 0.246465 0.0161823 0.0632271 26
0 0.239752 0.118215 0.00943077 0.053739 27
0 0.132018 0.191022 0.0179654 0.0458567 28
0 0.243552 0.117465 0.0115448 0.0553164 29
0 0.225789 0.245928 0.0126392 0.0510474 30
0 0.152619 0.159206 0.013066 0.0410672 31
0 0.542306 0.0941948 0.00948102 0.0376275 32
0 0.0161899 0.155414 0.0131893 0.0479428 33
0 0.297325 0.0481216 0.00979078 0.0345348 34
0 0.0773237 0.103523 0.0090605 0.0313745 35
0 0.410367 0.135876 0.0122286 0.0446972 36
0 0.365874 0.388536 0.0169186 0.0478711 37
1 0.340338 0.363624 0.0267045 0.0789452 38
0 0.309181 0.28716 0.0160518 0.05459 39
0 0.225667 0.301053 0.019739 0.0685723 40
0 0.196478 0.446481 0.0252755 0.0675924 41
0 0.340644 0.368993 0.0267087 0.0868291 42
0 0.229267 0.369864 0.0266776 0.0758163 43
0 0.484668 0.133353 0.00973856 0.0472209 44
0 0.163532 0.57725 0.0407654 0.0985427 45
0 0.314042 0.0474891 0.0101862 0.0380686 46
0 0.445336 0.136119 0.0141959 0.0471116 47
0 0.0379429 0.263133 0.0149721 0.0521491 48
0 0.360882 0.0272474 0.00973967 0.0314826 49
1 0.164268 0.572779 0.0373345 0.0989112 50
0 0.139982 0.409748 0.0302382 0.0644756 51
0 0.238874 0.0693228 0.00996803 0.0277244 52
0 0.491381 0.311102 0.0215353 0.0557731 53
0 0.238077 0.377673 0.0182011 0.0698237 54
0 0.504974 0.143272 0.0099268 0.0512507 55
0 0.211779 0.0766405 0.0115591 0.0285811 56
