0 0.234014 0.629234 0.0396957 0.138491 1
0 0.581596 0.590306 0.0447245 0.129119 2
0 0.118982 0.68598 0.0527183 0.0913748 3
0 0.189988 0.637168 0.0379526 0.128181 4
0 0.531838 0.53596 0.0263899 0.116183 5
0 0.301922 0.629984 0.0442635 0.147715 6
0 0.47629 0.590647 0.0357347 0.115761 7
0 0.455238 0.930572 0.0479752 0.138302 8
0 0.136664 0.919006 0.0525029 0.160907 9
0 0.328867 0.738159 0.0488853 0.147875 10
0 0.505031 0.439642 0.0292507 0.106578 11
0 0.296286 0.845133 0.0588453 0.134619 12
0 0.403855 0.503853 0.0278775 0.118569 13
0 0.198404 0.737474 0.04808 0.103103 14
0 0.0968041 0.506318 0.0232689 0.0889321 15
0 0.242795 0.285952 0.0134573 0.0628426 16
0 0.245781 0.425894 0.0150287 0.0590417 17
0 0.00769345 0.302656 0.015131 0.056668 18
0 0.377498 0.49926 0.0256113 0.115146 19
0 0.453201 0.65077 0.0395288 0.150925 20
0 0.335205 0.78525 0.0669377 0.239518 21
0 0.215421 0.386801 0.0211093 0.0963525 22
0 0.492469 0.288255 0.0154366 0.0566096 23
0 0.260118 0.368005 0.0162564 0.0592972 24
0 0.0299344 0.579257 0.0369771 0.0748956 25
0 0.342476 0.271188 0.0133553 0.061452 26
0 0.567243 0.37653 0.0193947 0.0524868 27
0 0.324827 0.843158 0.0929083 0.14855 28
0 0.0987066 0.468137 0.0244835 0.0998782 29
0 0.137385 0.480685 0.0284439 0.0630002 30
0 0.22336 0.364498 0.0184761 0.069431 31
0 0.420051 0.366363 0.0226147 0.0690855 32
0 0.206373 0.507884 0.0331476 0.0772356 33
0 0.400316 0.369788 0.02105 0.0659713 34
0 0.248413 0.365511 0.0182981 0.0601768 35
0 0.228069 0.497298 0.024578 0.0671292 36
0 0.0104055 0.591141 0.0205854 0.0619181 37
