0 0.730399 0.65649 0.0331915 0.129173 1
0 0.475198 0.594751 0.0298365 0.13297 2
0 0.742841 0.501675 0.024778 0.109635 3
0 0.0611362 0.413088 0.0259065 0.0967559 4
0 0.335109 0.609244 0.0334646 0.13649 5
0 0.319121 0.367356 0.0175068 0.0853902 6
0 0.559352 0.568542 0.0301958 0.114695 7
0 0.255009 0.583425 0.0345472 0.130828 8
0 0.632209 0.478521 0.0219458 0.101264 9
0 0.0236241 0.412847 0.0340847 0.105724 10
0 0.169247 0.603648 0.0409203 0.0773799 11
0 0.464708 0.500534 0.0288103 0.123094 12
0 0.544702 0.45712 0.0328688 0.106974 13
0 0.346967 0.906178 0.0377012 0.16826 14
1 0.258463 0.788423 0.0556456 0.116739 15
0 0.521792 0.366647 0.0211416 0.0760779 16
0 0.22513 0.583444 0.0243276 0.119749 17
0 0.179859 0.113102 0.0118374 0.0570133 18
0 0.207114 0.428877 0.0243222 0.0766544 19
0 0.196925 0.219218 0.0117338 0.0460642 20
0 0.539119 0.295505 0.01373 0.0628125 21
0 0.0410441 0.192803 0.0123828 0.0486384 22
0 0.670425 0.408745 0.024758 0.0554043 23
0 0.562857 0.450674 0.0294489 0.107775 24
0 0.238078 0.2371 0.0150941 0.0514731 25
0 0.746921 0.277244 0.0159161 0.0439627 26
0 0.26897 0.790752 0.0781516 0.121323 27
0 0.217281 0.166763 0.012896 0.0502648 28
0 0.0669129 0.591455 0.0334944 0.0739688 29
0 0.181924 0.162436 0.0110667 0.0426375 30
1 0.238504 0.437014 0.0346889 0.0575965 31
0 0.160226 0.177229 0.0123085 0.0445412 32
2 0.21359 0.690591 0.0646925 0.111813 33
0 0.142878 0.499904 0.0306292 0.061609 34
0 0.503008 0.371282 0.0208697 0.0724206 35
0 0.375307 0.368619 0.0243644 0.085064 36
0 0.008953 0.371353 0.017906 0.0710995 37
0 0.00560167 0.194768 0.0112033 0.0448382 38
