0 0.648717 0.639797 0.0306684 0.125401 1
0 0.705895 0.512658 0.0297418 0.111393 2
0 0.563783 0.555843 0.0308537 0.110011 3
0 0.301731 0.896197 0.0331042 0.134026 4
0 0.253759 0.894424 0.0412515 0.193231 5
0 0.490048 0.488408 0.0242335 0.0975586 6
0 0.606799 0.485304 0.0216668 0.1067 7
0 0.339353 0.360479 0.0168158 0.079527 8
0 0.463454 0.490484 0.0291542 0.0850631 9
0 0.0948336 0.384009 0.0223992 0.0842176 10
0 0.157816 0.573299 0.0337632 0.078058 11
0 0.212674 0.37249 0.0187134 0.0681 12
0 0.516935 0.378849 0.0199459 0.0657198 13
0 0.104944 0.222886 0.0147548 0.0586275 14
0 0.215977 0.559889 0.0399002 0.125163 15
0 0.284063 0.589358 0.0412081 0.136511 16
0 0.237353 0.561157 0.0242965 0.133837 17
1 0.21141 0.747643 0.0408886 0.100704 18
0 0.0881094 0.169644 0.0157023 0.0582665 19
0 0.281224 0.163253 0.0114324 0.0423692 20
0 0.538207 0.374774 0.0196223 0.069096 21
0 0.0590419 0.33432 0.0199295 0.0741313 22
0 0.0402738 0.237428 0.0162929 0.0356317 23
0 0.184855 0.650703 0.0572793 0.111299 24
0 0.390799 0.344468 0.0359649 0.0669492 25
0 0.234867 0.180834 0.0145177 0.0602462 26
0 0.067726 0.556132 0.0385516 0.0677997 27
0 0.266236 0.424068 0.0228992 0.0615912 28
0 0.00766642 0.069668 0.0140837 0.0437304 29
0 0.465219 0.528421 0.0334594 0.159048 30
0 0.0507834 0.0790499 0.0121882 0.065559 31
0 0.151138 0.47344 0.029218 0.0594279 32
0 0.316188 0.145095 0.0105708 0.0453549 33
1 0.188012 0.652852 0.0536758 0.115457 34
0 0.31408 0.457982 0.0217806 0.0511985 35
0 0.190683 0.14425 0.0117897 0.0476353 36
0 0.106665 0.469324 0.0259463 0.0877802 37
0 0.470186 0.566698 0.0346723 0.131352 38
1 0.391876 0.341212 0.0371402 0.0726679 39
0 0.291762 0.4661 0.0213492 0.0557775 40
0 0.0659529 0.394651 0.027201 0.0647243 41
0 0.436629 0.259142 0.0140297 0.0516073 42
0 0.18235 0.144576 0.0110005 0.0457482 43
0 0.237833 0.191873 0.0152062 0.0652115 44
0 0.034382 0.0370712 0.0105725 0.0470058 45
