0 0.163824 0.760299 0.0475665 0.159438 1
0 0.616741 0.51413 0.0306674 0.111779 2
0 0.552965 0.515179 0.0247805 0.110395 3
0 0.258644 0.589658 0.0364175 0.131823 4
0 0.331498 0.624511 0.0346428 0.138476 5
0 0.668164 0.578649 0.0289723 0.128992 6
0 0.410454 0.9214 0.0506912 0.157201 7
0 0.292429 0.807339 0.0505298 0.133037 8
0 0.300943 0.364404 0.0219746 0.0907615 9
2 0.0325226 0.624262 0.0650451 0.0825814 10
0 0.476972 0.477905 0.0203394 0.106806 11
0 0.512816 0.440424 0.0306879 0.110342 12
0 0.1139 0.1674 0.0129193 0.0563179 13
0 0.123675 0.249733 0.01503 0.05316 14
0 0.227064 0.594673 0.0230862 0.125282 15
0 0.162139 0.63092 0.0469044 0.0940991 16
0 0.17868 0.457355 0.0220576 0.0800361 17
0 0.523647 0.458921 0.0224692 0.125747 18
0 0.436791 0.502755 0.0362082 0.114952 19
0 0.00909061 0.434157 0.0181812 0.0871925 20
1 0.0391524 0.493845 0.0403946 0.089697 21
0 0.0903637 0.16773 0.0129075 0.0576255 22
0 0.577851 0.289316 0.0143503 0.054059 23
0 0.469236 0.365399 0.0195834 0.0639324 24
0 0.334994 0.807352 0.0522904 0.111218 25
1 0.214883 0.446357 0.0221055 0.0591232 26
0 0.335694 0.356562 0.0254018 0.0738052 27
0 0.435509 0.929829 0.0431827 0.140342 28
1 0.231337 0.704544 0.0557525 0.12195 29
0 0.485733 0.359534 0.0170404 0.0722983 30
0 0.03463 0.171057 0.0125962 0.049445 31
2 0.226492 0.711225 0.0637237 0.125202 32
0 0.339145 0.267502 0.0141877 0.0668812 33
0 0.0426538 0.175104 0.0129568 0.050278 34
0 0.0635078 0.178358 0.0158866 0.0543036 35
0 0.491271 0.355685 0.0192375 0.0722036 36
0 0.281951 0.303079 0.0185015 0.0558193 37
0 0.0848743 0.113112 0.011351 0.0555174 38
0 0.0389856 0.491963 0.0326892 0.0864344 39
0 0.476639 0.355358 0.0195915 0.0756672 40
