0 0.25695 0.85087 0.0526728 0.153794 1
0 0.282622 0.702254 0.040969 0.146141 2
0 0.440007 0.93549 0.0578094 0.120533 3
0 0.197929 0.435248 0.026548 0.107618 4
0 0.512034 0.559256 0.0425078 0.12039 5
0 0.384667 0.716182 0.0425067 0.161757 6
0 0.662334 0.443863 0.0245751 0.0983235 7
0 0.0988034 0.566269 0.0277212 0.0954686 8
0 0.382697 0.937852 0.0516037 0.124295 9
0 0.234007 0.715728 0.0344933 0.143675 10
0 0.147719 0.779597 0.0471269 0.116245 11
0 0.594276 0.611146 0.0485235 0.125632 12
0 0.466309 0.520352 0.0349613 0.11661 13
0 0.504455 0.503818 0.0265837 0.119036 14
0 0.0348304 0.425375 0.03093 0.0703745 15
0 0.0275045 0.658605 0.0542237 0.0814048 16
0 0.215856 0.309209 0.0174581 0.0743487 17
0 0.617119 0.463876 0.0257962 0.102517 18
0 0.563019 0.397333 0.0198482 0.0515157 19
0 0.279062 0.352238 0.0142162 0.064953 20
0 0.130882 0.538516 0.0299233 0.0707823 21
0 0.591599 0.2503 0.0127011 0.0429042 22
0 0.414668 0.391761 0.01875 0.0725547 23
0 0.463588 0.461557 0.0246036 0.0770004 24
0 0.0404609 0.241465 0.0124681 0.0431648 25
0 0.578604 0.972609 0.0498173 0.0547823 26
0 0.577392 0.285141 0.0102993 0.0372144 27
1 0.239931 0.405778 0.0240591 0.0568146 28
0 0.292246 0.276838 0.0111002 0.0412593 29
