0 0.626309 0.591946 0.0301891 0.124217 1
0 0.110514 0.492399 0.0267077 0.0908247 2
0 0.494045 0.596996 0.0553291 0.13144 3
0 0.240255 0.616426 0.0374666 0.135413 4
0 0.302045 0.713835 0.0402058 0.147382 5
0 0.124489 0.669749 0.0514526 0.0923191 6
0 0.177847 0.921265 0.0520687 0.15283 7
0 0.414299 0.490212 0.0224703 0.112498 8
0 0.381793 0.505804 0.0244233 0.108043 9
0 0.445157 0.922601 0.0457275 0.153656 10
0 0.29382 0.827197 0.0573673 0.13351 11
0 0.194518 0.622623 0.037935 0.136218 12
0 0.525566 0.515081 0.0296705 0.103848 13
0 0.0267698 0.288551 0.0173698 0.0496924 14
0 0.50443 0.435625 0.026073 0.106664 15
0 0.305776 0.614704 0.0327071 0.140561 16
0 0.504988 0.290739 0.0149364 0.0656489 17
0 0.341736 0.826543 0.0610297 0.113824 18
0 0.0465927 0.559289 0.0383681 0.0722134 19
0 0.5806 0.371116 0.015527 0.0524592 20
0 0.208906 0.73947 0.0658599 0.137056 21
0 0.520484 0.432084 0.0228634 0.105214 22
0 0.227568 0.380041 0.0220965 0.0909511 23
0 0.147546 0.469123 0.0321986 0.0645722 24
0 0.431902 0.355713 0.0212849 0.0701434 25
0 0.272347 0.35606 0.0197636 0.0536041 26
0 0.412126 0.368332 0.0209485 0.0591244 27
0 0.23545 0.363709 0.0185042 0.0533198 28
0 0.594023 0.262625 0.010249 0.0303265 29
0 0.257294 0.400764 0.0150926 0.0591995 30
0 0.479893 0.926571 0.038436 0.139903 31
0 0.065244 0.18798 0.00908346 0.0375663 32
0 0.126476 0.212648 0.00964384 0.0353764 33
0 0.218979 0.326045 0.0165227 0.0533247 34
0 0.207012 0.716767 0.0412625 0.094546 35
0 0.0186695 0.573226 0.0304578 0.0494909 36
0 0.222956 0.351991 0.0194218 0.0830547 37
0 0.0673475 0.181035 0.00914488 0.0381553 38
0 0.237712 0.487233 0.0214043 0.0630061 39
