0 0.481033 0.618986 0.0311162 0.13077 1
0 0.471674 0.479168 0.024955 0.101534 2
0 0.273802 0.538313 0.0297079 0.125488 3
0 0.233656 0.506653 0.0264455 0.115176 4
0 0.339295 0.461223 0.0223693 0.114479 5
0 0.210991 0.505323 0.0256293 0.108848 6
0 0.370199 0.332002 0.0169017 0.0742066 7
0 0.519618 0.450587 0.0243805 0.122421 8
0 0.033873 0.474769 0.0280064 0.0826019 9
0 0.0370242 0.188131 0.0182679 0.0595651 10
0 0.567589 0.366063 0.0207477 0.0704267 11
0 0.156156 0.33877 0.0222272 0.0847477 12
0 0.438007 0.459334 0.0263638 0.0980865 13
0 0.200749 0.150596 0.0116302 0.0495138 14
0 0.163598 0.801517 0.0381304 0.152594 15
1 0.426513 0.322365 0.02386 0.0638535 16
0 0.26982 0.196139 0.0144465 0.052797 17
0 0.494977 0.246389 0.0143278 0.0523437 18
0 0.545442 0.37049 0.0195808 0.0667478 19
0 0.444962 0.531239 0.0262358 0.156705 20
0 0.0955273 0.484789 0.0332585 0.0698057 21
0 0.0731128 0.168376 0.0137384 0.0503152 22
0 0.0962445 0.149642 0.0114745 0.044183 23
0 0.190466 0.746837 0.0356331 0.122862 24
0 0.134442 0.290256 0.0150977 0.0655549 25
0 0.443881 0.486776 0.0224201 0.10507 26
0 0.132937 0.340589 0.0228017 0.0713436 27
1 0.281279 0.354481 0.0197052 0.0816592 28
0 0.122862 0.092523 0.00904527 0.0349929 29
0 0.357445 0.128585 0.0111589 0.043018 30
0 0.0426233 0.10019 0.0111632 0.0300191 31
0 0.332386 0.150707 0.0127297 0.0420819 32
0 0.328415 0.146496 0.0113681 0.0442554 33
0 0.139363 0.0627458 0.009568 0.0339329 34
0 0.385427 0.156245 0.0109864 0.0435176 35
0 0.188754 0.710343 0.0445242 0.163542 36
0 0.0653533 0.486614 0.0243031 0.0554135 37
0 0.416367 0.155458 0.0106173 0.0425565 38
0 0.347648 0.0915599 0.00939633 0.0433317 39
