0 0.61681 0.593517 0.0388288 0.123984 1
0 0.238648 0.617756 0.0350818 0.134817 2
0 0.528274 0.519319 0.0269844 0.108075 3
0 0.109198 0.493346 0.0263939 0.0903734 4
0 0.487265 0.612948 0.053196 0.13365 5
0 0.167816 0.9196 0.0477036 0.1608 6
0 0.123056 0.673861 0.0529576 0.0939187 7
0 0.381272 0.500904 0.0264079 0.116679 8
0 0.503443 0.439273 0.0242808 0.106944 9
0 0.412415 0.491781 0.0231804 0.111167 10
0 0.307905 0.710159 0.0389329 0.131398 11
0 0.446004 0.923349 0.0435535 0.149153 12
0 0.34818 0.833224 0.0454745 0.113653 13
0 0.192306 0.626152 0.0347514 0.132151 14
0 0.224821 0.378649 0.0239122 0.0962551 15
0 0.0232187 0.295869 0.0187753 0.0571697 16
0 0.200371 0.739293 0.0507928 0.132146 17
0 0.308204 0.598498 0.0301882 0.103214 18
0 0.503477 0.285375 0.0148711 0.0581673 19
0 0.2942 0.8292 0.0576412 0.136604 20
0 0.520556 0.425932 0.0199295 0.0989789 21
0 0.255177 0.275807 0.0141824 0.0628716 22
0 0.57589 0.372616 0.0214356 0.0522047 23
0 0.255817 0.40736 0.0148426 0.0638737 24
0 0.144335 0.471639 0.0367146 0.0655742 25
0 0.409175 0.36367 0.0203782 0.0683629 26
0 0.236588 0.491657 0.0242595 0.0652642 27
0 0.0391785 0.563621 0.046175 0.0715868 28
0 0.484593 0.92756 0.0350366 0.129396 29
0 0.230314 0.367459 0.0201982 0.0751346 30
0 0.426422 0.363943 0.0198278 0.0707991 31
0 0.272567 0.260598 0.00963431 0.0357813 32
0 0.548035 0.977911 0.0285417 0.0441781 33
0 0.268226 0.35856 0.0219355 0.0590176 34
0 0.431021 0.351631 0.0186899 0.0805717 35
0 0.219602 0.364363 0.0214933 0.0928574 36
