0 0.232856 0.638304 0.0340161 0.136065 1
0 0.455851 0.935343 0.0490636 0.123283 2
0 0.466176 0.576149 0.0278062 0.117324 3
0 0.0877706 0.922503 0.0420203 0.14771 4
0 0.499612 0.438489 0.026724 0.108072 5
0 0.401072 0.50929 0.0265773 0.117669 6
0 0.426172 0.624068 0.0378649 0.130705 7
0 0.381291 0.504308 0.0313648 0.12504 8
0 0.184926 0.650967 0.0394514 0.135797 9
0 0.364482 0.77932 0.0499323 0.178854 10
0 0.30199 0.859128 0.0603396 0.141974 11
0 0.0871949 0.516042 0.0259576 0.0890725 12
0 0.230751 0.285751 0.0129874 0.0646478 13
0 0.0219514 0.591199 0.0430529 0.0779015 14
0 0.54068 0.539942 0.029406 0.110874 15
0 0.557335 0.583328 0.0313386 0.131344 16
0 0.48178 0.301028 0.0158556 0.0767815 17
0 0.205352 0.394564 0.0211359 0.0973912 18
0 0.302302 0.642213 0.0452004 0.151043 19
0 0.549111 0.562487 0.0479116 0.160361 20
0 0.502456 0.940489 0.0321212 0.112657 21
0 0.0869492 0.467541 0.0255515 0.0959583 22
0 0.56061 0.377946 0.0206252 0.0533504 23
0 0.355382 0.852966 0.0631464 0.111497 24
0 0.244912 0.437751 0.0155166 0.0574586 25
0 0.190968 0.366141 0.0182321 0.066116 26
0 0.122148 0.492287 0.0358331 0.0704449 27
0 0.19603 0.75644 0.0489456 0.123864 28
0 0.211545 0.323981 0.0138518 0.0549795 29
0 0.591767 0.239059 0.011628 0.0407029 30
0 0.248993 0.371723 0.0207268 0.0633525 31
1 0.114974 0.697746 0.0489328 0.0956314 32
0 0.412935 0.367947 0.0181312 0.0632823 33
0 0.419018 0.327541 0.0159995 0.0505057 34
0 0.391342 0.375895 0.0198874 0.065989 35
