0 0.5608 0.4494 0.0254402 0.105266 1
0 0.485787 0.482953 0.0253897 0.104509 2
0 0.535524 0.674674 0.0322556 0.154784 3
0 0.0430718 0.319728 0.0212897 0.0724013 4
0 0.420746 0.308588 0.0158468 0.0747009 5
0 0.0874582 0.682595 0.0417886 0.127803 6
0 0.343902 0.566768 0.0266479 0.123049 7
0 0.0962843 0.275848 0.0180868 0.068954 8
0 0.391507 0.172405 0.012749 0.0528717 9
0 0.264585 0.479042 0.0290842 0.113976 10
0 0.515873 0.571734 0.0369625 0.106013 11
0 0.440263 0.495895 0.0216946 0.10295 12
0 0.599642 0.436826 0.0277091 0.0891326 13
0 0.173375 0.143415 0.0121541 0.0481491 14
0 0.345384 0.1209 0.0109387 0.0548119 15
0 0.110696 0.667408 0.0330458 0.140765 16
0 0.00733157 0.294655 0.0146631 0.0714994 17
0 0.604576 0.362152 0.0237451 0.0800684 18
0 0.0946729 0.396746 0.0260198 0.073226 19
0 0.0541976 0.255073 0.016364 0.0574049 20
0 0.412377 0.473248 0.0226667 0.101073 21
0 0.583113 0.364078 0.018088 0.0641846 22
0 0.208313 0.281145 0.0148144 0.0633168 23
0 0.225176 0.442068 0.0236995 0.101998 24
0 0.308812 0.286329 0.0141953 0.0566584 25
0 0.241644 0.119362 0.0103211 0.0549967 26
0 0.154408 0.159882 0.0132094 0.0433785 27
0 0.0178252 0.142841 0.0122656 0.0441695 28
0 0.140393 0.409292 0.0296565 0.0660992 29
0 0.41137 0.137119 0.011088 0.0415889 30
0 0.226376 0.247185 0.0128599 0.0524953 31
0 0.365851 0.38838 0.0157222 0.0470622 32
0 0.0194944 0.157787 0.013424 0.0546613 33
0 0.12964 0.191782 0.0157166 0.0457056 34
0 0.566914 0.247301 0.0170063 0.067514 35
0 0.363683 0.0269083 0.0102687 0.0297737 36
0 0.352243 0.0665658 0.00967541 0.0376626 37
0 0.22588 0.30025 0.0199995 0.0729422 38
0 0.485856 0.132217 0.0102486 0.0541867 39
1 0.165251 0.572913 0.0357797 0.101679 40
1 0.341129 0.36081 0.0265004 0.0730369 41
0 0.0394817 0.270553 0.0132614 0.050319 42
0 0.503577 0.145639 0.0102817 0.0567 43
0 0.0794847 0.103992 0.00948166 0.0284471 44
0 0.0529432 0.119798 0.00917863 0.0403967 45
0 0.163502 0.576091 0.0395879 0.100026 46
0 0.341156 0.370419 0.0260465 0.0829968 47
0 0.314818 0.0472209 0.00967148 0.0378049 48
0 0.515725 0.139958 0.0132353 0.0507339 49
0 0.348986 0.0293328 0.0111918 0.0387709 50
0 0.301192 0.0495365 0.0102097 0.0348033 51
0 0.00483936 0.180052 0.00954147 0.0456342 52
0 0.491352 0.312145 0.0216253 0.0534096 53
0 0.213635 0.142753 0.0110861 0.0368454 54
0 0.226327 0.263094 0.0162742 0.0796332 55
0 0.238659 0.378423 0.0173336 0.069036 56
