0 0.281815 0.549725 0.0289568 0.12726 1
0 0.451924 0.557429 0.0246174 0.119522 2
0 0.0248506 0.490346 0.0272699 0.0827136 3
0 0.538899 0.472379 0.0275007 0.0967278 4
0 0.228372 0.781333 0.0284321 0.124199 5
0 0.364258 0.336311 0.0165335 0.0773963 6
0 0.213701 0.517786 0.0264371 0.112053 7
0 0.437523 0.464232 0.0241054 0.0840353 8
0 0.474311 0.529359 0.0290471 0.118884 9
0 0.235607 0.195436 0.0147306 0.0502678 10
0 0.580212 0.472018 0.0287762 0.0920257 11
0 0.563965 0.368552 0.0206451 0.0698373 12
0 0.383541 0.461896 0.0238587 0.102029 13
0 0.0411917 0.177579 0.0131389 0.0532775 14
0 0.482476 0.617523 0.0287843 0.140518 15
0 0.191603 0.828998 0.0351906 0.161482 16
0 0.118381 0.309871 0.0197088 0.0860506 17
0 0.0640171 0.156539 0.0114619 0.0401451 18
0 0.142293 0.344932 0.0217786 0.0785707 19
0 0.240081 0.514342 0.0221453 0.111772 20
0 0.175828 0.156466 0.0113959 0.051325 21
0 0.541522 0.373241 0.019146 0.0618654 22
1 0.416341 0.328561 0.0195122 0.0600962 23
0 0.384871 0.256207 0.0124769 0.0456491 24
0 0.00525178 0.199789 0.0105036 0.0534693 25
0 0.336293 0.181954 0.0112156 0.0406697 26
0 0.119002 0.348564 0.0209993 0.0753839 27
0 0.101584 0.0648929 0.00987751 0.0335693 28
0 0.706382 0.420611 0.0248163 0.0520128 29
0 0.171011 0.525307 0.0334519 0.0763342 30
0 0.182582 0.593364 0.0526424 0.0983751 31
0 0.482902 0.238766 0.01124 0.0467191 32
1 0.432232 0.330058 0.0189168 0.0607207 33
1 0.0865751 0.494623 0.0367925 0.0714331 34
0 0.480711 0.251044 0.0139095 0.0524528 35
0 0.0898068 0.0963617 0.00921336 0.0274886 36
0 0.157487 0.0645619 0.00907141 0.0393211 37
0 0.00366642 0.228201 0.00733284 0.0540739 38
1 0.178436 0.43643 0.0288761 0.0525484 39
0 0.352586 0.151057 0.0103 0.043356 40
0 0.404407 0.0959236 0.0096476 0.0341631 41
0 0.131395 0.0720511 0.00879535 0.0326728 42
