0 0.7347 0.664389 0.0337355 0.13317 1
0 0.321332 0.367212 0.0170002 0.0831321 2
0 0.323141 0.609829 0.0395845 0.128578 3
0 0.644174 0.48787 0.0213104 0.100962 4
0 0.481048 0.606681 0.0314322 0.136547 5
0 0.748856 0.507012 0.0260728 0.103774 6
0 0.548207 0.450902 0.0244123 0.107375 7
0 0.0655639 0.405466 0.0235621 0.0969315 8
0 0.223144 0.574424 0.0277001 0.108174 9
0 0.467819 0.507178 0.0285654 0.113549 10
0 0.568776 0.571903 0.0335907 0.115603 11
0 0.254659 0.583468 0.0335847 0.132668 12
0 0.201714 0.420552 0.019004 0.0824648 13
0 0.029963 0.398981 0.0322866 0.114412 14
0 0.398832 0.973481 0.0324519 0.0513728 15
0 0.525797 0.371591 0.0197816 0.0718534 16
0 0.0236735 0.380258 0.0307331 0.0959713 17
1 0.259706 0.774114 0.0319942 0.106258 18
0 0.141624 0.498516 0.0281786 0.0630054 19
0 0.16554 0.602184 0.0417928 0.0780199 20
0 0.629153 0.301928 0.0119857 0.0435545 21
0 0.754636 0.277918 0.0142608 0.0399899 22
0 0.504353 0.37554 0.0190854 0.0667523 23
0 0.00996924 0.359193 0.0180118 0.0810881 24
0 0.31287 0.46746 0.0205522 0.0554263 25
0 0.0144059 0.178861 0.0106815 0.0413089 26
0 0.238708 0.247789 0.0153095 0.0329381 27
0 0.116504 0.151349 0.0138152 0.0516203 28
0 0.0924319 0.463455 0.0252442 0.0787016 29
0 0.0666649 0.58867 0.0344193 0.0724462 30
1 0.236683 0.435341 0.0337874 0.0536662 31
0 0.335162 0.914935 0.039507 0.166406 32
0 0.184284 0.212211 0.0120825 0.045146 33
1 0.165809 0.602674 0.0440122 0.077538 34
0 0.379561 0.358016 0.0216994 0.0692461 35
