0 0.220943 0.706814 0.0388299 0.153798 1
0 0.0915665 0.559253 0.0281822 0.0940507 2
0 0.146879 0.764399 0.0529027 0.106038 3
0 0.273206 0.687701 0.036881 0.14121 4
0 0.521311 0.549435 0.0292584 0.122945 5
0 0.0216147 0.651562 0.0430968 0.0799703 6
0 0.0219959 0.431201 0.0221556 0.0755494 7
0 0.42281 0.922363 0.0665087 0.129924 8
0 0.432078 0.508924 0.0322723 0.15283 9
0 0.367739 0.923316 0.0505549 0.124095 10
0 0.492414 0.51315 0.028294 0.119 11
0 0.372685 0.701002 0.0445261 0.161141 12
0 0.199273 0.424605 0.0293408 0.1022 13
0 0.600984 0.431983 0.0283682 0.0930084 14
0 0.204301 0.307084 0.0148835 0.0710646 15
0 0.543257 0.516613 0.025272 0.0980689 16
0 0.246857 0.83531 0.049672 0.144106 17
0 0.286817 0.342376 0.0145459 0.0537672 18
0 0.575973 0.486287 0.0328621 0.117459 19
0 0.752935 0.957289 0.0375788 0.0854214 20
0 0.549944 0.454354 0.0270453 0.106913 21
0 0.40858 0.386883 0.0180266 0.0676846 22
0 0.560567 0.964779 0.0444477 0.0671476 23
0 0.559118 0.389405 0.0157849 0.047215 24
0 0.588317 0.242286 0.0133141 0.0423582 25
0 0.390574 0.395009 0.0186308 0.0629563 26
0 0.124771 0.532393 0.0290514 0.0714074 27
0 0.439054 0.347547 0.0192737 0.0545603 28
0 0.236336 0.399956 0.022384 0.0579344 29
0 0.232665 0.226888 0.0090521 0.0332766 30
0 0.0391046 0.233787 0.0104411 0.0496121 31
1 0.235175 0.397993 0.0221143 0.0605721 32
0 0.324066 0.291994 0.0138156 0.0557803 33
0 0.0823783 0.203858 0.00938559 0.0395365 34
0 0.532421 0.537908 0.028758 0.139244 35
