0 0.478378 0.561038 0.0316084 0.113388 1
0 0.533822 0.658394 0.0284342 0.143148 2
0 0.53825 0.440861 0.0264608 0.110622 3
0 0.337846 0.520302 0.0247421 0.116316 4
0 0.119857 0.718117 0.0336997 0.150792 5
0 0.391772 0.315966 0.015231 0.0778979 6
0 0.101668 0.73126 0.0489472 0.128762 7
0 0.0596556 0.42649 0.0262531 0.0789685 8
0 0.261212 0.501457 0.0254611 0.121503 9
0 0.341034 0.175551 0.0126727 0.0466597 10
0 0.43855 0.493012 0.0242821 0.103323 11
0 0.22784 0.468636 0.0234712 0.108144 12
0 0.0130891 0.323233 0.0218108 0.075672 13
0 0.0946673 0.174536 0.0119553 0.0487858 14
0 0.458513 0.478823 0.0270542 0.112038 15
0 0.559036 0.361144 0.0185581 0.0671999 16
0 0.58084 0.358078 0.0216841 0.0736435 17
0 0.168878 0.302265 0.019756 0.073327 18
0 0.183554 0.264179 0.0159681 0.058129 19
0 0.111211 0.158517 0.0119746 0.0431246 20
0 0.531097 0.248272 0.0173754 0.0676625 21
0 0.422817 0.472744 0.0232893 0.104696 22
0 0.151485 0.14776 0.0102932 0.042932 23
0 0.187335 0.306382 0.0198701 0.0707229 24
0 0.208234 0.481612 0.0241587 0.0765531 25
0 0.061655 0.216993 0.0144209 0.0595194 26
0 0.0715568 0.205967 0.0130664 0.0437462 27
0 0.319106 0.381022 0.0250042 0.0879822 28
0 0.438353 0.142058 0.0117044 0.0461551 29
0 0.288814 0.135511 0.010675 0.0426836 30
0 0.184759 0.0756819 0.00917048 0.0278453 31
0 0.173192 0.133739 0.00955619 0.0396885 32
0 0.174825 0.47657 0.0283463 0.0815396 33
0 0.06708 0.216824 0.0150144 0.0613151 34
0 0.395001 0.144081 0.0119918 0.0388272 35
0 0.229626 0.0519423 0.00919408 0.0351053 36
0 0.245816 0.0475858 0.00895777 0.0400406 37
0 0.208807 0.432023 0.0225408 0.113878 38
0 0.202517 0.392248 0.0236939 0.0665117 39
0 0.174619 0.532049 0.0359224 0.0750804 40
0 0.111237 0.434938 0.0315042 0.070846 41
0 0.293243 0.326606 0.0173751 0.0678336 42
0 0.458541 0.14056 0.01085 0.049832 43
0 0.0878311 0.438367 0.023409 0.0501638 44
0 0.35553 0.13137 0.010999 0.040072 45
0 0.170753 0.398615 0.0211838 0.0481063 46
0 0.344468 0.398786 0.0241112 0.0503691 47
1 0.108095 0.428504 0.0279335 0.0598046 48
0 0.212965 0.189156 0.0149857 0.034119 49
1 0.445125 0.301937 0.0217203 0.0769619 50
1 0.174098 0.532575 0.0357686 0.0745356 51
