0 0.292955 0.605313 0.0332166 0.126579 1
0 0.694145 0.672964 0.0311504 0.1314 2
0 0.738495 0.514302 0.0251229 0.112366 3
0 0.326113 0.946582 0.032062 0.106257 4
0 0.477749 0.461662 0.0219153 0.0938876 5
0 0.571021 0.563318 0.0250276 0.115768 6
0 0.508392 0.471001 0.027433 0.102806 7
0 0.636162 0.493961 0.0266758 0.100628 8
0 0.326826 0.364772 0.0173046 0.07917 9
0 0.0751301 0.401081 0.0243258 0.0992308 10
0 0.184313 0.67237 0.0647406 0.113563 11
0 0.0639751 0.17263 0.0148234 0.051902 12
0 0.476735 0.552789 0.0263979 0.105703 13
0 0.234402 0.574421 0.0296566 0.124707 14
0 0.0332233 0.343138 0.0196192 0.0728676 15
0 0.47539 0.644397 0.0280462 0.12597 16
0 0.204092 0.199397 0.0121703 0.0471151 17
0 0.150247 0.590403 0.0410899 0.0807617 18
0 0.639335 0.313452 0.0151329 0.0629964 19
0 0.1465 0.173178 0.013205 0.0502382 20
0 0.0464585 0.412505 0.0260749 0.0771323 21
0 0.0497283 0.23414 0.0172976 0.0611421 22
0 0.528194 0.374407 0.0196716 0.0718452 23
0 0.216455 0.7696 0.0453709 0.120804 24
0 0.207041 0.570063 0.0257156 0.112034 25
0 0.26819 0.239502 0.0122861 0.0463913 26
0 0.203243 0.387994 0.0208225 0.0663584 27
0 0.00715802 0.24842 0.014316 0.0391657 28
0 0.506385 0.378824 0.0212142 0.0652359 29
0 0.0580428 0.573081 0.0370879 0.0735803 30
0 0.416518 0.272101 0.0143063 0.0623959 31
0 0.024461 0.161355 0.0121311 0.048753 32
0 0.139728 0.489117 0.0282452 0.0618371 33
0 0.30597 0.465085 0.0200035 0.0507056 34
0 0.254874 0.164538 0.0100139 0.0428318 35
0 0.771465 0.287183 0.0160758 0.0462372 36
0 0.0961877 0.462911 0.0303371 0.0978889 37
1 0.221505 0.766214 0.0362753 0.111126 38
0 0.282239 0.902499 0.0393858 0.18561 39
0 0.178884 0.169611 0.010334 0.0374627 40
0 0.24933 0.781039 0.0302724 0.0915416 41
0 0.414238 0.253014 0.0138681 0.0427262 42
0 0.0858275 0.171641 0.0127044 0.0481591 43
0 0.19425 0.164862 0.0109644 0.0441206 44
0 0.282974 0.473337 0.0199501 0.0564946 45
1 0.248065 0.428307 0.0252004 0.0538967 46
0 0.223092 0.160963 0.00991233 0.0465975 47
0 0.289666 0.161383 0.00893577 0.0472296 48
0 0.368511 0.349792 0.0184006 0.0606204 49
0 0.0119189 0.5757 0.0233997 0.0604669 50
0 0.0790285 0.458767 0.0268954 0.0741222 51
0 0.220708 0.576838 0.0535154 0.121941 52
0 0.292616 0.165163 0.0103239 0.0456832 53
