0 0.514474 0.574335 0.0244189 0.120092 1
0 0.0239419 0.326906 0.0214521 0.0792679 2
0 0.557155 0.449871 0.0203913 0.103751 3
0 0.546514 0.675928 0.0284541 0.153934 4
0 0.38051 0.16982 0.0117747 0.0485598 5
0 0.414111 0.472994 0.0215094 0.102139 6
0 0.337612 0.558481 0.0260853 0.12167 7
0 0.48339 0.48144 0.0288073 0.100622 8
0 0.0788248 0.281168 0.0168816 0.0713849 9
0 0.0927472 0.690977 0.0502019 0.129797 10
0 0.263599 0.485021 0.028337 0.116529 11
0 0.113791 0.67377 0.0310816 0.145224 12
0 0.439758 0.495005 0.0214295 0.100827 13
0 0.2019 0.289555 0.0204206 0.07208 14
0 0.414795 0.308466 0.0149202 0.0756572 15
0 0.0882201 0.403356 0.0264209 0.0733859 16
0 0.222382 0.447047 0.0255604 0.101855 17
0 0.0381753 0.262766 0.0172746 0.0652868 18
0 0.219555 0.254458 0.0172787 0.0648049 19
0 0.303918 0.293266 0.0148796 0.0648516 20
0 0.12232 0.192033 0.0140019 0.0510758 21
0 0.601107 0.358493 0.0218759 0.0743698 22
0 0.162202 0.148097 0.0131134 0.0452284 23
0 0.580552 0.431397 0.0239218 0.0904067 24
0 0.19219 0.453635 0.0234118 0.0717768 25
0 0.476843 0.141383 0.00911063 0.0413537 26
0 0.336016 0.121613 0.010893 0.0544411 27
0 0.401451 0.135073 0.0102785 0.0412378 28
0 0.201947 0.141093 0.010001 0.0342025 29
0 0.220639 0.29834 0.0192491 0.0656015 30
0 0.134555 0.4143 0.0302933 0.0713386 31
0 0.560155 0.244807 0.0125172 0.0629918 32
0 0.163425 0.586131 0.0433376 0.098909 33
0 0.00560793 0.156934 0.0112159 0.0488315 34
0 0.286276 0.0496284 0.0103595 0.0344381 35
0 0.229334 0.125132 0.00948152 0.0475382 36
0 0.36109 0.390141 0.0156619 0.0461799 37
0 0.584855 0.370827 0.0170728 0.0656897 38
0 0.142501 0.162839 0.013543 0.0433106 39
0 0.2295 0.0702872 0.00913972 0.0298709 40
0 0.301817 0.0482487 0.00971083 0.0391227 41
0 0.0687441 0.102539 0.00885179 0.0288115 42
0 0.198201 0.0807757 0.00959957 0.0280105 43
0 0.0920711 0.115717 0.00943406 0.0467139 44
1 0.133718 0.410149 0.0291695 0.0638742 45
0 0.240201 0.450384 0.0221834 0.102129 46
0 0.185449 0.502291 0.0316473 0.0788809 47
0 0.00434019 0.142276 0.00868039 0.0464482 48
0 0.57681 0.36238 0.0201317 0.0693187 49
0 0.0329398 0.268076 0.0141696 0.0694384 50
1 0.25683 0.181627 0.0131365 0.0295425 51
0 0.350797 0.0274898 0.01097 0.0291896 52
0 0.337552 0.0714338 0.00918141 0.0377853 53
0 0.223996 0.357735 0.0257779 0.0848507 54
0 0.489659 0.317143 0.0167238 0.0466111 55
0 0.0841964 0.682898 0.0298407 0.108114 56
0 0.336282 0.371792 0.0258443 0.0827019 57
0 0.416683 0.132828 0.0117584 0.0416729 58
