0 0.693513 0.673064 0.0294043 0.128205 1
0 0.293096 0.604396 0.032443 0.127255 2
0 0.738174 0.514547 0.0241291 0.114042 3
0 0.636089 0.490238 0.0256361 0.0994792 4
0 0.327208 0.364913 0.0170235 0.0786927 5
0 0.570849 0.563551 0.0253679 0.11676 6
0 0.0758778 0.399865 0.0251132 0.0989314 7
0 0.50776 0.474329 0.0277168 0.105207 8
0 0.0653901 0.174658 0.0143723 0.0511792 9
0 0.323985 0.945745 0.0307025 0.10851 10
0 0.476432 0.461917 0.0219692 0.0894249 11
0 0.476686 0.553569 0.0263176 0.104214 12
0 0.0522098 0.233563 0.0182368 0.0604465 13
0 0.233924 0.572782 0.0299068 0.127089 14
0 0.18393 0.673049 0.0654981 0.112294 15
0 0.0350167 0.344534 0.0237557 0.0789615 16
0 0.0475004 0.411876 0.0259992 0.079413 17
0 0.205111 0.19827 0.0127055 0.0505814 18
0 0.416516 0.27046 0.0146616 0.0647736 19
0 0.529148 0.374896 0.019325 0.0710564 20
0 0.207147 0.571293 0.0268171 0.116479 21
0 0.149972 0.589567 0.0429252 0.0803867 22
0 0.279726 0.903546 0.0378083 0.185925 23
0 0.639472 0.31427 0.0149849 0.0646623 24
0 0.202768 0.388523 0.0213396 0.0685446 25
0 0.268963 0.242562 0.0118675 0.0468708 26
0 0.506025 0.378329 0.0210722 0.0649418 27
0 0.216457 0.768906 0.048514 0.119144 28
0 0.256115 0.164258 0.0103562 0.0436395 29
0 0.148055 0.175895 0.0119894 0.0481298 30
0 0.474436 0.646369 0.0298425 0.127063 31
1 0.218399 0.766079 0.0377658 0.109719 32
0 0.306219 0.465019 0.0203513 0.0508537 33
0 0.771121 0.287895 0.0137444 0.0421191 34
0 0.0073908 0.247624 0.0147348 0.0395628 35
0 0.140227 0.488397 0.028253 0.0616475 36
0 0.0800749 0.460192 0.0287328 0.0749584 37
0 0.0563356 0.572614 0.0409815 0.0733052 38
1 0.18915 0.667966 0.0555414 0.111607 39
0 0.0948313 0.460409 0.0324875 0.0959108 40
0 0.522871 0.380794 0.0208763 0.0641376 41
0 0.283457 0.473027 0.0193347 0.056515 42
0 0.596532 0.258478 0.012837 0.0480435 43
0 0.15676 0.146087 0.0101959 0.049128 44
0 0.245944 0.781111 0.0354732 0.0953761 45
1 0.375594 0.341295 0.0277718 0.0713906 46
0 0.0402045 0.376249 0.0298298 0.105263 47
0 0.153259 0.148469 0.0115423 0.0491997 48
1 0.249147 0.428271 0.0260101 0.0550064 49
