0 0.52972 0.558383 0.0288286 0.1139 1
0 0.25715 0.849303 0.0521637 0.150984 2
0 0.282688 0.700919 0.0403663 0.144607 3
0 0.437228 0.937138 0.0588289 0.125161 4
0 0.0981232 0.565854 0.0277629 0.0966709 5
0 0.20187 0.429888 0.0214221 0.106877 6
0 0.50474 0.502084 0.0252808 0.115815 7
0 0.384233 0.714885 0.0427942 0.163255 8
0 0.383805 0.936985 0.0525423 0.126029 9
0 0.614599 0.58603 0.032532 0.124677 10
0 0.656013 0.440932 0.0254629 0.100718 11
0 0.2343 0.715017 0.0344582 0.143459 12
0 0.0247193 0.42693 0.0225542 0.0683126 13
0 0.610743 0.46544 0.0270781 0.104466 14
0 0.461871 0.505442 0.0337969 0.153237 15
0 0.150853 0.777605 0.0499654 0.116147 16
0 0.0263415 0.658472 0.0516993 0.0803557 17
0 0.277343 0.35105 0.0147262 0.0609908 18
0 0.131671 0.538788 0.0319308 0.0660172 19
0 0.563352 0.397949 0.0203918 0.0505123 20
0 0.592438 0.246306 0.0145557 0.0424785 21
0 0.214905 0.295993 0.0186383 0.0540868 22
0 0.456251 0.482253 0.0235737 0.110511 23
0 0.254526 0.281689 0.0145506 0.0622181 24
0 0.412964 0.390231 0.021407 0.0761559 25
0 0.39469 0.399216 0.0175473 0.0649856 26
0 0.0405603 0.242492 0.0122305 0.0407135 27
0 0.578771 0.970786 0.0462871 0.058427 28
0 0.47314 0.464923 0.0202385 0.0903751 29
0 0.592378 0.270781 0.0158455 0.0720322 30
