0 0.0667536 0.560122 0.0274026 0.0980051 1
0 0.348887 0.699391 0.0310621 0.146183 2
0 0.24654 0.67999 0.0369245 0.137578 3
0 0.19245 0.70184 0.0401919 0.148751 4
0 0.49044 0.546876 0.0296786 0.119551 5
0 0.0212521 0.444461 0.0197651 0.071698 6
0 0.215671 0.829018 0.0522781 0.153661 7
0 0.578338 0.518758 0.028463 0.106382 8
0 0.526858 0.509436 0.0221242 0.111356 9
0 0.460449 0.517889 0.0346468 0.115648 10
0 0.583214 0.918381 0.0482246 0.161629 11
0 0.335562 0.918921 0.0569752 0.12905 12
0 0.383038 0.92277 0.0722898 0.138331 13
0 0.542273 0.427362 0.0223589 0.0889708 14
0 0.179088 0.425567 0.026654 0.0977766 15
0 0.117409 0.759934 0.0583457 0.109399 16
0 0.408245 0.557486 0.0339161 0.130129 17
0 0.261835 0.339128 0.0172729 0.045866 18
0 0.47587 0.45217 0.0186261 0.0740989 19
0 0.190186 0.307269 0.0177235 0.0647912 20
0 0.388573 0.385839 0.0191384 0.0694399 21
0 0.210823 0.541512 0.0248557 0.0669117 22
0 0.0985045 0.531633 0.0368321 0.076305 23
0 0.520108 0.960908 0.0477297 0.0780054 24
0 0.00913792 0.655927 0.0181229 0.068165 25
0 0.455443 0.299418 0.00978606 0.0471141 26
0 0.375772 0.386978 0.021401 0.0701624 27
0 0.578839 0.247114 0.0102421 0.0387023 28
0 0.215157 0.398211 0.031245 0.0701726 29
0 0.0708308 0.206465 0.00973666 0.039041 30
0 0.0277316 0.234937 0.0111093 0.0508335 31
