0 0.296937 0.878824 0.0333585 0.140923 1
0 0.556575 0.552517 0.028458 0.109508 2
0 0.630914 0.633363 0.0310937 0.130679 3
0 0.245622 0.891607 0.039815 0.18709 4
0 0.485274 0.488898 0.0250123 0.101476 5
0 0.21107 0.555436 0.0273002 0.117762 6
0 0.343425 0.361628 0.0166397 0.0791598 7
0 0.100934 0.373581 0.0203733 0.07897 8
0 0.697771 0.505355 0.0251074 0.106984 9
0 0.098395 0.168533 0.0146809 0.05324 10
0 0.5971 0.481211 0.0237995 0.105883 11
0 0.541123 0.376774 0.0195187 0.0683556 12
0 0.238147 0.556695 0.023569 0.126219 13
0 0.456347 0.63427 0.0326752 0.152463 14
0 0.519052 0.378961 0.0198964 0.0653855 15
0 0.451557 0.535245 0.0332939 0.136324 16
0 0.38562 0.34948 0.0181467 0.0586591 17
0 0.0670001 0.331267 0.0172008 0.0713496 18
0 0.158613 0.567907 0.0281819 0.0754558 19
0 0.0507367 0.234489 0.0165356 0.03664 20
0 0.292954 0.461056 0.0207765 0.0548 21
0 0.07305 0.379731 0.0227332 0.0782622 22
0 0.125232 0.217852 0.0140182 0.050006 23
0 0.262965 0.160476 0.0098154 0.0423215 24
0 0.31811 0.455727 0.0180128 0.0509833 25
0 0.290596 0.160807 0.00986515 0.0396114 26
0 0.184954 0.647062 0.059101 0.108842 27
0 0.214932 0.368934 0.0182641 0.0640483 28
0 0.0643548 0.0886365 0.0112831 0.0470394 29
0 0.586809 0.311991 0.0158497 0.0694038 30
0 0.404396 0.346922 0.020834 0.0563739 31
0 0.452811 0.502623 0.0245091 0.0817195 32
1 0.257539 0.415791 0.0355875 0.0528234 33
0 0.0688793 0.548977 0.0393338 0.0715745 34
1 0.188751 0.647228 0.0521612 0.109918 35
0 0.442205 0.256043 0.0136444 0.0483263 36
0 0.022344 0.0704566 0.0112507 0.0413763 37
0 0.00519093 0.079253 0.0103819 0.0400136 38
0 0.795437 0.298217 0.0124212 0.0466337 39
0 0.156676 0.469927 0.0216228 0.0541823 40
0 0.53382 0.379184 0.0199171 0.0664971 41
0 0.106765 0.442896 0.0218892 0.0791514 42
0 0.315853 0.144702 0.00946054 0.0451236 43
0 0.190209 0.145916 0.0112274 0.0410841 44
