0 0.560057 0.448134 0.0261609 0.104388 1
0 0.108597 0.272489 0.0258602 0.0700302 2
0 0.262232 0.478228 0.0313855 0.116189 3
0 0.484285 0.479846 0.0258549 0.115409 4
0 0.439291 0.497053 0.0228144 0.104802 5
0 0.523251 0.582469 0.0283231 0.123079 6
0 0.345668 0.575278 0.0265898 0.127665 7
0 0.0509145 0.306112 0.021676 0.0756263 8
0 0.0618308 0.254498 0.017798 0.0603228 9
0 0.394885 0.173803 0.0129668 0.0524348 10
0 0.534795 0.672394 0.0289296 0.152144 11
0 0.0853806 0.67667 0.0389351 0.131371 12
0 0.411811 0.472343 0.0244063 0.0994753 13
0 0.0111956 0.28967 0.0212243 0.0751562 14
0 0.109218 0.662425 0.032117 0.141467 15
0 0.606229 0.361304 0.0183457 0.0809971 16
0 0.422684 0.306393 0.0146496 0.0765428 17
0 0.350922 0.122756 0.0117545 0.0570283 18
0 0.17947 0.141197 0.0123926 0.0483083 19
0 0.0978893 0.39507 0.0278478 0.0741291 20
0 0.161398 0.160239 0.0118186 0.044921 21
0 0.312326 0.283847 0.0172528 0.0606768 22
0 0.231149 0.253161 0.0162772 0.0645365 23
0 0.0074131 0.173788 0.014126 0.0453312 24
0 0.491945 0.141604 0.0102226 0.041093 25
0 0.229744 0.438222 0.0300814 0.113487 26
0 0.416795 0.136013 0.0109822 0.0419535 27
0 0.583294 0.363712 0.0186402 0.0624918 28
0 0.0258549 0.151876 0.01362 0.0534066 29
0 0.141071 0.191633 0.013191 0.0501176 30
0 0.602226 0.443872 0.0257513 0.0770872 31
0 0.370407 0.0257397 0.00873232 0.029051 32
0 0.212447 0.282905 0.016992 0.0651961 33
0 0.246407 0.124627 0.0096104 0.0477162 34
0 0.307239 0.0481744 0.00846032 0.0366188 35
0 0.128924 0.192635 0.012917 0.0471156 36
0 0.230716 0.309955 0.0171868 0.0586577 37
0 0.321319 0.0462453 0.00857696 0.0384243 38
0 0.08338 0.101949 0.00844793 0.0293445 39
0 0.239563 0.382881 0.0171801 0.0620623 40
0 0.570204 0.245825 0.0151236 0.0658709 41
0 0.342659 0.365018 0.0275091 0.0860584 42
0 0.21877 0.13905 0.00979805 0.0364845 43
1 0.165591 0.569453 0.037499 0.093951 44
0 0.00530123 0.161294 0.0106025 0.0541026 45
0 0.457202 0.133847 0.011388 0.0432468 46
0 0.303816 0.114956 0.00856161 0.041158 47
1 0.343531 0.364221 0.02765 0.0869335 48
0 0.198655 0.446882 0.0236538 0.0731732 49
