0 0.54182 0.444167 0.0249603 0.0999875 1
0 0.477084 0.479217 0.0209768 0.10199 2
0 0.437519 0.488896 0.0213122 0.101824 3
0 0.102811 0.637323 0.0372037 0.138339 4
0 0.0526036 0.273856 0.0187935 0.0745739 5
0 0.627806 0.448727 0.0216721 0.102766 6
0 0.53187 0.564504 0.0223513 0.0866175 7
0 0.374335 0.574072 0.0406763 0.129839 8
0 0.265999 0.466872 0.0284204 0.116515 9
0 0.417863 0.172583 0.0105149 0.0495696 10
0 0.146796 0.258523 0.017312 0.0708589 11
0 0.531466 0.668725 0.0260215 0.137739 12
0 0.0893826 0.644058 0.0410953 0.126219 13
0 0.193208 0.152108 0.0115036 0.0414084 14
0 0.437337 0.304492 0.0176577 0.0766309 15
0 0.410688 0.469134 0.0236859 0.10157 16
0 0.233208 0.276223 0.0153083 0.0675151 17
0 0.0887903 0.243 0.0185963 0.0626179 18
0 0.158473 0.394786 0.0265663 0.0662939 19
0 0.211756 0.137544 0.0109416 0.0470062 20
0 0.353211 0.362967 0.023583 0.0825628 21
0 0.58922 0.246833 0.0128441 0.0615383 22
0 0.0652688 0.138106 0.0114514 0.0495033 23
0 0.614661 0.36031 0.01882 0.0723093 24
0 0.253574 0.244772 0.0148309 0.0600789 25
0 0.00594159 0.325187 0.0118832 0.073742 26
0 0.373952 0.113397 0.0106633 0.0488718 27
0 0.594031 0.359579 0.0187066 0.0657894 28
0 0.251934 0.129877 0.00952423 0.0379135 29
0 0.113485 0.380363 0.0233342 0.0703591 30
0 0.0438976 0.164778 0.0144881 0.042668 31
0 0.161854 0.181503 0.0132913 0.0466394 32
0 0.533872 0.131918 0.0086615 0.0405974 33
0 0.118587 0.0992744 0.00988722 0.0260221 34
0 0.265519 0.0733487 0.0086585 0.0313266 35
0 0.345617 0.0459887 0.00737785 0.0332365 36
0 0.408098 0.0247774 0.00869674 0.0265391 37
0 0.247199 0.353155 0.0225958 0.0793759 38
0 0.0966492 0.29342 0.020566 0.0659838 39
0 0.518688 0.136088 0.00910695 0.0388333 40
0 0.447226 0.13059 0.00944578 0.0365109 41
0 0.0309657 0.0837108 0.00975754 0.0443459 42
0 0.276213 0.11915 0.0102165 0.0422792 43
0 0.149442 0.184114 0.0143294 0.0483609 44
1 0.193255 0.483312 0.0283008 0.0782708 45
0 0.0272788 0.0775459 0.0101869 0.0432334 46
0 0.0064175 0.0743748 0.0111512 0.0316778 47
0 0.247236 0.281639 0.0157573 0.0743662 48
0 0.0126999 0.421398 0.0253998 0.066124 49
0 0.0371172 0.164873 0.0126524 0.0429488 50
1 0.326649 0.260699 0.0147785 0.0511609 51
1 0.502856 0.306364 0.0198694 0.0535772 52
0 0.358779 0.0456064 0.00714693 0.034632 53
0 0.377461 0.383818 0.0132091 0.0471761 54
0 0.13663 0.396153 0.0224382 0.0485977 55
0 0.23185 0.434273 0.026262 0.0895528 56
0 0.25415 0.460037 0.0261763 0.11975 57
0 0.369604 0.0504369 0.00788907 0.0321482 58
0 0.371432 0.10684 0.00931454 0.043772 59
0 0.0997549 0.320454 0.0223205 0.0597079 60
0 0.0508492 0.160466 0.0125434 0.0442619 61
0 0.326762 0.261293 0.0163057 0.0522959 62
0 0.483887 0.137368 0.0109963 0.0370263 63
0 0.463873 0.138386 0.010449 0.036065 64
0 0.289187 0.0657057 0.00948218 0.0270435 65
0 0.208256 0.437297 0.0203377 0.076099 66
