0 0.671787 0.654133 0.0328225 0.127923 1
0 0.724242 0.516302 0.0314602 0.107786 2
0 0.566032 0.561972 0.0262831 0.112274 3
0 0.333134 0.362699 0.0179724 0.0811918 4
0 0.31301 0.919597 0.0306956 0.133725 5
0 0.183326 0.661198 0.0653662 0.115724 6
0 0.287715 0.593314 0.0360192 0.136547 7
0 0.49475 0.48174 0.0236261 0.0998801 8
0 0.464594 0.481093 0.0237711 0.091345 9
0 0.617793 0.485374 0.0263628 0.109634 10
0 0.0858673 0.391322 0.0244694 0.0968053 11
0 0.209115 0.564896 0.0294501 0.122478 12
0 0.232644 0.565874 0.031754 0.129039 13
0 0.0507653 0.33906 0.0255578 0.0815734 14
0 0.0647009 0.564698 0.0329467 0.066252 15
0 0.471405 0.65176 0.0400928 0.127099 16
0 0.206824 0.379298 0.0208449 0.0708747 17
0 0.510825 0.379099 0.0207522 0.0638314 18
0 0.1522 0.579167 0.0416797 0.0790973 19
1 0.212584 0.760217 0.0389886 0.107681 20
0 0.533131 0.374793 0.0202535 0.0721339 21
0 0.431455 0.270928 0.0162458 0.060144 22
0 0.0589464 0.39994 0.0243418 0.0876882 23
0 0.0786709 0.178933 0.0152545 0.0558662 24
0 0.00444097 0.0796297 0.00861901 0.0477235 25
0 0.0835659 0.22621 0.0176654 0.0527647 26
0 0.27297 0.16325 0.0121696 0.0441241 27
0 0.055038 0.37764 0.0308994 0.120324 28
0 0.782113 0.291905 0.0136067 0.0494145 29
0 0.0127026 0.0339516 0.0152704 0.053635 30
0 0.268877 0.851024 0.0336845 0.0996687 31
0 0.244741 0.422232 0.0275515 0.0522772 32
0 0.265202 0.900481 0.0380178 0.186829 33
0 0.679433 0.421302 0.0211161 0.0556581 34
0 0.221916 0.187137 0.0156597 0.0653739 35
0 0.311374 0.459983 0.0221791 0.0544205 36
0 0.394517 0.349725 0.0197131 0.0583903 37
0 0.0252455 0.238952 0.0181004 0.0408604 38
0 0.474626 0.579399 0.0360969 0.118089 39
0 0.380061 0.341082 0.0240546 0.0736019 40
0 0.280593 0.163241 0.0124145 0.0459781 41
0 0.240485 0.157024 0.0113147 0.0511812 42
0 0.287927 0.469579 0.0227781 0.0528971 43
0 0.0977752 0.481136 0.0328272 0.0894173 44
0 0.302998 0.144364 0.012043 0.0456541 45
0 0.29808 0.146167 0.0112416 0.0485463 46
0 0.103981 0.156907 0.0115201 0.049233 47
0 0.140286 0.482877 0.0357086 0.0603452 48
