0 0.447145 0.838144 0.0441815 0.175147 1
0 0.192481 0.804841 0.0518252 0.145413 2
0 0.321594 0.677425 0.03492 0.156877 3
0 0.525198 0.541844 0.025831 0.109308 4
0 0.39077 0.49555 0.0281451 0.118601 5
0 0.0628636 0.542881 0.0281493 0.0964445 6
0 0.504743 0.445913 0.0234062 0.100119 7
0 0.561688 0.51974 0.0299279 0.101905 8
0 0.417628 0.508892 0.0235502 0.110853 9
0 0.30647 0.891396 0.0571685 0.142723 10
0 0.1046 0.73567 0.0539317 0.100472 11
0 0.222879 0.668927 0.0447855 0.145375 12
0 0.182095 0.411433 0.0233766 0.0961106 13
0 0.0469239 0.464131 0.0270573 0.0932614 14
0 0.35013 0.899318 0.0752549 0.135722 15
0 0.466145 0.449072 0.0239987 0.097168 16
0 0.475416 0.949354 0.0444142 0.100634 17
0 0.284691 0.285238 0.0138732 0.0597551 18
0 0.175109 0.679749 0.0405402 0.144738 19
0 0.0987485 0.514999 0.0401995 0.0727989 20
0 0.173015 0.409341 0.0290468 0.100045 21
0 0.194752 0.300159 0.0172819 0.0693321 22
0 0.22716 0.443861 0.0183665 0.0783923 23
0 0.449125 0.542302 0.0369718 0.0876455 24
0 0.461595 0.526558 0.0302419 0.134355 25
0 0.541249 0.379401 0.0198078 0.0489621 26
0 0.371201 0.380538 0.0225961 0.0722999 27
0 0.457228 0.291012 0.0115051 0.048157 28
0 0.52678 0.954291 0.0308382 0.0912451 29
0 0.389163 0.379925 0.0199194 0.06477 30
0 0.206802 0.367106 0.0230662 0.0950996 31
