0 0.481156 0.620123 0.0293818 0.127086 1
0 0.472215 0.478364 0.0220026 0.0953631 2
0 0.521362 0.456467 0.0232693 0.112765 3
0 0.234991 0.508576 0.0257127 0.116889 4
0 0.275549 0.540652 0.0294976 0.125852 5
0 0.343491 0.457572 0.0292471 0.108959 6
0 0.0306044 0.192371 0.0187001 0.069647 7
0 0.44685 0.527414 0.0272163 0.156263 8
0 0.369103 0.332481 0.0159319 0.0759011 9
0 0.211787 0.507944 0.025983 0.108284 10
0 0.567488 0.367569 0.0193233 0.070022 11
0 0.26447 0.193693 0.0126683 0.0531962 12
0 0.090512 0.149503 0.0118123 0.0415919 13
0 0.168168 0.813477 0.0376523 0.134588 14
0 0.196493 0.150921 0.011873 0.0513028 15
0 0.0678794 0.17097 0.0138779 0.0493531 16
0 0.0366351 0.10247 0.0111903 0.0320852 17
0 0.153703 0.336896 0.0206071 0.0831809 18
0 0.0323131 0.474959 0.0271313 0.0800957 19
0 0.492106 0.247461 0.0123036 0.0501717 20
1 0.426475 0.321938 0.0212368 0.0606693 21
0 0.437452 0.457565 0.0222004 0.0881007 22
0 0.378482 0.155374 0.010012 0.0432363 23
0 0.115168 0.135503 0.0109785 0.0431773 24
0 0.1329 0.063454 0.00972969 0.0364622 25
0 0.544367 0.368554 0.0180414 0.0587157 26
0 0.272078 0.510516 0.0237461 0.0679159 27
0 0.19341 0.725697 0.0355971 0.168327 28
0 0.131655 0.296744 0.0188099 0.0760529 29
0 0.329346 0.149618 0.0103641 0.041082 30
0 0.118448 0.0950853 0.00912409 0.0322459 31
1 0.188608 0.704312 0.041004 0.145536 32
0 0.280165 0.354573 0.0185817 0.0832959 33
0 0.195859 0.0433092 0.00839454 0.0427267 34
0 0.373173 0.153232 0.010606 0.044642 35
0 0.153817 0.0616163 0.00870761 0.0433991 36
0 0.143502 0.208787 0.0162378 0.0370149 37
0 0.403574 0.258139 0.0114833 0.0472 38
1 0.175066 0.516163 0.030878 0.077386 39
0 0.131787 0.325543 0.0234017 0.104055 40
1 0.189737 0.4257 0.0217218 0.0565159 41
0 0.460454 0.19173 0.0104343 0.0509237 42
0 0.395442 0.150091 0.0101839 0.0462188 43
