0 0.707632 0.631589 0.0327004 0.126176 1
0 0.523558 0.458324 0.0291794 0.112067 2
0 0.339305 0.615166 0.036947 0.136379 3
0 0.552458 0.561367 0.0217539 0.112907 4
0 0.357628 0.917682 0.0566998 0.156194 5
0 0.712495 0.497081 0.0272978 0.107089 6
0 0.25521 0.586721 0.0341326 0.131913 7
0 0.0457505 0.41332 0.025532 0.0890878 8
0 0.308044 0.369707 0.0195604 0.0848578 9
0 0.599655 0.478349 0.0276003 0.105316 10
0 0.262588 0.794548 0.0533844 0.121468 11
0 0.563922 0.432595 0.0215281 0.0906347 12
0 0.470447 0.565926 0.0308145 0.13089 13
0 0.0112409 0.43216 0.0224818 0.0811862 14
0 0.0137309 0.733984 0.0274149 0.10857 15
0 0.224795 0.579747 0.0254116 0.110563 16
0 0.2426 0.259305 0.0127393 0.0474387 17
0 0.466138 0.532159 0.0397999 0.202935 18
0 0.1651 0.612817 0.0432496 0.0829259 19
0 0.302619 0.79851 0.0404979 0.0973724 20
0 0.378888 0.270605 0.0139201 0.0701721 21
0 0.193673 0.162483 0.0152624 0.0569805 22
0 0.12802 0.50833 0.0321328 0.0645262 23
0 0.363946 0.354383 0.0255099 0.105683 24
0 0.0107406 0.612576 0.0211851 0.060229 25
0 0.134342 0.176009 0.014164 0.0506153 26
0 0.509461 0.368089 0.0189962 0.0736636 27
0 0.460445 0.480282 0.0295042 0.100771 28
0 0.34897 0.342687 0.033691 0.0881875 29
1 0.011379 0.610453 0.0227581 0.0591453 30
0 0.65966 0.399453 0.0237202 0.051565 31
0 0.60907 0.298801 0.013135 0.0468591 32
0 0.492095 0.376405 0.0182999 0.0605072 33
1 0.216599 0.441453 0.0327247 0.0613532 34
0 0.0767694 0.482333 0.0327784 0.0970999 35
0 0.205024 0.440822 0.0289343 0.079443 36
0 0.230336 0.137375 0.00994253 0.0409479 37
1 0.237704 0.439816 0.0213776 0.0605474 38
