0 0.35077 0.700814 0.031138 0.146498 1
0 0.0677707 0.559839 0.0278326 0.0958995 2
0 0.247362 0.679859 0.0350574 0.133708 3
0 0.494017 0.54828 0.0273432 0.119933 4
0 0.579089 0.517991 0.0288034 0.106061 5
0 0.0210839 0.443822 0.0191365 0.0738227 6
0 0.195801 0.702624 0.0369282 0.15151 7
0 0.46508 0.517171 0.0332722 0.113238 8
0 0.527345 0.509551 0.0225074 0.110301 9
0 0.21641 0.827706 0.0530133 0.156959 10
0 0.545609 0.42821 0.0223272 0.0986077 11
0 0.180244 0.425596 0.0273501 0.0998059 12
0 0.589233 0.920964 0.0530388 0.156801 13
0 0.338362 0.920105 0.0583135 0.129973 14
0 0.118094 0.76203 0.0583345 0.109535 15
0 0.384503 0.921057 0.071543 0.136617 16
0 0.40901 0.555998 0.032496 0.125802 17
0 0.523344 0.961074 0.0469533 0.0776934 18
0 0.389304 0.385954 0.0196241 0.069605 19
0 0.190784 0.308308 0.0162602 0.0641738 20
0 0.45601 0.305603 0.0115503 0.0587941 21
0 0.0115059 0.653441 0.0227353 0.068994 22
0 0.376504 0.386486 0.0217612 0.0692072 23
0 0.266673 0.286854 0.0137267 0.06032 24
0 0.476464 0.453114 0.0200911 0.0763279 25
0 0.103409 0.531285 0.0333757 0.0727648 26
0 0.262991 0.337574 0.0176284 0.0493692 27
0 0.215221 0.39769 0.0313707 0.0672906 28
0 0.579067 0.245103 0.0103878 0.0365143 29
0 0.211398 0.542228 0.023127 0.0672458 30
0 0.317412 0.285871 0.0119077 0.0450817 31
