0 0.651976 0.569559 0.0292219 0.118163 1
0 0.525727 0.507222 0.0237553 0.10513 2
0 0.198013 0.872577 0.0499283 0.196137 3
0 0.323135 0.611976 0.0305647 0.13214 4
0 0.255519 0.594767 0.03724 0.131641 5
0 0.567169 0.521552 0.0288818 0.118444 6
0 0.0846437 0.263422 0.0167088 0.0545697 7
0 0.419928 0.916398 0.0497274 0.166275 8
0 0.270684 0.362981 0.0184272 0.0970615 9
0 0.148284 0.63588 0.0481794 0.0876326 10
0 0.292691 0.809911 0.051172 0.132726 11
0 0.213797 0.597126 0.0326781 0.128342 12
0 0.0710745 0.166752 0.0125478 0.0542524 13
0 0.449839 0.482716 0.0226476 0.114652 14
0 0.33698 0.809566 0.0530706 0.112385 15
0 0.495923 0.447149 0.0306768 0.126964 16
0 0.399476 0.49566 0.0387279 0.11864 17
2 0.0228522 0.636269 0.0457045 0.0890174 18
0 0.0210026 0.185723 0.0147479 0.0459956 19
0 0.0482239 0.173034 0.0136795 0.0561939 20
0 0.311629 0.351706 0.026952 0.0605318 21
0 0.447909 0.361061 0.016898 0.0632683 22
0 0.0779081 0.529686 0.0420214 0.069677 23
0 0.0119883 0.497602 0.0238666 0.0894638 24
0 0.617658 0.377844 0.0223623 0.0506606 25
0 0.15269 0.470412 0.0200393 0.0908154 26
0 0.303796 0.375855 0.016813 0.0732435 27
1 0.191781 0.449639 0.0243663 0.0598202 28
0 0.460903 0.354653 0.0166163 0.0688186 29
0 0.509085 0.974746 0.024612 0.050508 30
0 0.464436 0.312464 0.0130986 0.0495615 31
0 0.552285 0.285599 0.0142763 0.0566435 32
0 0.25081 0.2982 0.0174491 0.0468261 33
0 0.223368 0.201768 0.0109452 0.0548321 34
0 0.477242 0.348201 0.017244 0.0699521 35
2 0.220045 0.688518 0.0555908 0.10254 36
0 0.310989 0.268618 0.0116821 0.0598476 37
