0 0.571905 0.616744 0.0396601 0.123514 1
0 0.441009 0.937233 0.0587914 0.118793 2
0 0.664422 0.443465 0.0237497 0.0987367 3
0 0.233304 0.719726 0.0379423 0.149838 4
0 0.385983 0.716608 0.0425987 0.159723 5
0 0.625627 0.484332 0.022562 0.108853 6
0 0.283434 0.700992 0.0391765 0.140442 7
0 0.490782 0.561416 0.0333761 0.120618 8
0 0.191894 0.436217 0.0234467 0.107618 9
0 0.0978732 0.566446 0.0275741 0.0961404 10
0 0.385168 0.938738 0.0515243 0.122524 11
0 0.0421681 0.432819 0.0199776 0.0733302 12
0 0.258406 0.831022 0.0493223 0.11776 13
0 0.466559 0.518455 0.0289441 0.112364 14
0 0.0286871 0.659267 0.0557877 0.0822251 15
0 0.216692 0.309821 0.0153683 0.0729194 16
0 0.153615 0.779873 0.0567848 0.114216 17
0 0.514765 0.506541 0.0233212 0.10385 18
0 0.497612 0.46238 0.0225816 0.108035 19
0 0.129634 0.537292 0.0319397 0.0718895 20
0 0.564407 0.397752 0.0182652 0.0516014 21
0 0.28315 0.361773 0.014467 0.0577623 22
0 0.478819 0.453237 0.0211113 0.0879471 23
0 0.487089 0.461698 0.0253741 0.109645 24
1 0.228173 0.400767 0.0199109 0.0643962 25
0 0.414939 0.392862 0.0181156 0.0732148 26
0 0.393571 0.401163 0.017958 0.0642164 27
0 0.0402803 0.236038 0.0125143 0.0520711 28
0 0.591799 0.251043 0.0110807 0.0408107 29
0 0.292068 0.276512 0.0109715 0.0413857 30
1 0.235911 0.404424 0.0295642 0.0648587 31
