0 0.630877 0.513736 0.0324754 0.113449 1
0 0.263214 0.590826 0.0410258 0.136941 2
0 0.674276 0.58536 0.0271208 0.12936 3
0 0.330808 0.624298 0.0343933 0.129901 4
0 0.556813 0.518013 0.023056 0.111026 5
0 0.186819 0.455425 0.0246954 0.079236 6
0 0.164143 0.626222 0.0472609 0.0896824 7
0 0.0116714 0.424662 0.0231614 0.106656 8
0 0.517603 0.444077 0.0283129 0.11463 9
0 0.292214 0.806536 0.0495757 0.131377 10
0 0.131836 0.246928 0.013499 0.0511995 11
0 0.477643 0.474343 0.0197154 0.117413 12
2 0.0344186 0.618419 0.0659832 0.0854415 13
0 0.303144 0.363568 0.0220469 0.08665 14
0 0.414952 0.920548 0.0503187 0.156273 15
0 0.122751 0.164894 0.0114051 0.0571337 16
0 0.150404 0.749871 0.0536248 0.165133 17
0 0.44836 0.502006 0.0251944 0.1133 18
0 0.229198 0.594826 0.0224866 0.123931 19
0 0.0998373 0.16538 0.01278 0.0629762 20
0 0.525236 0.473412 0.0255093 0.102268 21
0 0.342087 0.353836 0.0217166 0.0672739 22
0 0.582973 0.292636 0.0151539 0.060764 23
0 0.290879 0.302754 0.0136952 0.0556904 24
0 0.338932 0.806354 0.0400067 0.104088 25
0 0.475186 0.363785 0.0193897 0.064171 26
1 0.293305 0.805279 0.0499017 0.12836 27
0 0.0469093 0.486822 0.029441 0.0833621 28
0 0.643167 0.387357 0.0251892 0.0586996 29
0 0.21857 0.442434 0.0257885 0.0644256 30
0 0.10675 0.519338 0.0415534 0.0666703 31
0 0.0755555 0.18334 0.0131616 0.0414024 32
0 0.345468 0.262134 0.0120601 0.0599649 33
0 0.584561 0.313345 0.0152706 0.0874425 34
1 0.231457 0.704084 0.0570115 0.125727 35
0 0.0406753 0.171936 0.0136381 0.0456994 36
0 0.491195 0.355315 0.0205872 0.0729918 37
1 0.109492 0.519162 0.0340953 0.0658806 38
0 0.0523446 0.180028 0.0123762 0.0413866 39
0 0.481728 0.35603 0.0182816 0.0736567 40
