0 0.481105 0.61959 0.0328838 0.131284 1
0 0.273659 0.538139 0.0301051 0.124076 2
0 0.472041 0.479172 0.025551 0.10197 3
0 0.338883 0.460692 0.0219259 0.118132 4
0 0.370768 0.331852 0.0172207 0.0760272 5
0 0.233716 0.504297 0.0262804 0.11288 6
0 0.0340185 0.473595 0.0275919 0.083144 7
0 0.519148 0.454171 0.0215903 0.116736 8
0 0.210207 0.503123 0.0236559 0.113939 9
0 0.0389669 0.190003 0.0200508 0.0625405 10
0 0.568405 0.366202 0.0208391 0.0707037 11
0 0.202608 0.149358 0.0109541 0.0477192 12
0 0.272632 0.19516 0.0130483 0.0530629 13
0 0.435094 0.458432 0.0234207 0.0981154 14
0 0.157312 0.340888 0.0248343 0.0872058 15
0 0.443994 0.553751 0.0249683 0.114642 16
0 0.545691 0.370312 0.0183663 0.0669648 17
0 0.161126 0.797792 0.0418724 0.156907 18
0 0.0944289 0.482503 0.0365256 0.0722753 19
0 0.0758192 0.171902 0.0122401 0.0499136 20
1 0.426982 0.322942 0.0227585 0.0645211 21
0 0.494425 0.247602 0.0129095 0.0511402 22
0 0.357872 0.131968 0.0122084 0.0459141 23
0 0.186953 0.752408 0.0334739 0.11214 24
0 0.141159 0.061647 0.00900421 0.0360835 25
0 0.442958 0.474921 0.0206251 0.0876329 26
0 0.133162 0.340868 0.0199862 0.0717954 27
0 0.20287 0.0429596 0.00903259 0.0453961 28
0 0.136254 0.291672 0.0174415 0.0669949 29
0 0.427502 0.323727 0.0236551 0.0650129 30
0 0.19368 0.0626497 0.00923357 0.0365022 31
0 0.098815 0.147638 0.0105868 0.0478239 32
1 0.18364 0.664173 0.0387667 0.0877103 33
0 0.707615 0.422742 0.0259495 0.0505375 34
0 0.123836 0.0926345 0.010245 0.0332071 35
0 0.045478 0.0966438 0.0118079 0.0255111 36
0 0.3308 0.146398 0.012977 0.0422952 37
1 0.191138 0.423619 0.0224681 0.0554269 38
0 0.378956 0.144425 0.00969333 0.04854 39
1 0.182769 0.590637 0.0416376 0.0859823 40
0 0.206336 0.0687269 0.0093605 0.0380597 41
