0 0.480769 0.61992 0.0306206 0.1308 1
0 0.471436 0.478063 0.0227905 0.0993986 2
0 0.274928 0.54016 0.0289295 0.126423 3
0 0.342284 0.458738 0.0279311 0.112951 4
0 0.234466 0.507432 0.0259941 0.11682 5
0 0.520224 0.45463 0.0234146 0.116885 6
0 0.211378 0.506815 0.0260013 0.109379 7
0 0.369348 0.33163 0.0165881 0.0762686 8
0 0.0325166 0.191514 0.0185166 0.0692446 9
0 0.567465 0.367144 0.0197701 0.0700755 10
0 0.446985 0.5279 0.0273952 0.163871 11
0 0.265703 0.194864 0.013464 0.0520503 12
0 0.0328037 0.474435 0.0263002 0.0806718 13
0 0.093177 0.150029 0.0110192 0.0401032 14
0 0.165593 0.808007 0.037121 0.141119 15
1 0.426567 0.322564 0.0233633 0.0637478 16
0 0.0696476 0.171685 0.013314 0.0496383 17
0 0.154935 0.338978 0.0211796 0.0845696 18
0 0.197675 0.149785 0.011139 0.0506512 19
0 0.492378 0.246709 0.0123671 0.0528764 20
0 0.1922 0.743883 0.0318697 0.129121 21
0 0.439762 0.459898 0.0263126 0.0936647 22
0 0.0928068 0.4813 0.0384599 0.0722772 23
0 0.330445 0.150419 0.00994844 0.0409889 24
0 0.0391673 0.0986757 0.0106921 0.030969 25
0 0.132636 0.292507 0.0155216 0.0660798 26
0 0.544483 0.368698 0.0193508 0.0625904 27
0 0.37901 0.156852 0.0104776 0.0441788 28
0 0.134038 0.0640454 0.00931921 0.0350706 29
0 0.197057 0.0430958 0.00764527 0.0410429 30
0 0.119416 0.0923019 0.00838027 0.0318997 31
0 0.302791 0.405564 0.0292788 0.0915243 32
0 0.132574 0.334624 0.0239194 0.0783371 33
0 0.707199 0.420504 0.023353 0.0499032 34
1 0.173966 0.514123 0.0314244 0.0752233 35
1 0.2803 0.353536 0.0189621 0.0816042 36
0 0.356497 0.130865 0.00945009 0.0424713 37
