0 0.532313 0.65934 0.0298602 0.145162 1
0 0.537781 0.441208 0.0284389 0.111147 2
0 0.478386 0.561684 0.0296282 0.113946 3
0 0.105658 0.728459 0.0534981 0.136678 4
0 0.338103 0.518107 0.0233889 0.115762 5
0 0.39132 0.315919 0.0156087 0.0756616 6
0 0.260318 0.502122 0.0277778 0.121578 7
0 0.340205 0.176104 0.0136537 0.0497926 8
0 0.438261 0.495563 0.0257136 0.103825 9
0 0.118984 0.71919 0.0364549 0.154159 10
0 0.168481 0.302318 0.0195553 0.0745724 11
0 0.0939412 0.172516 0.0111198 0.0485502 12
0 0.227508 0.468498 0.024171 0.108383 13
0 0.10998 0.158864 0.0112344 0.0416002 14
0 0.0591215 0.426831 0.0251028 0.0758557 15
0 0.0115313 0.32439 0.0209101 0.071979 16
0 0.559244 0.362388 0.0182323 0.0654794 17
0 0.582146 0.35831 0.0208054 0.0756818 18
0 0.455664 0.478659 0.0327806 0.117269 19
0 0.0581778 0.217357 0.0139828 0.0568542 20
0 0.0696364 0.21097 0.0138391 0.0520043 21
0 0.424324 0.462609 0.0234191 0.0915487 22
0 0.209029 0.476716 0.0240874 0.0876255 23
0 0.183448 0.265477 0.0161623 0.0616502 24
0 0.186708 0.30748 0.0201127 0.072058 25
0 0.529344 0.248196 0.0156237 0.0669572 26
0 0.182926 0.0747866 0.00937834 0.0274147 27
0 0.434515 0.133967 0.0120168 0.0530777 28
0 0.3536 0.14021 0.0106611 0.0388312 29
0 0.441545 0.140152 0.012997 0.0477869 30
0 0.292645 0.326171 0.0170197 0.064867 31
0 0.173587 0.476372 0.0299782 0.0823618 32
0 0.109976 0.434943 0.0331822 0.07324 33
0 0.227556 0.0531818 0.00847864 0.0349996 34
0 0.890917 0.518239 0.0186283 0.0621722 35
0 0.1492 0.149653 0.0116583 0.0461445 36
0 0.210981 0.189491 0.0135676 0.0339251 37
0 0.136063 0.0880141 0.00986862 0.0297834 38
0 0.286539 0.129879 0.0113899 0.0532573 39
0 0.316607 0.37953 0.0276897 0.0886327 40
0 0.491737 0.0982436 0.00918261 0.0404112 41
0 0.096748 0.148674 0.0100121 0.0400914 42
0 0.394682 0.143815 0.0119564 0.0386835 43
1 0.108286 0.429869 0.0303603 0.0631307 44
0 0.174146 0.53216 0.0367478 0.0775673 45
0 0.289146 0.0294987 0.00936699 0.0286427 46
0 0.207014 0.405844 0.020769 0.0804749 47
0 0.0648289 0.218129 0.0167326 0.059786 48
0 0.171658 0.131506 0.0089519 0.0360213 49
0 0.4302 0.129105 0.00954991 0.0544711 50
0 0.0208344 0.181382 0.0116234 0.0361335 51
0 0.0199711 0.0228664 0.0087293 0.0312279 52
0 0.202034 0.393238 0.0242527 0.061004 53
0 0.244655 0.0509982 0.00903186 0.0363829 54
1 0.173855 0.533162 0.0367971 0.0761537 55
1 0.44425 0.312572 0.0215176 0.0597244 56
1 0.314833 0.378653 0.0275981 0.0860835 57
