0 0.496888 0.63193 0.0342919 0.132282 1
0 0.270194 0.524446 0.0258347 0.123473 2
0 0.517811 0.447152 0.0243072 0.115884 3
0 0.34004 0.489876 0.0263166 0.111236 4
0 0.377929 0.326264 0.0174933 0.0788265 5
0 0.232237 0.492373 0.0254321 0.113249 6
0 0.128062 0.146638 0.0120406 0.0429916 7
0 0.169105 0.325933 0.0209056 0.079277 8
0 0.574714 0.363836 0.0220982 0.0711016 9
0 0.211417 0.492175 0.0272208 0.109375 10
0 0.0194788 0.212919 0.0149333 0.0436984 11
0 0.432307 0.45381 0.0228832 0.103703 12
0 0.301121 0.185778 0.0112134 0.0504039 13
0 0.232898 0.137833 0.0122304 0.0533735 14
0 0.44063 0.485315 0.0221416 0.102296 15
0 0.508057 0.24761 0.0131365 0.0536038 16
0 0.0451528 0.456134 0.0277786 0.0793922 17
0 0.0786 0.0938537 0.0093708 0.0289444 18
0 0.35538 0.149031 0.0116661 0.0425717 19
0 0.0639183 0.18083 0.0129156 0.0624678 20
0 0.473015 0.486284 0.0194635 0.107205 21
0 0.147922 0.321492 0.0229444 0.0781643 22
0 0.551102 0.36872 0.0201654 0.0636569 23
0 0.131247 0.773472 0.0448705 0.145322 24
0 0.312663 0.398813 0.025333 0.0914378 25
0 0.407293 0.140259 0.0108202 0.0551791 26
0 0.174521 0.508809 0.0292253 0.100455 27
0 0.148669 0.0819241 0.0106064 0.0332369 28
1 0.177795 0.546337 0.0424499 0.105936 29
1 0.17211 0.51326 0.0394785 0.108382 30
0 0.31512 0.139852 0.0102416 0.0379731 31
1 0.444932 0.325243 0.0223599 0.0520693 32
0 0.402409 0.143619 0.0107757 0.0543743 33
0 0.398451 0.143229 0.0106716 0.0567331 34
0 0.452834 0.543797 0.0280424 0.119964 35
0 0.103571 0.16287 0.0117049 0.0461016 36
1 0.160462 0.392997 0.0229141 0.0874156 37
0 0.390877 0.134787 0.00868152 0.049898 38
1 0.436737 0.324856 0.0217692 0.0524474 39
0 0.440664 0.325527 0.0289948 0.0562598 40
