0 0.56714 0.912883 0.0459686 0.171224 1
0 0.0647017 0.55924 0.028272 0.0975976 2
0 0.212184 0.830962 0.0516912 0.151686 3
0 0.347659 0.700515 0.0323574 0.143098 4
0 0.0215961 0.445633 0.0198371 0.0708823 5
0 0.238092 0.688941 0.0461482 0.151847 6
0 0.189109 0.702773 0.0429871 0.148073 7
0 0.485172 0.543867 0.0272271 0.117222 8
0 0.526549 0.510591 0.0233356 0.112607 9
0 0.45695 0.515696 0.0337985 0.114369 10
0 0.577911 0.517971 0.0269762 0.106398 11
0 0.329903 0.914078 0.0528727 0.125948 12
0 0.404644 0.542181 0.03698 0.162016 13
0 0.379378 0.920422 0.0736446 0.140637 14
0 0.114672 0.761905 0.0600422 0.10715 15
0 0.514265 0.959142 0.0486338 0.0795337 16
0 0.535644 0.427148 0.0241509 0.0961059 17
0 0.176889 0.423539 0.0284815 0.0961519 18
0 0.256042 0.340973 0.0181875 0.0423862 19
0 0.100985 0.529488 0.0336917 0.0727476 20
0 0.390284 0.385005 0.0198076 0.0667347 21
0 0.470863 0.462847 0.0225248 0.0979875 22
0 0.371896 0.392125 0.0193816 0.0611686 23
0 0.270056 0.282204 0.0140761 0.0539688 24
0 0.576424 0.24415 0.0109911 0.0386346 25
0 0.188863 0.306951 0.0171495 0.0645366 26
0 0.0131583 0.636208 0.0263167 0.0621118 27
0 0.453966 0.29968 0.0115935 0.049823 28
0 0.381283 0.383296 0.016652 0.0692179 29
0 0.0701986 0.202495 0.0095197 0.0383877 30
0 0.21313 0.395049 0.0301872 0.0718388 31
0 0.00893494 0.652805 0.0178699 0.0683326 32
0 0.540561 0.386552 0.0159181 0.0478009 33
