0 0.119941 0.681717 0.0548728 0.0891617 1
0 0.468278 0.63236 0.0539057 0.173898 2
0 0.154089 0.919808 0.0537399 0.159877 3
0 0.598969 0.590016 0.0386831 0.128801 4
0 0.234714 0.625761 0.0399918 0.135544 5
0 0.189955 0.637501 0.0390271 0.134704 6
0 0.530445 0.532959 0.0256226 0.118253 7
0 0.100068 0.501567 0.0245611 0.0955826 8
0 0.504947 0.439106 0.0291941 0.109637 9
0 0.404035 0.497844 0.0297081 0.118339 10
0 0.294818 0.841571 0.0563789 0.135889 11
0 0.305349 0.625873 0.0361572 0.141989 12
0 0.456051 0.927127 0.058138 0.145745 13
0 0.316865 0.719201 0.0442796 0.128527 14
0 0.376258 0.500627 0.0256099 0.118298 15
0 0.199969 0.731454 0.0466051 0.0913927 16
0 0.0369754 0.571586 0.0447848 0.0753336 17
0 0.0111953 0.302251 0.0194188 0.0554502 18
0 0.515377 0.429334 0.0216941 0.100613 19
0 0.495829 0.295526 0.0142089 0.0701324 20
0 0.106148 0.489147 0.0244423 0.108351 21
0 0.571143 0.373911 0.0197321 0.0546075 22
0 0.248024 0.420763 0.0185478 0.0660212 23
0 0.333285 0.836687 0.0713566 0.143054 24
0 0.138514 0.48003 0.0328082 0.0659771 25
0 0.219033 0.385544 0.022042 0.0939349 26
0 0.0113716 0.585246 0.0227253 0.0478782 27
0 0.248898 0.276038 0.0120636 0.0616331 28
1 0.259967 0.365489 0.0236905 0.0617949 29
0 0.490052 0.304122 0.0132692 0.0816834 30
0 0.260099 0.366816 0.0212197 0.0610687 31
0 0.113301 0.21031 0.0112445 0.0482267 32
