0 0.253389 0.594019 0.0399066 0.136585 1
0 0.339607 0.614702 0.0347797 0.140883 2
0 0.297464 0.36809 0.0187791 0.0869252 3
0 0.563794 0.484448 0.0293038 0.109411 4
0 0.684597 0.609241 0.0299403 0.126941 5
0 0.542582 0.541411 0.0276249 0.107115 6
0 0.67532 0.49766 0.0280466 0.110471 7
0 0.0244898 0.415385 0.0261575 0.0893478 8
0 0.516509 0.447295 0.0265219 0.0997382 9
0 0.463998 0.516425 0.0306089 0.166131 10
0 0.272558 0.802028 0.0522986 0.125571 11
0 0.382047 0.920101 0.0484274 0.152591 12
0 0.0654482 0.69683 0.0453666 0.160073 13
0 0.193499 0.447391 0.0229864 0.0785778 14
0 0.22317 0.592832 0.0297946 0.12661 15
0 0.322395 0.339724 0.0212773 0.0693086 16
0 0.0394915 0.185971 0.0130364 0.052092 17
0 0.153833 0.170267 0.0112966 0.0517095 18
0 0.350515 0.364339 0.0232812 0.0833461 19
0 0.160674 0.619247 0.0389008 0.0858872 20
0 0.103901 0.175351 0.0128066 0.0531506 21
0 0.0786585 0.170171 0.0155211 0.0508274 22
0 0.593557 0.295427 0.0125289 0.0476221 23
0 0.311595 0.804789 0.0419621 0.10534 24
2 0.215283 0.700432 0.0657618 0.120314 25
0 0.535562 0.427622 0.0173556 0.0864497 26
0 0.175037 0.23363 0.0138353 0.0517359 27
0 0.116652 0.514602 0.0461963 0.0673827 28
0 0.506029 0.36473 0.0198573 0.0716269 29
0 0.360823 0.270085 0.0122465 0.0642763 30
0 0.12813 0.168692 0.013136 0.0575775 31
0 0.464933 0.473254 0.0232534 0.0947127 32
0 0.041677 0.154515 0.0154182 0.0567161 33
0 0.483059 0.370938 0.0208378 0.0721656 34
0 0.651275 0.393026 0.0196012 0.0534041 35
0 0.263845 0.2754 0.0169069 0.0425106 36
0 0.00630883 0.126377 0.0122281 0.0477143 37
0 0.0576292 0.482299 0.0286693 0.0798192 38
0 0.281602 0.139204 0.00995227 0.0342257 39
