0 0.439909 0.831278 0.0491305 0.16662 1
0 0.320329 0.675467 0.0349368 0.154503 2
0 0.390497 0.495606 0.026749 0.114549 3
0 0.561935 0.522702 0.0303633 0.102782 4
0 0.192879 0.799878 0.0517275 0.137851 5
0 0.504369 0.445484 0.0232588 0.100471 6
0 0.526053 0.543694 0.0256805 0.112094 7
0 0.226365 0.66598 0.0376681 0.141981 8
0 0.063039 0.541325 0.0279206 0.0936427 9
0 0.305236 0.888697 0.0534357 0.138633 10
0 0.466662 0.445593 0.0227957 0.0911196 11
0 0.0493953 0.463577 0.0277118 0.0915655 12
0 0.181399 0.411606 0.0253521 0.0963821 13
0 0.104481 0.732277 0.053416 0.0978423 14
0 0.179068 0.67767 0.0376344 0.146308 15
0 0.474353 0.948422 0.0459969 0.103156 16
0 0.350121 0.895886 0.071157 0.129608 17
0 0.417867 0.504615 0.0235484 0.10513 18
0 0.0989271 0.515013 0.0431327 0.0717651 19
0 0.462385 0.538049 0.0277779 0.120827 20
0 0.28894 0.285849 0.0184494 0.0579411 21
0 0.227908 0.449584 0.0177851 0.0654858 22
0 0.457903 0.297478 0.0127625 0.0657857 23
0 0.371574 0.380734 0.0209118 0.0707007 24
0 0.541458 0.379915 0.0201905 0.049482 25
0 0.393074 0.379157 0.0192306 0.0634986 26
0 0.525046 0.953506 0.0306528 0.0897519 27
0 0.222379 0.388872 0.0235389 0.06772 28
0 0.204671 0.365211 0.0215869 0.0960054 29
0 0.226523 0.423139 0.0218277 0.113046 30
0 0.434249 0.548615 0.0240446 0.0856734 31
0 0.198111 0.305677 0.0198221 0.0736939 32
0 0.0110768 0.600892 0.0221535 0.0915522 33
0 0.449079 0.549276 0.0470666 0.0938248 34
