0 0.359624 0.57682 0.0423742 0.122918 1
0 0.477498 0.479034 0.0221269 0.105723 2
0 0.105196 0.640754 0.0322999 0.136686 3
0 0.624647 0.440491 0.0216802 0.104404 4
0 0.546838 0.443061 0.0245152 0.105846 5
0 0.437297 0.491526 0.0225343 0.103754 6
0 0.0438586 0.277285 0.0232991 0.0787825 7
0 0.432847 0.306326 0.0154421 0.0792637 8
0 0.138525 0.261395 0.0163189 0.0697215 9
0 0.266435 0.468201 0.0266705 0.119215 10
0 0.614724 0.359321 0.0208213 0.0742437 11
0 0.409495 0.466198 0.0245753 0.0917604 12
0 0.204904 0.136473 0.01049 0.0460508 13
0 0.0910686 0.648163 0.0452786 0.131057 14
0 0.367971 0.115042 0.0104878 0.0486763 15
0 0.109828 0.385432 0.0255436 0.0698844 16
0 0.584761 0.242419 0.0142231 0.0664763 17
0 0.248651 0.246232 0.0148441 0.0621747 18
0 0.0801325 0.245714 0.0209174 0.0639957 19
0 0.157048 0.17862 0.0113477 0.0466039 20
0 0.532034 0.569511 0.0244053 0.095551 21
0 0.185272 0.152988 0.0109656 0.0389636 22
0 0.590397 0.358777 0.0190077 0.0670796 23
0 0.268562 0.122644 0.00985536 0.0397306 24
0 0.0100616 0.430989 0.0201231 0.0676396 25
0 0.413041 0.171001 0.0121917 0.0553866 26
0 0.321346 0.274203 0.0146229 0.0606615 27
0 0.231263 0.282415 0.019806 0.0785759 28
0 0.351039 0.36465 0.0260743 0.0812884 29
0 0.5311 0.667794 0.0319967 0.138908 30
0 0.0309435 0.164199 0.0113141 0.0402215 31
0 0.0399285 0.16611 0.0113693 0.0418274 32
0 0.243436 0.132042 0.00907989 0.0392784 33
0 0.154822 0.395978 0.0270639 0.0656637 34
0 0.246007 0.363489 0.0188168 0.0875229 35
0 0.439622 0.132536 0.0113422 0.0417753 36
0 0.0557715 0.140936 0.010551 0.0444852 37
0 0.0875532 0.293623 0.0180802 0.06722 38
0 0.230044 0.433102 0.0238816 0.0937068 39
0 0.334942 0.0452342 0.00930759 0.0382543 40
0 0.109471 0.101132 0.00899827 0.0270164 41
0 0.241107 0.286823 0.01935 0.0814195 42
1 0.351554 0.362125 0.02731 0.0782424 43
0 0.351999 0.0432382 0.0107138 0.0401078 44
0 0.530236 0.122071 0.00980341 0.0405141 45
1 0.19244 0.485235 0.0301138 0.0800502 46
0 0.245615 0.271652 0.0153858 0.0749773 47
0 0.255188 0.0760425 0.00889492 0.0295857 48
0 0.348744 0.0227155 0.0101322 0.0352985 49
0 0.398534 0.0277248 0.0101582 0.0375893 50
0 0.206397 0.439056 0.020645 0.0723958 51
0 0.144127 0.185163 0.0115532 0.0468651 52
0 0.381721 0.0416384 0.010833 0.0476671 53
0 0.277124 0.068037 0.00870419 0.0259285 54
0 0.229961 0.380828 0.0203699 0.0714739 55
