0 0.702432 0.673625 0.0329762 0.132815 1
0 0.294614 0.607925 0.0335276 0.124154 2
0 0.740068 0.513396 0.0265728 0.113424 3
0 0.574537 0.562445 0.0302647 0.116736 4
0 0.0728497 0.400538 0.0244683 0.0972124 5
0 0.514339 0.469043 0.025529 0.109332 6
0 0.485384 0.458577 0.0258978 0.0994375 7
0 0.331613 0.954584 0.0308167 0.0901492 8
0 0.038949 0.236665 0.0181182 0.0612334 9
0 0.325332 0.364696 0.0165071 0.0818993 10
0 0.637795 0.497947 0.0242949 0.0902857 11
0 0.475086 0.549955 0.024957 0.107431 12
0 0.06038 0.170339 0.014948 0.0514471 13
0 0.0305387 0.351388 0.0223076 0.0797291 14
0 0.208787 0.571774 0.0257414 0.112015 15
0 0.238365 0.578252 0.0250562 0.118299 16
0 0.0405396 0.402952 0.0279154 0.0850557 17
0 0.52671 0.372804 0.019237 0.0755799 18
1 0.222895 0.765848 0.0379263 0.0978665 19
0 0.198028 0.193614 0.013023 0.0644769 20
0 0.241563 0.15272 0.0107745 0.0599116 21
0 0.201326 0.393768 0.0221424 0.0694187 22
0 0.13694 0.179388 0.0126766 0.0452483 23
0 0.15265 0.592623 0.0437161 0.0790454 24
0 0.410669 0.270628 0.013414 0.0676543 25
0 0.505275 0.376685 0.0196778 0.0654456 26
0 0.253327 0.784554 0.0261515 0.0883382 27
0 0.0599294 0.57542 0.0332812 0.0677632 28
0 0.565523 0.309521 0.0150808 0.0676707 29
0 0.14041 0.488834 0.0241899 0.0553634 30
0 0.262984 0.23761 0.0137468 0.0487863 31
0 0.288132 0.903369 0.0370518 0.170285 32
0 0.00479212 0.255143 0.00958423 0.049687 33
0 0.0948026 0.460689 0.0286963 0.0900672 34
0 0.766953 0.286079 0.0129107 0.0428827 35
0 0.216216 0.107531 0.0103024 0.0484973 36
1 0.244054 0.428572 0.0314379 0.0518195 37
0 0.638092 0.309528 0.0148323 0.0539945 38
0 0.306025 0.465075 0.0191826 0.051122 39
1 0.383998 0.344124 0.0229525 0.0681758 40
1 0.190742 0.670716 0.0540386 0.114972 41
0 0.0914764 0.485107 0.0288476 0.0945231 42
0 0.386192 0.347972 0.0197319 0.0624856 43
0 0.127295 0.495882 0.0313744 0.051359 44
0 0.140399 0.15373 0.0142874 0.0464844 45
